-108.005 26.2438 -0.942128 0.41903 3.77127 80 2 25 10 48513 0 
-108.001 26.2438 -1.90753 0.41903 3.77127 80 2 25 10 48514 0 
-107.997 26.2436 -2.8641 0.41903 3.77127 80 2 25 10 48515 0 
-107.993 26.2434 -3.81185 0.41903 3.77127 80 2 25 10 48516 0 
-107.989 26.2431 -4.75087 0.41903 3.77127 80 2 25 10 48517 0 
-107.984 26.2428 -5.68121 0.41903 3.77127 80 2 25 10 48518 0 
-107.98 26.2424 -6.60294 0.41903 3.77127 80 2 25 10 48519 0 
-107.976 26.2419 -7.51613 0.41903 3.77127 80 2 25 10 48520 0 
-107.972 26.2414 -8.42085 0.41903 3.77127 80 2 25 10 48521 0 
-107.968 26.2407 -9.31716 0.41903 3.77127 80 2 25 10 48522 0 
-107.964 26.24 -10.2051 0.41903 3.77127 80 2 25 10 48523 0 
-107.959 26.2393 -11.0848 0.41903 3.77127 80 2 25 10 48524 0 
-107.955 26.2385 -11.9563 0.41903 3.77127 80 2 25 10 48525 0 
-107.951 26.2376 -12.8196 0.41903 3.77127 80 2 25 10 48526 0 
-107.947 26.2366 -13.6748 0.41903 3.77127 80 2 25 10 48527 0 
-107.943 26.2356 -14.522 0.41903 3.77127 80 2 25 10 48528 0 
-107.938 26.2345 -15.3612 0.41903 3.77127 80 2 25 10 48529 0 
-107.934 26.2334 -16.1926 0.41903 3.77127 80 2 25 10 48530 0 
-107.93 26.2322 -17.016 0.41903 3.77127 80 2 25 10 48531 0 
-107.926 26.2309 -17.8317 0.41903 3.77127 80 2 25 10 48532 0 
-107.922 26.2296 -18.6397 0.41903 3.77127 80 2 25 10 48533 0 
-107.918 26.2282 -19.44 0.41903 3.77127 80 2 25 10 48534 0 
-107.913 26.2267 -20.2327 0.41903 3.77127 80 2 25 10 48535 0 
-107.909 26.2252 -21.0178 0.41903 3.77127 80 2 25 10 48536 0 
-107.905 26.2236 -21.7955 0.41903 3.77127 80 2 25 10 48537 0 
-107.901 26.2219 -22.5657 0.41903 3.77127 80 2 25 10 48538 0 
-107.897 26.2202 -23.3286 0.41903 3.77127 80 2 25 10 48539 0 
-107.893 26.2185 -24.0841 0.41903 3.77127 80 2 25 10 48540 0 
-107.889 26.2166 -24.8323 0.41903 3.77127 80 2 25 10 48541 0 
-107.885 26.2148 -25.5734 0.41903 3.77127 80 2 25 10 48542 0 
-107.881 26.2128 -26.3073 0.41903 3.77127 80 2 25 10 48543 0 
-107.877 26.2108 -27.0341 0.41903 3.77127 80 2 25 10 48544 0 
-107.873 26.2088 -27.7539 0.41903 3.77127 80 2 25 10 48545 0 
-107.869 26.2067 -28.4667 0.41903 3.77127 80 2 25 10 48546 0 
-107.865 26.2045 -29.1725 0.41903 3.77127 80 2 25 10 48547 0 
-107.861 26.2023 -29.8715 0.41903 3.77127 80 2 25 10 48548 0 
-107.857 26.2 -30.5636 0.41903 3.77127 80 2 25 10 48549 0 
-107.853 26.1977 -31.249 0.41903 3.77127 80 2 25 10 48550 0 
-107.849 26.1953 -31.9276 0.41903 3.77127 80 2 25 10 48551 0 
-107.845 26.1928 -32.5996 0.41903 3.77127 80 2 25 10 48552 0 
-107.841 26.1904 -33.2649 0.41903 3.77127 80 2 25 10 48553 0 
-107.837 26.1878 -33.9237 0.41903 3.77127 80 2 25 10 48554 0 
-107.833 26.1852 -34.576 0.41903 3.77127 80 2 25 10 48555 0 
-107.829 26.1826 -35.2218 0.41903 3.77127 80 2 25 10 48556 0 
-107.826 26.1799 -35.8612 0.41903 3.77127 80 2 25 10 48557 0 
-107.822 26.1771 -36.4942 0.41903 3.77127 80 2 25 10 48558 0 
-107.818 26.1743 -37.121 0.41903 3.77127 80 2 25 10 48559 0 
-107.814 26.1715 -37.7414 0.41903 3.77127 80 2 25 10 48560 0 
-107.811 26.1686 -38.3557 0.41903 3.77127 80 2 25 10 48561 0 
-107.807 26.1657 -38.9637 0.41903 3.77127 80 2 25 10 48562 0 
-107.803 26.1627 -39.5657 0.41903 3.77127 80 2 25 10 48563 0 
-107.799 26.1597 -40.1616 0.41903 3.77127 80 2 25 10 48564 0 
-107.796 26.1566 -40.7515 0.41903 3.77127 80 2 25 10 48565 0 
-107.792 26.1535 -41.3353 0.41903 3.77127 80 2 25 10 48566 0 
-107.789 26.1503 -41.9133 0.41903 3.77127 80 2 25 10 48567 0 
-107.785 26.1471 -42.4854 0.41903 3.77127 80 2 25 10 48568 0 
-107.781 26.1438 -43.0517 0.41903 3.77127 80 2 25 10 48569 0 
-107.778 26.1405 -43.6121 0.41903 3.77127 80 2 25 10 48570 0 
-107.774 26.1372 -44.1669 0.41903 3.77127 80 2 25 10 48571 0 
-107.771 26.1338 -44.7159 0.41903 3.77127 80 2 25 10 48572 0 
-107.767 26.1303 -45.2593 0.41903 3.77127 80 2 25 10 48573 0 
-107.764 26.1269 -45.7971 0.41903 3.77127 80 2 25 10 48574 0 
-107.761 26.1233 -46.3293 0.41903 3.77127 80 2 25 10 48575 0 
-107.757 26.1198 -46.856 0.41903 3.77127 80 2 25 10 48576 0 
-107.754 26.1162 -47.3773 0.41903 3.77127 80 2 25 10 48577 0 
-107.751 26.1126 -47.8931 0.41903 3.77127 80 2 25 10 48578 0 
-107.747 26.1089 -48.4035 0.41903 3.77127 80 2 25 10 48579 0 
-107.744 26.1052 -48.9086 0.41903 3.77127 80 2 25 10 48580 0 
-107.741 26.1014 -49.4084 0.41903 3.77127 80 2 25 10 48581 0 
-107.737 26.0976 -49.903 0.41903 3.77127 80 2 25 10 48582 0 
-107.734 26.0938 -50.3923 0.41903 3.77127 80 2 25 10 48583 0 
-107.731 26.0899 -50.8765 0.41903 3.77127 80 2 25 10 48584 0 
-107.728 26.086 -51.3556 0.41903 3.77127 80 2 25 10 48585 0 
-107.725 26.082 -51.8295 0.41903 3.77127 80 2 25 10 48586 0 
-107.721 26.0781 -52.2985 0.41903 3.77127 80 2 25 10 48587 0 
-107.718 26.074 -52.7624 0.41903 3.77127 80 2 25 10 48588 0 
-107.715 26.07 -53.2214 0.41903 3.77127 80 2 25 10 48589 0 
-107.712 26.0659 -53.6754 0.41903 3.77127 80 2 25 10 48590 0 
-107.709 26.0618 -54.1246 0.41903 3.77127 80 2 25 10 48591 0 
-107.706 26.0576 -54.569 0.41903 3.77127 80 2 25 10 48592 0 
-107.703 26.0534 -55.0085 0.41903 3.77127 80 2 25 10 48593 0 
-107.7 26.0492 -55.4433 0.41903 3.77127 80 2 25 10 48594 0 
-107.697 26.0449 -55.8734 0.41903 3.77127 80 2 25 10 48595 0 
-107.694 26.0406 -56.2988 0.41903 3.77127 80 2 25 10 48596 0 
-107.691 26.0363 -56.7196 0.41903 3.77127 80 2 25 10 48597 0 
-107.689 26.0319 -57.1358 0.41903 3.77127 80 2 25 10 48598 0 
-107.686 26.0275 -57.5474 0.41903 3.77127 80 2 25 10 48599 0 
-107.683 26.0231 -57.9545 0.41903 3.77127 80 2 25 10 48600 0 
-107.68 26.0186 -58.3571 0.41903 3.77127 80 2 25 10 48601 0 
-107.677 26.0141 -58.7553 0.41903 3.77127 80 2 25 10 48602 0 
-107.675 26.0096 -59.149 0.41903 3.77127 80 2 25 10 48603 0 
-107.672 26.0051 -59.5384 0.41903 3.77127 80 2 25 10 48604 0 
-107.669 26.0005 -59.9234 0.41903 3.77127 80 2 25 10 48605 0 
-107.667 25.9959 -60.3042 0.41903 3.77127 80 2 25 10 48606 0 
-107.664 25.9912 -60.6807 0.41903 3.77127 80 2 25 10 48607 0 
-107.657 25.979 -59.6704 0.41903 3.77127 80 2 25 10 48608 0 
-107.654 25.9744 -60.049 0.41903 3.77127 80 2 25 10 48609 0 
-107.647 25.9623 -59.0492 0.41903 3.77127 80 2 25 10 48610 0 
-107.645 25.9577 -59.4301 0.41903 3.77127 80 2 25 10 48611 0 
-107.642 25.953 -59.8067 0.41903 3.77127 80 2 25 10 48612 0 
-107.635 25.9409 -58.8109 0.41903 3.77127 80 2 25 10 48613 0 
-107.632 25.9363 -59.1896 0.41903 3.77127 80 2 25 10 48614 0 
-107.625 25.9243 -58.2041 0.41903 3.77127 80 2 25 10 48615 0 
-107.622 25.9197 -58.585 0.41903 3.77127 80 2 25 10 48616 0 
-107.619 25.915 -58.9616 0.41903 3.77127 80 2 25 10 48617 0 
-107.612 25.903 -57.9799 0.41903 3.77127 80 2 25 10 48618 0 
-107.609 25.8984 -58.3587 0.41903 3.77127 80 2 25 10 48619 0 
-107.602 25.8865 -57.387 0.41903 3.77127 80 2 25 10 48620 0 
-107.599 25.8819 -57.7678 0.41903 3.77127 80 2 25 10 48621 0 
-107.596 25.8772 -58.1445 0.41903 3.77127 80 2 25 10 48622 0 
-107.588 25.8654 -57.1763 0.41903 3.77127 80 2 25 10 48623 0 
-107.585 25.8607 -57.5551 0.41903 3.77127 80 2 25 10 48624 0 
-107.578 25.8489 -56.5967 0.41903 3.77127 80 2 25 10 48625 0 
-107.575 25.8443 -56.9775 0.41903 3.77127 80 2 25 10 48626 0 
-107.572 25.8396 -57.3542 0.41903 3.77127 80 2 25 10 48627 0 
-107.564 25.8278 -56.3992 0.41903 3.77127 80 2 25 10 48628 0 
-107.561 25.8232 -56.7779 0.41903 3.77127 80 2 25 10 48629 0 
-107.554 25.8115 -55.8324 0.41903 3.77127 80 2 25 10 48630 0 
-107.55 25.8069 -56.2132 0.41903 3.77127 80 2 25 10 48631 0 
-107.547 25.8022 -56.5898 0.41903 3.77127 80 2 25 10 48632 0 
-107.54 25.7905 -55.6474 0.41903 3.77127 80 2 25 10 48633 0 
-107.536 25.7859 -56.0261 0.41903 3.77127 80 2 25 10 48634 0 
-107.529 25.7743 -55.0931 0.41903 3.77127 80 2 25 10 48635 0 
-107.525 25.7696 -55.4737 0.41903 3.77127 80 2 25 10 48636 0 
-107.522 25.765 -55.8502 0.41903 3.77127 80 2 25 10 48637 0 
-107.514 25.7534 -54.9201 0.41903 3.77127 80 2 25 10 48638 0 
-107.511 25.7488 -55.2986 0.41903 3.77127 80 2 25 10 48639 0 
-107.503 25.7373 -54.3778 0.41903 3.77127 80 2 25 10 48640 0 
-107.5 25.7326 -54.7582 0.41903 3.77127 80 2 25 10 48641 0 
-107.496 25.7279 -55.1346 0.41903 3.77127 80 2 25 10 48642 0 
-107.488 25.7165 -54.2164 0.41903 3.77127 80 2 25 10 48643 0 
-107.485 25.7118 -54.5947 0.41903 3.77127 80 2 25 10 48644 0 
-107.477 25.7004 -53.6855 0.41903 3.77127 80 2 25 10 48645 0 
-107.474 25.6958 -54.0658 0.41903 3.77127 80 2 25 10 48646 0 
-107.47 25.6911 -54.442 0.41903 3.77127 80 2 25 10 48647 0 
-107.462 25.6797 -53.5353 0.41903 3.77127 80 2 25 10 48648 0 
-107.459 25.675 -53.9134 0.41903 3.77127 80 2 25 10 48649 0 
-107.45 25.6638 -53.0156 0.41903 3.77127 80 2 25 10 48650 0 
-107.447 25.6591 -53.3955 0.41903 3.77127 80 2 25 10 48651 0 
-107.443 25.6544 -53.7715 0.41903 3.77127 80 2 25 10 48652 0 
-107.435 25.6431 -52.876 0.41903 3.77127 80 2 25 10 48653 0 
-107.432 25.6385 -53.2539 0.41903 3.77127 80 2 25 10 48654 0 
-107.423 25.6273 -52.367 0.41903 3.77127 80 2 25 10 48655 0 
-107.42 25.6226 -52.7467 0.41903 3.77127 80 2 25 10 48656 0 
-107.416 25.6179 -53.1224 0.41903 3.77127 80 2 25 10 48657 0 
-107.408 25.6068 -52.2377 0.41903 3.77127 80 2 25 10 48658 0 
-107.404 25.6021 -52.6153 0.41903 3.77127 80 2 25 10 48659 0 
-107.396 25.591 -51.739 0.41903 3.77127 80 2 25 10 48660 0 
-107.392 25.5863 -52.1184 0.41903 3.77127 80 2 25 10 48661 0 
-107.388 25.5816 -52.4939 0.41903 3.77127 80 2 25 10 48662 0 
-107.38 25.5705 -51.6196 0.41903 3.77127 80 2 25 10 48663 0 
-107.376 25.5659 -51.9968 0.41903 3.77127 80 2 25 10 48664 0 
-107.367 25.5549 -51.1308 0.41903 3.77127 80 2 25 10 48665 0 
-107.364 25.5502 -51.5099 0.41903 3.77127 80 2 25 10 48666 0 
-107.36 25.5455 -51.885 0.41903 3.77127 80 2 25 10 48667 0 
-107.351 25.5345 -51.0208 0.41903 3.77127 80 2 25 10 48668 0 
-107.348 25.5298 -51.3978 0.41903 3.77127 80 2 25 10 48669 0 
-107.339 25.5189 -50.5417 0.41903 3.77127 80 2 25 10 48670 0 
-107.335 25.5142 -50.9204 0.41903 3.77127 80 2 25 10 48671 0 
-107.326 25.5034 -50.0723 0.41903 3.77127 80 2 25 10 48672 0 
-107.322 25.4987 -50.4527 0.41903 3.77127 80 2 25 10 48673 0 
-107.318 25.494 -50.8292 0.41903 3.77127 80 2 25 10 48674 0 
-107.31 25.4832 -49.9825 0.41903 3.77127 80 2 25 10 48675 0 
-107.306 25.4785 -50.3608 0.41903 3.77127 80 2 25 10 48676 0 
-107.297 25.4678 -49.5219 0.41903 3.77127 80 2 25 10 48677 0 
-107.293 25.4631 -49.9018 0.41903 3.77127 80 2 25 10 48678 0 
-107.289 25.4584 -50.2779 0.41903 3.77127 80 2 25 10 48679 0 
-107.28 25.4477 -49.4404 0.41903 3.77127 80 2 25 10 48680 0 
-107.276 25.443 -49.8181 0.41903 3.77127 80 2 25 10 48681 0 
-107.267 25.4323 -48.9883 0.41903 3.77127 80 2 25 10 48682 0 
-107.263 25.4277 -49.3676 0.41903 3.77127 80 2 25 10 48683 0 
-107.259 25.423 -49.7432 0.41903 3.77127 80 2 25 10 48684 0 
-107.25 25.4123 -48.9146 0.41903 3.77127 80 2 25 10 48685 0 
-107.246 25.4076 -49.2918 0.41903 3.77127 80 2 25 10 48686 0 
-107.237 25.3971 -48.4707 0.41903 3.77127 80 2 25 10 48687 0 
-107.232 25.3924 -48.8495 0.41903 3.77127 80 2 25 10 48688 0 
-107.228 25.3877 -49.2245 0.41903 3.77127 80 2 25 10 48689 0 
-107.219 25.3771 -48.4045 0.41903 3.77127 80 2 25 10 48690 0 
-107.215 25.3724 -48.7812 0.41903 3.77127 80 2 25 10 48691 0 
-107.206 25.3619 -47.9685 0.41903 3.77127 80 2 25 10 48692 0 
-107.202 25.3572 -48.3468 0.41903 3.77127 80 2 25 10 48693 0 
-107.192 25.3468 -47.5414 0.41903 3.77127 80 2 25 10 48694 0 
-107.188 25.3422 -47.9212 0.41903 3.77127 80 2 25 10 48695 0 
-107.184 25.3375 -48.2973 0.41903 3.77127 80 2 25 10 48696 0 
-107.175 25.327 -47.4927 0.41903 3.77127 80 2 25 10 48697 0 
-107.17 25.3224 -47.8703 0.41903 3.77127 80 2 25 10 48698 0 
-107.161 25.312 -47.0728 0.41903 3.77127 80 2 25 10 48699 0 
-107.157 25.3074 -47.4519 0.41903 3.77127 80 2 25 10 48700 0 
-107.152 25.3027 -47.8273 0.41903 3.77127 80 2 25 10 48701 0 
-107.143 25.2923 -47.0305 0.41903 3.77127 80 2 25 10 48702 0 
-107.139 25.2876 -47.4074 0.41903 3.77127 80 2 25 10 48703 0 
-107.129 25.2773 -46.6176 0.41903 3.77127 80 2 25 10 48704 0 
-107.125 25.2727 -46.996 0.41903 3.77127 80 2 25 10 48705 0 
-107.115 25.2625 -46.2131 0.41903 3.77127 80 2 25 10 48706 0 
-107.111 25.2578 -46.593 0.41903 3.77127 80 2 25 10 48707 0 
-107.106 25.2531 -46.9691 0.41903 3.77127 80 2 25 10 48708 0 
-107.097 25.2429 -46.1866 0.41903 3.77127 80 2 25 10 48709 0 
-107.092 25.2383 -46.5643 0.41903 3.77127 80 2 25 10 48710 0 
-107.083 25.2281 -45.7884 0.41903 3.77127 80 2 25 10 48711 0 
-107.078 25.2235 -46.1676 0.41903 3.77127 80 2 25 10 48712 0 
-107.074 25.2188 -46.5429 0.41903 3.77127 80 2 25 10 48713 0 
-107.064 25.2086 -45.7674 0.41903 3.77127 80 2 25 10 48714 0 
-107.06 25.204 -46.1443 0.41903 3.77127 80 2 25 10 48715 0 
-107.05 25.1939 -45.3755 0.41903 3.77127 80 2 25 10 48716 0 
-107.045 25.1892 -45.7538 0.41903 3.77127 80 2 25 10 48717 0 
-107.036 25.1792 -44.9914 0.41903 3.77127 80 2 25 10 48718 0 
-107.031 25.1746 -45.3711 0.41903 3.77127 80 2 25 10 48719 0 
-107.026 25.1699 -45.7471 0.41903 3.77127 80 2 25 10 48720 0 
-107.017 25.1599 -44.9848 0.41903 3.77127 80 2 25 10 48721 0 
-107.012 25.1552 -45.3622 0.41903 3.77127 80 2 25 10 48722 0 
-107.002 25.1453 -44.6063 0.41903 3.77127 80 2 25 10 48723 0 
-106.997 25.1407 -44.9852 0.41903 3.77127 80 2 25 10 48724 0 
-106.993 25.136 -45.3602 0.41903 3.77127 80 2 25 10 48725 0 
-106.983 25.126 -44.6044 0.41903 3.77127 80 2 25 10 48726 0 
-106.978 25.1214 -44.9809 0.41903 3.77127 80 2 25 10 48727 0 
-106.968 25.1115 -44.2313 0.41903 3.77127 80 2 25 10 48728 0 
-106.963 25.1068 -44.6092 0.41903 3.77127 80 2 25 10 48729 0 
-106.953 25.097 -43.8658 0.41903 3.77127 80 2 25 10 48730 0 
-106.949 25.0924 -44.245 0.41903 3.77127 80 2 25 10 48731 0 
-106.944 25.0877 -44.6206 0.41903 3.77127 80 2 25 10 48732 0 
-106.934 25.0779 -43.877 0.41903 3.77127 80 2 25 10 48733 0 
-106.929 25.0733 -44.2539 0.41903 3.77127 80 2 25 10 48734 0 
-106.919 25.0635 -43.5164 0.41903 3.77127 80 2 25 10 48735 0 
-106.914 25.0589 -43.8946 0.41903 3.77127 80 2 25 10 48736 0 
-106.904 25.0492 -43.1631 0.41903 3.77127 80 2 25 10 48737 0 
-106.899 25.0446 -43.5426 0.41903 3.77127 80 2 25 10 48738 0 
-106.894 25.0399 -43.9184 0.41903 3.77127 80 2 25 10 48739 0 
-106.884 25.0302 -43.1864 0.41903 3.77127 80 2 25 10 48740 0 
-106.879 25.0256 -43.5636 0.41903 3.77127 80 2 25 10 48741 0 
-106.869 25.0159 -42.8375 0.41903 3.77127 80 2 25 10 48742 0 
-106.864 25.0113 -43.2159 0.41903 3.77127 80 2 25 10 48743 0 
-106.854 25.0017 -42.4957 0.41903 3.77127 80 2 25 10 48744 0 
-106.849 24.9971 -42.8753 0.41903 3.77127 80 2 25 10 48745 0 
-106.844 24.9925 -43.2513 0.41903 3.77127 80 2 25 10 48746 0 
-106.834 24.9829 -42.5304 0.41903 3.77127 80 2 25 10 48747 0 
-106.829 24.9782 -42.9077 0.41903 3.77127 80 2 25 10 48748 0 
-106.818 24.9687 -42.1925 0.41903 3.77127 80 2 25 10 48749 0 
-106.813 24.9641 -42.571 0.41903 3.77127 80 2 25 10 48750 0 
-106.803 24.9547 -41.8614 0.41903 3.77127 80 2 25 10 48751 0 
-106.798 24.9501 -42.2411 0.41903 3.77127 80 2 25 10 48752 0 
-106.793 24.9454 -42.6171 0.41903 3.77127 80 2 25 10 48753 0 
-106.783 24.9359 -41.9068 0.41903 3.77127 80 2 25 10 48754 0 
-106.777 24.9313 -42.284 0.41903 3.77127 80 2 25 10 48755 0 
-106.767 24.9219 -41.5792 0.41903 3.77127 80 2 25 10 48756 0 
-106.757 24.9126 -40.8861 0.41903 3.77127 80 2 25 10 48757 0 
-106.746 24.9035 -40.2046 0.41903 3.77127 80 2 25 10 48758 0 
-106.735 24.8945 -39.5344 0.41903 3.77127 80 2 25 10 48759 0 
-106.725 24.8856 -38.8754 0.41903 3.77127 80 2 25 10 48760 0 
-106.714 24.8768 -38.2274 0.41903 3.77127 80 2 25 10 48761 0 
-106.703 24.8682 -37.5901 0.41903 3.77127 80 2 25 10 48762 0 
-106.692 24.8597 -36.9635 0.41903 3.77127 80 2 25 10 48763 0 
-106.681 24.8513 -36.3473 0.41903 3.77127 80 2 25 10 48764 0 
-106.669 24.843 -35.7413 0.41903 3.77127 80 2 25 10 48765 0 
-106.658 24.8348 -35.1455 0.41903 3.77127 80 2 25 10 48766 0 
-106.647 24.8268 -34.5596 0.41903 3.77127 80 2 25 10 48767 0 
-106.635 24.8189 -33.9834 0.41903 3.77127 80 2 25 10 48768 0 
-106.623 24.8111 -33.4168 0.41903 3.77127 80 2 25 10 48769 0 
-106.612 24.8034 -32.8597 0.41903 3.77127 80 2 25 10 48770 0 
-106.6 24.7958 -32.3118 0.41903 3.77127 80 2 25 10 48771 0 
-106.588 24.7883 -31.7731 0.41903 3.77127 80 2 25 10 48772 0 
-106.576 24.781 -31.2433 0.41903 3.77127 80 2 25 10 48773 0 
-106.564 24.7737 -30.7223 0.41903 3.77127 80 2 25 10 48774 0 
-106.552 24.7666 -30.2101 0.41903 3.77127 80 2 25 10 48775 0 
-106.54 24.7596 -29.7063 0.41903 3.77127 80 2 25 10 48776 0 
-106.528 24.7526 -29.211 0.41903 3.77127 80 2 25 10 48777 0 
-106.516 24.7458 -28.7239 0.41903 3.77127 80 2 25 10 48778 0 
-106.504 24.7391 -28.2449 0.41903 3.77127 80 2 25 10 48779 0 
-106.491 24.7325 -27.7739 0.41903 3.77127 80 2 25 10 48780 0 
-106.479 24.726 -27.3107 0.41903 3.77127 80 2 25 10 48781 0 
-106.467 24.7196 -26.8552 0.41903 3.77127 80 2 25 10 48782 0 
-106.454 24.7133 -26.4073 0.41903 3.77127 80 2 25 10 48783 0 
-106.442 24.7071 -25.9669 0.41903 3.77127 80 2 25 10 48784 0 
-106.429 24.701 -25.5338 0.41903 3.77127 80 2 25 10 48785 0 
-106.417 24.6949 -25.108 0.41903 3.77127 80 2 25 10 48786 0 
-106.404 24.689 -24.6892 0.41903 3.77127 80 2 25 10 48787 0 
-106.391 24.6832 -24.2774 0.41903 3.77127 80 2 25 10 48788 0 
-106.378 24.6774 -23.8724 0.41903 3.77127 80 2 25 10 48789 0 
-106.366 24.6718 -23.4742 0.41903 3.77127 80 2 25 10 48790 0 
-106.353 24.6662 -23.0826 0.41903 3.77127 80 2 25 10 48791 0 
-106.34 24.6607 -22.6976 0.41903 3.77127 80 2 25 10 48792 0 
-106.327 24.6553 -22.3189 0.41903 3.77127 80 2 25 10 48793 0 
-106.314 24.65 -21.9466 0.41903 3.77127 80 2 25 10 48794 0 
-106.301 24.6448 -21.5805 0.41903 3.77127 80 2 25 10 48795 0 
-106.288 24.6397 -21.2204 0.41903 3.77127 80 2 25 10 48796 0 
-106.275 24.6346 -20.8664 0.41903 3.77127 80 2 25 10 48797 0 
-106.262 24.6297 -20.5182 0.41903 3.77127 80 2 25 10 48798 0 
-106.249 24.6248 -20.1759 0.41903 3.77127 80 2 25 10 48799 0 
-106.236 24.6199 -19.8392 0.41903 3.77127 80 2 25 10 48800 0 
-106.223 24.6152 -19.5082 0.41903 3.77127 80 2 25 10 48801 0 
-106.21 24.6105 -19.1826 0.41903 3.77127 80 2 25 10 48802 0 
-106.197 24.6059 -18.8625 0.41903 3.77127 80 2 25 10 48803 0 
-106.183 24.6014 -18.5477 0.41903 3.77127 80 2 25 10 48804 0 
-106.17 24.597 -18.2382 0.41903 3.77127 80 2 25 10 48805 0 
-106.157 24.5926 -17.9338 0.41903 3.77127 80 2 25 10 48806 0 
-106.144 24.5883 -17.6345 0.41903 3.77127 80 2 25 10 48807 0 
-106.13 24.5841 -17.3401 0.41903 3.77127 80 2 25 10 48808 0 
-106.117 24.5799 -17.0507 0.41903 3.77127 80 2 25 10 48809 0 
-106.104 24.5758 -16.7661 0.41903 3.77127 80 2 25 10 48810 0 
-106.09 24.5718 -16.4862 0.41903 3.77127 80 2 25 10 48811 0 
-106.077 24.5678 -16.211 0.41903 3.77127 80 2 25 10 48812 0 
-106.063 24.5639 -15.9404 0.41903 3.77127 80 2 25 10 48813 0 
-106.05 24.5601 -15.6743 0.41903 3.77127 80 2 25 10 48814 0 
-106.036 24.5563 -15.4126 0.41903 3.77127 80 2 25 10 48815 0 
-106.023 24.5526 -15.1552 0.41903 3.77127 80 2 25 10 48816 0 
-106.01 24.549 -14.9022 0.41903 3.77127 80 2 25 10 48817 0 
-105.996 24.5454 -14.6533 0.41903 3.77127 80 2 25 10 48818 0 
-105.983 24.5418 -14.4086 0.41903 3.77127 80 2 25 10 48819 0 
-105.969 24.5384 -14.168 0.41903 3.77127 80 2 25 10 48820 0 
-105.955 24.5349 -13.9314 0.41903 3.77127 80 2 25 10 48821 0 
-105.942 24.5316 -13.6987 0.41903 3.77127 80 2 25 10 48822 0 
-105.928 24.5283 -13.4699 0.41903 3.77127 80 2 25 10 48823 0 
-105.915 24.525 -13.2449 0.41903 3.77127 80 2 25 10 48824 0 
-105.901 24.5218 -13.0237 0.41903 3.77127 80 2 25 10 48825 0 
-105.888 24.5187 -12.8061 0.41903 3.77127 80 2 25 10 48826 0 
-105.874 24.5156 -12.5922 0.41903 3.77127 80 2 25 10 48827 0 
-105.86 24.5125 -12.3818 0.41903 3.77127 80 2 25 10 48828 0 
-105.847 24.5095 -12.175 0.41903 3.77127 80 2 25 10 48829 0 
-105.833 24.5066 -11.9715 0.41903 3.77127 80 2 25 10 48830 0 
-105.819 24.5037 -11.7715 0.41903 3.77127 80 2 25 10 48831 0 
-105.806 24.5008 -11.5748 0.41903 3.77127 80 2 25 10 48832 0 
-105.792 24.498 -11.3814 0.41903 3.77127 80 2 25 10 48833 0 
-105.778 24.4953 -11.1912 0.41903 3.77127 80 2 25 10 48834 0 
-105.765 24.4926 -11.0041 0.41903 3.77127 80 2 25 10 48835 0 
-105.751 24.4899 -10.8202 0.41903 3.77127 80 2 25 10 48836 0 
-105.737 24.4873 -10.6393 0.41903 3.77127 80 2 25 10 48837 0 
-105.723 24.4847 -10.4615 0.41903 3.77127 80 2 25 10 48838 0 
-105.71 24.4822 -10.2866 0.41903 3.77127 80 2 25 10 48839 0 
-105.696 24.4797 -10.1146 0.41903 3.77127 80 2 25 10 48840 0 
-105.682 24.4772 -9.94547 0.41903 3.77127 80 2 25 10 48841 0 
-105.668 24.4748 -9.77917 0.41903 3.77127 80 2 25 10 48842 0 
-105.655 24.4724 -9.61563 0.41903 3.77127 80 2 25 10 48843 0 
-105.641 24.4701 -9.45482 0.41903 3.77127 80 2 25 10 48844 0 
-105.627 24.4678 -9.29669 0.41903 3.77127 80 2 25 10 48845 0 
-105.613 24.4656 -9.14119 0.41903 3.77127 80 2 25 10 48846 0 
-105.6 24.4633 -8.98828 0.41903 3.77127 80 2 25 10 48847 0 
-105.586 24.4612 -8.83792 0.41903 3.77127 80 2 25 10 48848 0 
-105.572 24.459 -8.69006 0.41903 3.77127 80 2 25 10 48849 0 
-105.558 24.4569 -8.54466 0.41903 3.77127 80 2 25 10 48850 0 
-105.544 24.4548 -8.40169 0.41903 3.77127 80 2 25 10 48851 0 
-105.53 24.4528 -8.26109 0.41903 3.77127 80 2 25 10 48852 0 
-105.517 24.4508 -8.12284 0.41903 3.77127 80 2 25 10 48853 0 
-105.503 24.4488 -7.98689 0.41903 3.77127 80 2 25 10 48854 0 
-105.489 24.4469 -7.8532 0.41903 3.77127 80 2 25 10 48855 0 
-105.475 24.445 -7.72174 0.41903 3.77127 80 2 25 10 48856 0 
-105.461 24.4431 -7.59246 0.41903 3.77127 80 2 25 10 48857 0 
-105.447 24.4412 -7.46534 0.41903 3.77127 80 2 25 10 48858 0 
-105.434 24.4394 -7.34034 0.41903 3.77127 80 2 25 10 48859 0 
-105.42 24.4376 -7.21741 0.41903 3.77127 80 2 25 10 48860 0 
-105.406 24.4359 -7.09654 0.41903 3.77127 80 2 25 10 48861 0 
-105.392 24.4341 -6.97768 0.41903 3.77127 80 2 25 10 48862 0 
-105.378 24.4324 -6.86079 0.41903 3.77127 80 2 25 10 48863 0 
-105.364 24.4308 -6.74585 0.41903 3.77127 80 2 25 10 48864 0 
-105.35 24.4291 -6.63283 0.41903 3.77127 80 2 25 10 48865 0 
-105.337 24.4275 -6.52169 0.41903 3.77127 80 2 25 10 48866 0 
-105.323 24.4259 -6.4124 0.41903 3.77127 80 2 25 10 48867 0 
-105.309 24.4244 -6.30493 0.41903 3.77127 80 2 25 10 48868 0 
-105.295 24.4228 -6.19924 0.41903 3.77127 80 2 25 10 48869 0 
-105.281 24.4213 -6.09532 0.41903 3.77127 80 2 25 10 48870 0 
-105.267 24.4199 -5.99313 0.41903 3.77127 80 2 25 10 48871 0 
-105.253 24.4184 -5.89264 0.41903 3.77127 80 2 25 10 48872 0 
-105.239 24.417 -5.79382 0.41903 3.77127 80 2 25 10 48873 0 
-105.225 24.4156 -5.69665 0.41903 3.77127 80 2 25 10 48874 0 
-105.212 24.4142 -5.6011 0.41903 3.77127 80 2 25 10 48875 0 
-105.198 24.4128 -5.50714 0.41903 3.77127 80 2 25 10 48876 0 
-105.184 24.4115 -5.41474 0.41903 3.77127 80 2 25 10 48877 0 
-105.17 24.4101 -5.32388 0.41903 3.77127 80 2 25 10 48878 0 
-105.156 24.4088 -5.23453 0.41903 3.77127 80 2 25 10 48879 0 
-105.142 24.4076 -5.14667 0.41903 3.77127 80 2 25 10 48880 0 
-105.128 24.4063 -5.06028 0.41903 3.77127 80 2 25 10 48881 0 
-105.114 24.4051 -4.97532 0.41903 3.77127 80 2 25 10 48882 0 
-105.1 24.4039 -4.89178 0.41903 3.77127 80 2 25 10 48883 0 
-105.086 24.4027 -4.80963 0.41903 3.77127 80 2 25 10 48884 0 
-105.072 24.4015 -4.72884 0.41903 3.77127 80 2 25 10 48885 0 
-105.059 24.4004 -4.64941 0.41903 3.77127 80 2 25 10 48886 0 
-105.045 24.3992 -4.57129 0.41903 3.77127 80 2 25 10 48887 0 
-105.031 24.3981 -4.49448 0.41903 3.77127 80 2 25 10 48888 0 
-105.017 24.397 -4.41894 0.41903 3.77127 80 2 25 10 48889 0 
-105.003 24.3959 -4.34466 0.41903 3.77127 80 2 25 10 48890 0 
-104.989 24.3949 -4.27162 0.41903 3.77127 80 2 25 10 48891 0 
-104.975 24.3938 -4.19979 0.41903 3.77127 80 2 25 10 48892 0 
-104.961 24.3928 -4.12917 0.41903 3.77127 80 2 25 10 48893 0 
-104.947 24.3918 -4.05971 0.41903 3.77127 80 2 25 10 48894 0 
-104.933 24.3908 -3.99142 0.41903 3.77127 80 2 25 10 48895 0 
-104.919 24.3899 -3.92426 0.41903 3.77127 80 2 25 10 48896 0 
-104.905 24.3889 -3.85821 0.41903 3.77127 80 2 25 10 48897 0 
-104.891 24.388 -3.79327 0.41903 3.77127 80 2 25 10 48898 0 
-104.877 24.387 -3.72941 0.41903 3.77127 80 2 25 10 48899 0 
-104.864 24.3861 -3.66662 0.41903 3.77127 80 2 25 10 48900 0 
-104.85 24.3852 -3.60486 0.41903 3.77127 80 2 25 10 48901 0 
-104.836 24.3844 -3.54414 0.41903 3.77127 80 2 25 10 48902 0 
-104.822 24.3835 -3.48443 0.41903 3.77127 80 2 25 10 48903 0 
-104.808 24.3826 -3.42571 0.41903 3.77127 80 2 25 10 48904 0 
-104.794 24.3818 -3.36797 0.41903 3.77127 80 2 25 10 48905 0 
-104.78 24.381 -3.31119 0.41903 3.77127 80 2 25 10 48906 0 
-104.766 24.3802 -3.25536 0.41903 3.77127 80 2 25 10 48907 0 
-104.752 24.3794 -3.20045 0.41903 3.77127 80 2 25 10 48908 0 
-104.738 24.3786 -3.14647 0.41903 3.77127 80 2 25 10 48909 0 
-104.724 24.3778 -3.09337 0.41903 3.77127 80 2 25 10 48910 0 
-104.71 24.3771 -3.04117 0.41903 3.77127 80 2 25 10 48911 0 
-104.696 24.3764 -2.98983 0.41903 3.77127 80 2 25 10 48912 0 
-104.682 24.3756 -2.93935 0.41903 3.77127 80 2 25 10 48913 0 
-104.668 24.3749 -2.88971 0.41903 3.77127 80 2 25 10 48914 0 
-104.654 24.3742 -2.84089 0.41903 3.77127 80 2 25 10 48915 0 
-104.64 24.3735 -2.79289 0.41903 3.77127 80 2 25 10 48916 0 
-104.626 24.3728 -2.74569 0.41903 3.77127 80 2 25 10 48917 0 
-104.613 24.3722 -2.69927 0.41903 3.77127 80 2 25 10 48918 0 
-104.599 24.3715 -2.65362 0.41903 3.77127 80 2 25 10 48919 0 
-104.585 24.3709 -2.60874 0.41903 3.77127 80 2 25 10 48920 0 
-104.571 24.3702 -2.5646 0.41903 3.77127 80 2 25 10 48921 0 
-104.557 24.3696 -2.5212 0.41903 3.77127 80 2 25 10 48922 0 
-104.543 24.369 -2.47852 0.41903 3.77127 80 2 25 10 48923 0 
-104.529 24.3684 -2.43655 0.41903 3.77127 80 2 25 10 48924 0 
-104.515 24.3678 -2.39528 0.41903 3.77127 80 2 25 10 48925 0 
-104.501 24.3672 -2.3547 0.41903 3.77127 80 2 25 10 48926 0 
-104.487 24.3666 -2.31479 0.41903 3.77127 80 2 25 10 48927 0 
-104.473 24.3661 -2.27555 0.41903 3.77127 80 2 25 10 48928 0 
-104.459 24.3655 -2.23696 0.41903 3.77127 80 2 25 10 48929 0 
-104.445 24.365 -2.19901 0.41903 3.77127 80 2 25 10 48930 0 
-104.431 24.3644 -2.1617 0.41903 3.77127 80 2 25 10 48931 0 
-104.417 24.3639 -2.125 0.41903 3.77127 80 2 25 10 48932 0 
-104.403 24.3634 -2.08892 0.41903 3.77127 80 2 25 10 48933 0 
-104.389 24.3629 -2.05344 0.41903 3.77127 80 2 25 10 48934 0 
-104.375 24.3624 -2.01855 0.41903 3.77127 80 2 25 10 48935 0 
-104.361 24.3619 -1.98424 0.41903 3.77127 80 2 25 10 48936 0 
-104.347 24.3614 -1.9505 0.41903 3.77127 80 2 25 10 48937 0 
-104.333 24.3609 -1.91732 0.41903 3.77127 80 2 25 10 48938 0 
-104.319 24.3604 -1.8847 0.41903 3.77127 80 2 25 10 48939 0 
-104.305 24.36 -1.85262 0.41903 3.77127 80 2 25 10 48940 0 
-104.291 24.3595 -1.82107 0.41903 3.77127 80 2 25 10 48941 0 
-104.278 24.3591 -1.79005 0.41903 3.77127 80 2 25 10 48942 0 
-104.264 24.3587 -1.75954 0.41903 3.77127 80 2 25 10 48943 0 
-104.25 24.3582 -1.72954 0.41903 3.77127 80 2 25 10 48944 0 
-104.236 24.3578 -1.70004 0.41903 3.77127 80 2 25 10 48945 0 
-104.222 24.3574 -1.67104 0.41903 3.77127 80 2 25 10 48946 0 
-104.208 24.357 -1.64251 0.41903 3.77127 80 2 25 10 48947 0 
-104.194 24.3566 -1.61446 0.41903 3.77127 80 2 25 10 48948 0 
-104.18 24.3562 -1.58688 0.41903 3.77127 80 2 25 10 48949 0 
-104.166 24.3558 -1.55976 0.41903 3.77127 80 2 25 10 48950 0 
-104.152 24.3554 -1.53309 0.41903 3.77127 80 2 25 10 48951 0 
-104.138 24.355 -1.50686 0.41903 3.77127 80 2 25 10 48952 0 
-104.124 24.3547 -1.48107 0.41903 3.77127 80 2 25 10 48953 0 
-104.11 24.3543 -1.45571 0.41903 3.77127 80 2 25 10 48954 0 
-104.096 24.354 -1.43077 0.41903 3.77127 80 2 25 10 48955 0 
-104.082 24.3536 -1.40625 0.41903 3.77127 80 2 25 10 48956 0 
-104.068 24.3533 -1.38213 0.41903 3.77127 80 2 25 10 48957 0 
-104.054 24.3529 -1.35842 0.41903 3.77127 80 2 25 10 48958 0 
-104.04 24.3526 -1.3351 0.41903 3.77127 80 2 25 10 48959 0 
-104.026 24.3523 -1.31217 0.41903 3.77127 80 2 25 10 48960 0 
-104.012 24.352 -1.28962 0.41903 3.77127 80 2 25 10 48961 0 
-103.998 24.3516 -1.26744 0.41903 3.77127 80 2 25 10 48962 0 
-103.984 24.3513 -1.24564 0.41903 3.77127 80 2 25 10 48963 0 
-103.97 24.351 -1.2242 0.41903 3.77127 80 2 25 10 48964 0 
-103.956 24.3507 -1.20311 0.41903 3.77127 80 2 25 10 48965 0 
-103.942 24.3504 -1.18238 0.41903 3.77127 80 2 25 10 48966 0 
-103.928 24.3502 -1.16199 0.41903 3.77127 80 2 25 10 48967 0 
-103.915 24.3499 -1.14194 0.41903 3.77127 80 2 25 10 48968 0 
-103.901 24.3496 -1.12223 0.41903 3.77127 80 2 25 10 48969 0 
-103.887 24.3493 -1.10284 0.41903 3.77127 80 2 25 10 48970 0 
-103.873 24.349 -1.08378 0.41903 3.77127 80 2 25 10 48971 0 
-103.859 24.3488 -1.06503 0.41903 3.77127 80 2 25 10 48972 0 
-103.845 24.3485 -1.0466 0.41903 3.77127 80 2 25 10 48973 0 
-103.831 24.3483 -1.02847 0.41903 3.77127 80 2 25 10 48974 0 
-103.817 24.348 -1.01064 0.41903 3.77127 80 2 25 10 48975 0 
-103.803 24.3478 -0.993115 0.41903 3.77127 80 2 25 10 48976 0 
-103.789 24.3475 -0.975878 0.41903 3.77127 80 2 25 10 48977 0 
-103.775 24.3473 -0.958928 0.41903 3.77127 80 2 25 10 48978 0 
-103.761 24.3471 -0.94226 0.41903 3.77127 80 2 25 10 48979 0 
-103.747 24.3468 -0.925869 0.41903 3.77127 80 2 25 10 48980 0 
-103.733 24.3466 -0.909752 0.41903 3.77127 80 2 25 10 48981 0 
-103.719 24.3464 -0.893903 0.41903 3.77127 80 2 25 10 48982 0 
-103.705 24.3462 -0.878317 0.41903 3.77127 80 2 25 10 48983 0 
-103.691 24.3459 -0.862991 0.41903 3.77127 80 2 25 10 48984 0 
-103.677 24.3457 -0.847921 0.41903 3.77127 80 2 25 10 48985 0 
-103.663 24.3455 -0.833101 0.41903 3.77127 80 2 25 10 48986 0 
-103.656 24.3454 -1.48444 0.41903 3.77127 80 2 25 10 48987 0 
-103.642 24.3451 -1.45901 0.41903 3.77127 80 2 25 10 48988 0 
-103.628 24.3447 -1.43401 0.41903 3.77127 80 2 25 10 48989 0 
-103.614 24.3444 -1.40942 0.41903 3.77127 80 2 25 10 48990 0 
-103.6 24.344 -1.38524 0.41903 3.77127 80 2 25 10 48991 0 
-103.586 24.3437 -1.36146 0.41903 3.77127 80 2 25 10 48992 0 
-103.572 24.3434 -1.33808 0.41903 3.77127 80 2 25 10 48993 0 
-103.558 24.343 -1.31509 0.41903 3.77127 80 2 25 10 48994 0 
-103.545 24.3427 -1.29248 0.41903 3.77127 80 2 25 10 48995 0 
-103.531 24.3424 -1.27025 0.41903 3.77127 80 2 25 10 48996 0 
-103.524 24.3422 -1.91757 0.41903 3.77127 80 2 25 10 48997 0 
-103.51 24.3418 -1.88492 0.41903 3.77127 80 2 25 10 48998 0 
-103.496 24.3413 -1.85281 0.41903 3.77127 80 2 25 10 48999 0 
-103.482 24.3409 -1.82124 0.41903 3.77127 80 2 25 10 49000 0 
-103.468 24.3404 -1.79019 0.41903 3.77127 80 2 25 10 49001 0 
-103.454 24.34 -1.75966 0.41903 3.77127 80 2 25 10 49002 0 
-103.44 24.3395 -1.72964 0.41903 3.77127 80 2 25 10 49003 0 
-103.426 24.3391 -1.70012 0.41903 3.77127 80 2 25 10 49004 0 
-103.412 24.3387 -1.67108 0.41903 3.77127 80 2 25 10 49005 0 
-103.405 24.3385 -2.31465 0.41903 3.77127 80 2 25 10 49006 0 
-103.391 24.3379 -2.27538 0.41903 3.77127 80 2 25 10 49007 0 
-103.377 24.3374 -2.23676 0.41903 3.77127 80 2 25 10 49008 0 
-103.363 24.3368 -2.19878 0.41903 3.77127 80 2 25 10 49009 0 
-103.349 24.3363 -2.16144 0.41903 3.77127 80 2 25 10 49010 0 
-103.335 24.3358 -2.12471 0.41903 3.77127 80 2 25 10 49011 0 
-103.321 24.3353 -2.0886 0.41903 3.77127 80 2 25 10 49012 0 
-103.307 24.3348 -2.05309 0.41903 3.77127 80 2 25 10 49013 0 
-103.293 24.3343 -2.01817 0.41903 3.77127 80 2 25 10 49014 0 
-103.279 24.3338 -1.98383 0.41903 3.77127 80 2 25 10 49015 0 
-103.272 24.3335 -2.62422 0.41903 3.77127 80 2 25 10 49016 0 
-103.258 24.3329 -2.57978 0.41903 3.77127 80 2 25 10 49017 0 
-103.245 24.3323 -2.53608 0.41903 3.77127 80 2 25 10 49018 0 
-103.231 24.3316 -2.49311 0.41903 3.77127 80 2 25 10 49019 0 
-103.217 24.331 -2.45085 0.41903 3.77127 80 2 25 10 49020 0 
-103.203 24.3304 -2.4093 0.41903 3.77127 80 2 25 10 49021 0 
-103.189 24.3298 -2.36844 0.41903 3.77127 80 2 25 10 49022 0 
-103.175 24.3293 -2.32826 0.41903 3.77127 80 2 25 10 49023 0 
-103.161 24.3287 -2.28875 0.41903 3.77127 80 2 25 10 49024 0 
-103.147 24.3281 -2.24989 0.41903 3.77127 80 2 25 10 49025 0 
-103.133 24.3276 -2.21169 0.41903 3.77127 80 2 25 10 49026 0 
-103.126 24.3273 -2.84944 0.41903 3.77127 80 2 25 10 49027 0 
-103.112 24.3266 -2.80124 0.41903 3.77127 80 2 25 10 49028 0 
-103.098 24.326 -2.75384 0.41903 3.77127 80 2 25 10 49029 0 
-103.084 24.3253 -2.70723 0.41903 3.77127 80 2 25 10 49030 0 
-103.07 24.3246 -2.6614 0.41903 3.77127 80 2 25 10 49031 0 
-103.056 24.324 -2.61633 0.41903 3.77127 80 2 25 10 49032 0 
-103.042 24.3233 -2.57201 0.41903 3.77127 80 2 25 10 49033 0 
-103.028 24.3227 -2.52843 0.41903 3.77127 80 2 25 10 49034 0 
-103.014 24.3221 -2.48558 0.41903 3.77127 80 2 25 10 49035 0 
-103 24.3215 -2.44344 0.41903 3.77127 80 2 25 10 49036 0 
-102.993 24.3212 -3.07855 0.41903 3.77127 80 2 25 10 49037 0 
-102.979 24.3204 -3.02653 0.41903 3.77127 80 2 25 10 49038 0 
-102.966 24.3197 -2.97537 0.41903 3.77127 80 2 25 10 49039 0 
-102.952 24.319 -2.92506 0.41903 3.77127 80 2 25 10 49040 0 
-102.938 24.3183 -2.87559 0.41903 3.77127 80 2 25 10 49041 0 
-102.924 24.3176 -2.82694 0.41903 3.77127 80 2 25 10 49042 0 
-102.91 24.3169 -2.77911 0.41903 3.77127 80 2 25 10 49043 0 
-102.896 24.3162 -2.73207 0.41903 3.77127 80 2 25 10 49044 0 
-102.882 24.3155 -2.68581 0.41903 3.77127 80 2 25 10 49045 0 
-102.868 24.3149 -2.64033 0.41903 3.77127 80 2 25 10 49046 0 
-102.861 24.3146 -3.27304 0.41903 3.77127 80 2 25 10 49047 0 
-102.847 24.3138 -3.21776 0.41903 3.77127 80 2 25 10 49048 0 
-102.833 24.313 -3.16341 0.41903 3.77127 80 2 25 10 49049 0 
-102.819 24.3122 -3.10996 0.41903 3.77127 80 2 25 10 49050 0 
-102.805 24.3114 -3.0574 0.41903 3.77127 80 2 25 10 49051 0 
-102.791 24.3107 -3.00572 0.41903 3.77127 80 2 25 10 49052 0 
-102.777 24.31 -2.95489 0.41903 3.77127 80 2 25 10 49053 0 
-102.763 24.3092 -2.90492 0.41903 3.77127 80 2 25 10 49054 0 
-102.749 24.3085 -2.85577 0.41903 3.77127 80 2 25 10 49055 0 
-102.735 24.3078 -2.80744 0.41903 3.77127 80 2 25 10 49056 0 
-102.721 24.3072 -2.75992 0.41903 3.77127 80 2 25 10 49057 0 
-102.715 24.3068 -3.39073 0.41903 3.77127 80 2 25 10 49058 0 
-102.701 24.306 -3.33349 0.41903 3.77127 80 2 25 10 49059 0 
-102.687 24.3052 -3.2772 0.41903 3.77127 80 2 25 10 49060 0 
-102.673 24.3044 -3.22184 0.41903 3.77127 80 2 25 10 49061 0 
-102.659 24.3036 -3.16741 0.41903 3.77127 80 2 25 10 49062 0 
-102.645 24.3028 -3.11388 0.41903 3.77127 80 2 25 10 49063 0 
-102.631 24.3021 -3.06125 0.41903 3.77127 80 2 25 10 49064 0 
-102.617 24.3013 -3.00949 0.41903 3.77127 80 2 25 10 49065 0 
-102.603 24.3006 -2.95859 0.41903 3.77127 80 2 25 10 49066 0 
-102.589 24.2999 -2.90854 0.41903 3.77127 80 2 25 10 49067 0 
-102.575 24.2992 -2.85933 0.41903 3.77127 80 2 25 10 49068 0 
-102.568 24.2988 -3.48838 0.41903 3.77127 80 2 25 10 49069 0 
-102.554 24.298 -3.42949 0.41903 3.77127 80 2 25 10 49070 0 
-102.54 24.2971 -3.37159 0.41903 3.77127 80 2 25 10 49071 0 
-102.526 24.2963 -3.31466 0.41903 3.77127 80 2 25 10 49072 0 
-102.512 24.2955 -3.25867 0.41903 3.77127 80 2 25 10 49073 0 
-102.498 24.2947 -3.20361 0.41903 3.77127 80 2 25 10 49074 0 
-102.484 24.2939 -3.14947 0.41903 3.77127 80 2 25 10 49075 0 
-102.471 24.2932 -3.09623 0.41903 3.77127 80 2 25 10 49076 0 
-102.457 24.2924 -3.04388 0.41903 3.77127 80 2 25 10 49077 0 
-102.443 24.2917 -2.9924 0.41903 3.77127 80 2 25 10 49078 0 
-102.429 24.2909 -2.94178 0.41903 3.77127 80 2 25 10 49079 0 
-102.422 24.2906 -3.56918 0.41903 3.77127 80 2 25 10 49080 0 
-102.408 24.2897 -3.50894 0.41903 3.77127 80 2 25 10 49081 0 
-102.394 24.2889 -3.44971 0.41903 3.77127 80 2 25 10 49082 0 
-102.38 24.288 -3.39146 0.41903 3.77127 80 2 25 10 49083 0 
-102.366 24.2872 -3.33418 0.41903 3.77127 80 2 25 10 49084 0 
-102.352 24.2864 -3.27786 0.41903 3.77127 80 2 25 10 49085 0 
-102.338 24.2856 -3.22247 0.41903 3.77127 80 2 25 10 49086 0 
-102.324 24.2848 -3.168 0.41903 3.77127 80 2 25 10 49087 0 
-102.31 24.284 -3.11445 0.41903 3.77127 80 2 25 10 49088 0 
-102.296 24.2833 -3.06178 0.41903 3.77127 80 2 25 10 49089 0 
-102.282 24.2825 -3.00999 0.41903 3.77127 80 2 25 10 49090 0 
-102.275 24.2821 -3.63584 0.41903 3.77127 80 2 25 10 49091 0 
-102.261 24.2813 -3.57448 0.41903 3.77127 80 2 25 10 49092 0 
-102.247 24.2804 -3.51415 0.41903 3.77127 80 2 25 10 49093 0 
-102.234 24.2795 -3.45482 0.41903 3.77127 80 2 25 10 49094 0 
-102.22 24.2787 -3.39647 0.41903 3.77127 80 2 25 10 49095 0 
-102.206 24.2779 -3.3391 0.41903 3.77127 80 2 25 10 49096 0 
-102.192 24.2771 -3.28268 0.41903 3.77127 80 2 25 10 49097 0 
-102.178 24.2763 -3.22721 0.41903 3.77127 80 2 25 10 49098 0 
-102.164 24.2755 -3.17265 0.41903 3.77127 80 2 25 10 49099 0 
-102.15 24.2747 -3.11901 0.41903 3.77127 80 2 25 10 49100 0 
-102.136 24.2739 -3.06625 0.41903 3.77127 80 2 25 10 49101 0 
-102.129 24.2736 -3.69063 0.41903 3.77127 80 2 25 10 49102 0 
-102.115 24.2727 -3.62835 0.41903 3.77127 80 2 25 10 49103 0 
-102.101 24.2718 -3.56711 0.41903 3.77127 80 2 25 10 49104 0 
-102.087 24.2709 -3.50689 0.41903 3.77127 80 2 25 10 49105 0 
-102.073 24.2701 -3.44766 0.41903 3.77127 80 2 25 10 49106 0 
-102.059 24.2692 -3.38943 0.41903 3.77127 80 2 25 10 49107 0 
-102.045 24.2684 -3.33216 0.41903 3.77127 80 2 25 10 49108 0 
-102.031 24.2676 -3.27585 0.41903 3.77127 80 2 25 10 49109 0 
-102.017 24.2668 -3.22048 0.41903 3.77127 80 2 25 10 49110 0 
-102.004 24.266 -3.16602 0.41903 3.77127 80 2 25 10 49111 0 
-101.99 24.2652 -3.11248 0.41903 3.77127 80 2 25 10 49112 0 
-101.976 24.2645 -3.05982 0.41903 3.77127 80 2 25 10 49113 0 
-101.969 24.2641 -3.68314 0.41903 3.77127 80 2 25 10 49114 0 
-101.955 24.2632 -3.62097 0.41903 3.77127 80 2 25 10 49115 0 
-101.941 24.2623 -3.55984 0.41903 3.77127 80 2 25 10 49116 0 
-101.927 24.2615 -3.49973 0.41903 3.77127 80 2 25 10 49117 0 
-101.913 24.2606 -3.44062 0.41903 3.77127 80 2 25 10 49118 0 
-101.899 24.2598 -3.38249 0.41903 3.77127 80 2 25 10 49119 0 
-101.885 24.2589 -3.32533 0.41903 3.77127 80 2 25 10 49120 0 
-101.871 24.2581 -3.26912 0.41903 3.77127 80 2 25 10 49121 0 
-101.857 24.2573 -3.21385 0.41903 3.77127 80 2 25 10 49122 0 
-101.843 24.2565 -3.15949 0.41903 3.77127 80 2 25 10 49123 0 
-101.829 24.2558 -3.10605 0.41903 3.77127 80 2 25 10 49124 0 
-101.822 24.2554 -3.72796 0.41903 3.77127 80 2 25 10 49125 0 
-101.808 24.2545 -3.66504 0.41903 3.77127 80 2 25 10 49126 0 
-101.794 24.2536 -3.60317 0.41903 3.77127 80 2 25 10 49127 0 
-101.781 24.2527 -3.54232 0.41903 3.77127 80 2 25 10 49128 0 
-101.767 24.2519 -3.48249 0.41903 3.77127 80 2 25 10 49129 0 
-101.753 24.251 -3.42365 0.41903 3.77127 80 2 25 10 49130 0 
-101.739 24.2502 -3.36579 0.41903 3.77127 80 2 25 10 49131 0 
-101.725 24.2494 -3.3089 0.41903 3.77127 80 2 25 10 49132 0 
-101.711 24.2486 -3.25295 0.41903 3.77127 80 2 25 10 49133 0 
-101.697 24.2478 -3.19794 0.41903 3.77127 80 2 25 10 49134 0 
-101.683 24.247 -3.14384 0.41903 3.77127 80 2 25 10 49135 0 
-101.676 24.2466 -3.76442 0.41903 3.77127 80 2 25 10 49136 0 
-101.662 24.2457 -3.70088 0.41903 3.77127 80 2 25 10 49137 0 
-101.648 24.2448 -3.6384 0.41903 3.77127 80 2 25 10 49138 0 
-101.634 24.2439 -3.57696 0.41903 3.77127 80 2 25 10 49139 0 
-101.62 24.243 -3.51654 0.41903 3.77127 80 2 25 10 49140 0 
-101.606 24.2422 -3.45712 0.41903 3.77127 80 2 25 10 49141 0 
-101.592 24.2413 -3.3987 0.41903 3.77127 80 2 25 10 49142 0 
-101.578 24.2405 -3.34125 0.41903 3.77127 80 2 25 10 49143 0 
-101.564 24.2397 -3.28475 0.41903 3.77127 80 2 25 10 49144 0 
-101.55 24.2389 -3.2292 0.41903 3.77127 80 2 25 10 49145 0 
-101.537 24.2381 -3.17457 0.41903 3.77127 80 2 25 10 49146 0 
-101.523 24.2373 -3.12085 0.41903 3.77127 80 2 25 10 49147 0 
-101.516 24.2369 -3.74048 0.41903 3.77127 80 2 25 10 49148 0 
-101.502 24.236 -3.67733 0.41903 3.77127 80 2 25 10 49149 0 
-101.488 24.2351 -3.61522 0.41903 3.77127 80 2 25 10 49150 0 
-101.474 24.2342 -3.55416 0.41903 3.77127 80 2 25 10 49151 0 
-101.46 24.2334 -3.49411 0.41903 3.77127 80 2 25 10 49152 0 
-101.446 24.2325 -3.43505 0.41903 3.77127 80 2 25 10 49153 0 
-101.432 24.2317 -3.37699 0.41903 3.77127 80 2 25 10 49154 0 
-101.418 24.2309 -3.31989 0.41903 3.77127 80 2 25 10 49155 0 
-101.404 24.2301 -3.26374 0.41903 3.77127 80 2 25 10 49156 0 
-101.39 24.2293 -3.20852 0.41903 3.77127 80 2 25 10 49157 0 
-101.376 24.2285 -3.15422 0.41903 3.77127 80 2 25 10 49158 0 
-101.369 24.2281 -3.77255 0.41903 3.77127 80 2 25 10 49159 0 
-101.355 24.2272 -3.70885 0.41903 3.77127 80 2 25 10 49160 0 
-101.341 24.2263 -3.64622 0.41903 3.77127 80 2 25 10 49161 0 
-101.327 24.2254 -3.58462 0.41903 3.77127 80 2 25 10 49162 0 
-101.314 24.2245 -3.52405 0.41903 3.77127 80 2 25 10 49163 0 
-101.3 24.2237 -3.46449 0.41903 3.77127 80 2 25 10 49164 0 
-101.286 24.2228 -3.40593 0.41903 3.77127 80 2 25 10 49165 0 
-101.272 24.222 -3.34833 0.41903 3.77127 80 2 25 10 49166 0 
-101.258 24.2212 -3.2917 0.41903 3.77127 80 2 25 10 49167 0 
-101.244 24.2204 -3.23601 0.41903 3.77127 80 2 25 10 49168 0 
-101.23 24.2196 -3.18124 0.41903 3.77127 80 2 25 10 49169 0 
-101.216 24.2188 -3.12739 0.41903 3.77127 80 2 25 10 49170 0 
-101.209 24.2184 -3.7448 0.41903 3.77127 80 2 25 10 49171 0 
-101.195 24.2175 -3.68155 0.41903 3.77127 80 2 25 10 49172 0 
-101.181 24.2166 -3.61936 0.41903 3.77127 80 2 25 10 49173 0 
-101.167 24.2157 -3.5582 0.41903 3.77127 80 2 25 10 49174 0 
-101.153 24.2149 -3.49806 0.41903 3.77127 80 2 25 10 49175 0 
-101.139 24.214 -3.43892 0.41903 3.77127 80 2 25 10 49176 0 
-101.125 24.2132 -3.38077 0.41903 3.77127 80 2 25 10 49177 0 
-101.111 24.2124 -3.32359 0.41903 3.77127 80 2 25 10 49178 0 
-101.097 24.2115 -3.26735 0.41903 3.77127 80 2 25 10 49179 0 
-101.084 24.2107 -3.21206 0.41903 3.77127 80 2 25 10 49180 0 
-101.07 24.21 -3.15768 0.41903 3.77127 80 2 25 10 49181 0 
-101.063 24.2096 -3.77381 0.41903 3.77127 80 2 25 10 49182 0 
-101.049 24.2087 -3.71007 0.41903 3.77127 80 2 25 10 49183 0 
-101.035 24.2078 -3.64739 0.41903 3.77127 80 2 25 10 49184 0 
-101.021 24.2069 -3.58575 0.41903 3.77127 80 2 25 10 49185 0 
-101.007 24.206 -3.52515 0.41903 3.77127 80 2 25 10 49186 0 
-100.993 24.2051 -3.46555 0.41903 3.77127 80 2 25 10 49187 0 
-100.979 24.2043 -3.40694 0.41903 3.77127 80 2 25 10 49188 0 
-100.965 24.2035 -3.34931 0.41903 3.77127 80 2 25 10 49189 0 
-100.951 24.2026 -3.29264 0.41903 3.77127 80 2 25 10 49190 0 
-100.937 24.2018 -3.23691 0.41903 3.77127 80 2 25 10 49191 0 
-100.923 24.2011 -3.18211 0.41903 3.77127 80 2 25 10 49192 0 
-100.909 24.2003 -3.12822 0.41903 3.77127 80 2 25 10 49193 0 
-100.902 24.1999 -3.74345 0.41903 3.77127 80 2 25 10 49194 0 
-100.888 24.199 -3.68021 0.41903 3.77127 80 2 25 10 49195 0 
-100.874 24.1981 -3.61801 0.41903 3.77127 80 2 25 10 49196 0 
-100.861 24.1972 -3.55686 0.41903 3.77127 80 2 25 10 49197 0 
-100.847 24.1963 -3.49672 0.41903 3.77127 80 2 25 10 49198 0 
-100.833 24.1955 -3.43758 0.41903 3.77127 80 2 25 10 49199 0 
-100.819 24.1947 -3.37943 0.41903 3.77127 80 2 25 10 49200 0 
-100.805 24.1938 -3.32225 0.41903 3.77127 80 2 25 10 49201 0 
-100.791 24.193 -3.26601 0.41903 3.77127 80 2 25 10 49202 0 
-100.777 24.1922 -3.21072 0.41903 3.77127 80 2 25 10 49203 0 
-100.763 24.1914 -3.15634 0.41903 3.77127 80 2 25 10 49204 0 
-100.749 24.1907 -3.10287 0.41903 3.77127 80 2 25 10 49205 0 
-100.742 24.1903 -3.71718 0.41903 3.77127 80 2 25 10 49206 0 
-100.728 24.1894 -3.65436 0.41903 3.77127 80 2 25 10 49207 0 
-100.714 24.1885 -3.59259 0.41903 3.77127 80 2 25 10 49208 0 
-100.7 24.1876 -3.53185 0.41903 3.77127 80 2 25 10 49209 0 
-100.686 24.1868 -3.47212 0.41903 3.77127 80 2 25 10 49210 0 
-100.672 24.1859 -3.41338 0.41903 3.77127 80 2 25 10 49211 0 
-100.658 24.1851 -3.35562 0.41903 3.77127 80 2 25 10 49212 0 
-100.644 24.1843 -3.29882 0.41903 3.77127 80 2 25 10 49213 0 
-100.631 24.1835 -3.24297 0.41903 3.77127 80 2 25 10 49214 0 
-100.617 24.1827 -3.18805 0.41903 3.77127 80 2 25 10 49215 0 
-100.603 24.1819 -3.13404 0.41903 3.77127 80 2 25 10 49216 0 
-100.596 24.1815 -3.74707 0.41903 3.77127 80 2 25 10 49217 0 
-100.582 24.1806 -3.68374 0.41903 3.77127 80 2 25 10 49218 0 
-100.568 24.1797 -3.62147 0.41903 3.77127 80 2 25 10 49219 0 
-100.554 24.1788 -3.56023 0.41903 3.77127 80 2 25 10 49220 0 
-100.54 24.178 -3.50002 0.41903 3.77127 80 2 25 10 49221 0 
-100.526 24.1771 -3.4408 0.41903 3.77127 80 2 25 10 49222 0 
-100.512 24.1763 -3.38258 0.41903 3.77127 80 2 25 10 49223 0 
-100.498 24.1754 -3.32532 0.41903 3.77127 80 2 25 10 49224 0 
-100.484 24.1746 -3.26901 0.41903 3.77127 80 2 25 10 49225 0 
-100.47 24.1738 -3.21365 0.41903 3.77127 80 2 25 10 49226 0 
-100.456 24.1731 -3.1592 0.41903 3.77127 80 2 25 10 49227 0 
-100.442 24.1723 -3.10566 0.41903 3.77127 80 2 25 10 49228 0 
-100.435 24.1719 -3.71779 0.41903 3.77127 80 2 25 10 49229 0 
-100.421 24.171 -3.65494 0.41903 3.77127 80 2 25 10 49230 0 
-100.408 24.1701 -3.59314 0.41903 3.77127 80 2 25 10 49231 0 
-100.394 24.1692 -3.53237 0.41903 3.77127 80 2 25 10 49232 0 
-100.38 24.1684 -3.47261 0.41903 3.77127 80 2 25 10 49233 0 
-100.366 24.1675 -3.41384 0.41903 3.77127 80 2 25 10 49234 0 
-100.352 24.1667 -3.35605 0.41903 3.77127 80 2 25 10 49235 0 
-100.338 24.1659 -3.29922 0.41903 3.77127 80 2 25 10 49236 0 
-100.324 24.1651 -3.24334 0.41903 3.77127 80 2 25 10 49237 0 
-100.31 24.1643 -3.18839 0.41903 3.77127 80 2 25 10 49238 0 
-100.296 24.1635 -3.13436 0.41903 3.77127 80 2 25 10 49239 0 
-100.282 24.1627 -3.08122 0.41903 3.77127 80 2 25 10 49240 0 
-100.275 24.1624 -3.69243 0.41903 3.77127 80 2 25 10 49241 0 
-100.261 24.1615 -3.62999 0.41903 3.77127 80 2 25 10 49242 0 
-100.247 24.1606 -3.56859 0.41903 3.77127 80 2 25 10 49243 0 
-100.233 24.1597 -3.50822 0.41903 3.77127 80 2 25 10 49244 0 
-100.219 24.1589 -3.44885 0.41903 3.77127 80 2 25 10 49245 0 
-100.205 24.158 -3.39046 0.41903 3.77127 80 2 25 10 49246 0 
-100.191 24.1572 -3.33305 0.41903 3.77127 80 2 25 10 49247 0 
-100.177 24.1564 -3.2766 0.41903 3.77127 80 2 25 10 49248 0 
-100.164 24.1556 -3.22109 0.41903 3.77127 80 2 25 10 49249 0 
-100.15 24.1548 -3.1665 0.41903 3.77127 80 2 25 10 49250 0 
-100.136 24.154 -3.11281 0.41903 3.77127 80 2 25 10 49251 0 
-100.129 24.1537 -3.72274 0.41903 3.77127 80 2 25 10 49252 0 
-100.115 24.1527 -3.65979 0.41903 3.77127 80 2 25 10 49253 0 
-100.101 24.1519 -3.59788 0.41903 3.77127 80 2 25 10 49254 0 
-100.087 24.151 -3.53701 0.41903 3.77127 80 2 25 10 49255 0 
-100.073 24.1501 -3.47715 0.41903 3.77127 80 2 25 10 49256 0 
-100.059 24.1493 -3.41829 0.41903 3.77127 80 2 25 10 49257 0 
-100.045 24.1484 -3.3604 0.41903 3.77127 80 2 25 10 49258 0 
-100.031 24.1476 -3.30348 0.41903 3.77127 80 2 25 10 49259 0 
-100.017 24.1468 -3.24751 0.41903 3.77127 80 2 25 10 49260 0 
-100.003 24.146 -3.19247 0.41903 3.77127 80 2 25 10 49261 0 
-99.9893 24.1452 -3.13834 0.41903 3.77127 80 2 25 10 49262 0 
-99.9753 24.1445 -3.08512 0.41903 3.77127 80 2 25 10 49263 0 
-99.9684 24.1441 -3.69415 0.41903 3.77127 80 2 25 10 49264 0 
-99.9545 24.1432 -3.63167 0.41903 3.77127 80 2 25 10 49265 0 
-99.9405 24.1423 -3.57022 0.41903 3.77127 80 2 25 10 49266 0 
-99.9266 24.1414 -3.50979 0.41903 3.77127 80 2 25 10 49267 0 
-99.9126 24.1406 -3.45038 0.41903 3.77127 80 2 25 10 49268 0 
-99.8987 24.1398 -3.39195 0.41903 3.77127 80 2 25 10 49269 0 
-99.8848 24.1389 -3.33449 0.41903 3.77127 80 2 25 10 49270 0 
-99.8708 24.1381 -3.27799 0.41903 3.77127 80 2 25 10 49271 0 
-99.8569 24.1373 -3.22243 0.41903 3.77127 80 2 25 10 49272 0 
-99.8429 24.1365 -3.1678 0.41903 3.77127 80 2 25 10 49273 0 
-99.829 24.1358 -3.11408 0.41903 3.77127 80 2 25 10 49274 0 
-99.815 24.135 -3.06125 0.41903 3.77127 80 2 25 10 49275 0 
-99.8081 24.1346 -3.66936 0.41903 3.77127 80 2 25 10 49276 0 
-99.7942 24.1337 -3.60727 0.41903 3.77127 80 2 25 10 49277 0 
-99.7802 24.1329 -3.54622 0.41903 3.77127 80 2 25 10 49278 0 
-99.7663 24.132 -3.48618 0.41903 3.77127 80 2 25 10 49279 0 
-99.7523 24.1311 -3.42715 0.41903 3.77127 80 2 25 10 49280 0 
-99.7384 24.1303 -3.3691 0.41903 3.77127 80 2 25 10 49281 0 
-99.7244 24.1295 -3.31201 0.41903 3.77127 80 2 25 10 49282 0 
-99.7105 24.1287 -3.25587 0.41903 3.77127 80 2 25 10 49283 0 
-99.6966 24.1279 -3.20067 0.41903 3.77127 80 2 25 10 49284 0 
-99.6826 24.1271 -3.14639 0.41903 3.77127 80 2 25 10 49285 0 
-99.6687 24.1263 -3.09301 0.41903 3.77127 80 2 25 10 49286 0 
-99.6547 24.1256 -3.04052 0.41903 3.77127 80 2 25 10 49287 0 
-99.6478 24.1252 -3.64769 0.41903 3.77127 80 2 25 10 49288 0 
-99.6338 24.1243 -3.58596 0.41903 3.77127 80 2 25 10 49289 0 
-99.6199 24.1235 -3.52525 0.41903 3.77127 80 2 25 10 49290 0 
-99.606 24.1226 -3.46555 0.41903 3.77127 80 2 25 10 49291 0 
-99.592 24.1217 -3.40685 0.41903 3.77127 80 2 25 10 49292 0 
-99.5781 24.1209 -3.34913 0.41903 3.77127 80 2 25 10 49293 0 
-99.5641 24.1201 -3.29236 0.41903 3.77127 80 2 25 10 49294 0 
-99.5502 24.1193 -3.23654 0.41903 3.77127 80 2 25 10 49295 0 
-99.5362 24.1185 -3.18165 0.41903 3.77127 80 2 25 10 49296 0 
-99.5223 24.1177 -3.12768 0.41903 3.77127 80 2 25 10 49297 0 
-99.5083 24.117 -3.0746 0.41903 3.77127 80 2 25 10 49298 0 
-99.5014 24.1166 -3.68048 0.41903 3.77127 80 2 25 10 49299 0 
-99.4875 24.1157 -3.61819 0.41903 3.77127 80 2 25 10 49300 0 
-99.4735 24.1148 -3.55694 0.41903 3.77127 80 2 25 10 49301 0 
-99.4596 24.114 -3.4967 0.41903 3.77127 80 2 25 10 49302 0 
-99.4457 24.1131 -3.43747 0.41903 3.77127 80 2 25 10 49303 0 
-99.4317 24.1123 -3.37922 0.41903 3.77127 80 2 25 10 49304 0 
-99.4178 24.1114 -3.32195 0.41903 3.77127 80 2 25 10 49305 0 
-99.4038 24.1106 -3.26563 0.41903 3.77127 80 2 25 10 49306 0 
-99.3899 24.1098 -3.21024 0.41903 3.77127 80 2 25 10 49307 0 
-99.3759 24.1091 -3.15578 0.41903 3.77127 80 2 25 10 49308 0 
-99.362 24.1083 -3.10222 0.41903 3.77127 80 2 25 10 49309 0 
-99.348 24.1075 -3.04956 0.41903 3.77127 80 2 25 10 49310 0 
-99.3411 24.1072 -3.65454 0.41903 3.77127 80 2 25 10 49311 0 
-99.3272 24.1063 -3.59267 0.41903 3.77127 80 2 25 10 49312 0 
-99.3132 24.1054 -3.53183 0.41903 3.77127 80 2 25 10 49313 0 
-99.2993 24.1045 -3.472 0.41903 3.77127 80 2 25 10 49314 0 
-99.2853 24.1037 -3.41317 0.41903 3.77127 80 2 25 10 49315 0 
-99.2714 24.1029 -3.35532 0.41903 3.77127 80 2 25 10 49316 0 
-99.2575 24.102 -3.29843 0.41903 3.77127 80 2 25 10 49317 0 
-99.2435 24.1012 -3.24249 0.41903 3.77127 80 2 25 10 49318 0 
-99.2296 24.1005 -3.18748 0.41903 3.77127 80 2 25 10 49319 0 
-99.2156 24.0997 -3.13338 0.41903 3.77127 80 2 25 10 49320 0 
-99.2017 24.0989 -3.08019 0.41903 3.77127 80 2 25 10 49321 0 
-99.1877 24.0982 -3.02788 0.41903 3.77127 80 2 25 10 49322 0 
-99.1808 24.0978 -3.63193 0.41903 3.77127 80 2 25 10 49323 0 
-99.1668 24.0969 -3.57043 0.41903 3.77127 80 2 25 10 49324 0 
-99.1529 24.096 -3.50994 0.41903 3.77127 80 2 25 10 49325 0 
-99.139 24.0952 -3.45047 0.41903 3.77127 80 2 25 10 49326 0 
-99.125 24.0943 -3.39199 0.41903 3.77127 80 2 25 10 49327 0 
-99.1111 24.0935 -3.33448 0.41903 3.77127 80 2 25 10 49328 0 
-99.0971 24.0927 -3.27793 0.41903 3.77127 80 2 25 10 49329 0 
-99.0832 24.0919 -3.22232 0.41903 3.77127 80 2 25 10 49330 0 
-99.0692 24.0911 -3.16763 0.41903 3.77127 80 2 25 10 49331 0 
-99.0553 24.0904 -3.11386 0.41903 3.77127 80 2 25 10 49332 0 
-99.0414 24.0896 -3.06098 0.41903 3.77127 80 2 25 10 49333 0 
-99.0274 24.0888 -3.00898 0.41903 3.77127 80 2 25 10 49334 0 
-99.0205 24.0885 -3.61208 0.41903 3.77127 80 2 25 10 49335 0 
-99.0065 24.0876 -3.5509 0.41903 3.77127 80 2 25 10 49336 0 
-98.9926 24.0867 -3.49073 0.41903 3.77127 80 2 25 10 49337 0 
-98.9787 24.0859 -3.43157 0.41903 3.77127 80 2 25 10 49338 0 
-98.9647 24.0851 -3.37339 0.41903 3.77127 80 2 25 10 49339 0 
-98.9508 24.0842 -3.31618 0.41903 3.77127 80 2 25 10 49340 0 
-98.9368 24.0834 -3.25992 0.41903 3.77127 80 2 25 10 49341 0 
-98.9229 24.0826 -3.2046 0.41903 3.77127 80 2 25 10 49342 0 
-98.9089 24.0818 -3.1502 0.41903 3.77127 80 2 25 10 49343 0 
-98.895 24.0811 -3.0967 0.41903 3.77127 80 2 25 10 49344 0 
-98.881 24.0803 -3.0441 0.41903 3.77127 80 2 25 10 49345 0 
-98.8671 24.0796 -2.99237 0.41903 3.77127 80 2 25 10 49346 0 
-98.8602 24.0792 -3.59452 0.41903 3.77127 80 2 25 10 49347 0 
-98.8462 24.0783 -3.53361 0.41903 3.77127 80 2 25 10 49348 0 
-98.8323 24.0775 -3.47373 0.41903 3.77127 80 2 25 10 49349 0 
-98.8183 24.0766 -3.41483 0.41903 3.77127 80 2 25 10 49350 0 
-98.8044 24.0758 -3.35692 0.41903 3.77127 80 2 25 10 49351 0 
-98.7904 24.075 -3.29998 0.41903 3.77127 80 2 25 10 49352 0 
-98.7765 24.0742 -3.24398 0.41903 3.77127 80 2 25 10 49353 0 
-98.7626 24.0734 -3.18891 0.41903 3.77127 80 2 25 10 49354 0 
-98.7486 24.0726 -3.13476 0.41903 3.77127 80 2 25 10 49355 0 
-98.7347 24.0719 -3.08151 0.41903 3.77127 80 2 25 10 49356 0 
-98.7207 24.0711 -3.02915 0.41903 3.77127 80 2 25 10 49357 0 
-98.7068 24.0704 -2.97766 0.41903 3.77127 80 2 25 10 49358 0 
-98.6998 24.07 -3.57884 0.41903 3.77127 80 2 25 10 49359 0 
-98.6859 24.0691 -3.51819 0.41903 3.77127 80 2 25 10 49360 0 
-98.672 24.0683 -3.45854 0.41903 3.77127 80 2 25 10 49361 0 
-98.658 24.0674 -3.39989 0.41903 3.77127 80 2 25 10 49362 0 
-98.6441 24.0666 -3.34222 0.41903 3.77127 80 2 25 10 49363 0 
-98.6301 24.0658 -3.28551 0.41903 3.77127 80 2 25 10 49364 0 
-98.6162 24.065 -3.22974 0.41903 3.77127 80 2 25 10 49365 0 
-98.6022 24.0642 -3.1749 0.41903 3.77127 80 2 25 10 49366 0 
-98.5883 24.0634 -3.12097 0.41903 3.77127 80 2 25 10 49367 0 
-98.5743 24.0627 -3.06794 0.41903 3.77127 80 2 25 10 49368 0 
-98.5604 24.0619 -3.0158 0.41903 3.77127 80 2 25 10 49369 0 
-98.5464 24.0612 -2.96452 0.41903 3.77127 80 2 25 10 49370 0 
-98.5395 24.0608 -3.56472 0.41903 3.77127 80 2 25 10 49371 0 
-98.5256 24.06 -3.50429 0.41903 3.77127 80 2 25 10 49372 0 
-98.5116 24.0591 -3.44487 0.41903 3.77127 80 2 25 10 49373 0 
-98.4977 24.0583 -3.38643 0.41903 3.77127 80 2 25 10 49374 0 
-98.4837 24.0574 -3.32897 0.41903 3.77127 80 2 25 10 49375 0 
-98.4698 24.0566 -3.27247 0.41903 3.77127 80 2 25 10 49376 0 
-98.4558 24.0558 -3.21691 0.41903 3.77127 80 2 25 10 49377 0 
-98.4419 24.055 -3.16227 0.41903 3.77127 80 2 25 10 49378 0 
-98.428 24.0543 -3.10855 0.41903 3.77127 80 2 25 10 49379 0 
-98.414 24.0535 -3.05571 0.41903 3.77127 80 2 25 10 49380 0 
-98.4001 24.0528 -3.00376 0.41903 3.77127 80 2 25 10 49381 0 
-98.3861 24.052 -2.95267 0.41903 3.77127 80 2 25 10 49382 0 
-98.3792 24.0517 -3.55188 0.41903 3.77127 80 2 25 10 49383 0 
-98.3652 24.0508 -3.49166 0.41903 3.77127 80 2 25 10 49384 0 
-98.3513 24.05 -3.43244 0.41903 3.77127 80 2 25 10 49385 0 
-98.3374 24.0491 -3.3742 0.41903 3.77127 80 2 25 10 49386 0 
-98.3234 24.0483 -3.31693 0.41903 3.77127 80 2 25 10 49387 0 
-98.3095 24.0475 -3.26062 0.41903 3.77127 80 2 25 10 49388 0 
-98.2955 24.0467 -3.20525 0.41903 3.77127 80 2 25 10 49389 0 
-98.2816 24.0459 -3.15079 0.41903 3.77127 80 2 25 10 49390 0 
-98.2676 24.0452 -3.09725 0.41903 3.77127 80 2 25 10 49391 0 
-98.2537 24.0444 -3.04459 0.41903 3.77127 80 2 25 10 49392 0 
-98.2397 24.0437 -2.99281 0.41903 3.77127 80 2 25 10 49393 0 
-98.2258 24.0429 -2.9419 0.41903 3.77127 80 2 25 10 49394 0 
-98.2189 24.0426 -3.54012 0.41903 3.77127 80 2 25 10 49395 0 
-98.2049 24.0417 -3.48008 0.41903 3.77127 80 2 25 10 49396 0 
-98.191 24.0409 -3.42104 0.41903 3.77127 80 2 25 10 49397 0 
-98.177 24.04 -3.36298 0.41903 3.77127 80 2 25 10 49398 0 
-98.1631 24.0392 -3.30589 0.41903 3.77127 80 2 25 10 49399 0 
-98.1491 24.0384 -3.24975 0.41903 3.77127 80 2 25 10 49400 0 
-98.1352 24.0376 -3.19455 0.41903 3.77127 80 2 25 10 49401 0 
-98.1212 24.0368 -3.14026 0.41903 3.77127 80 2 25 10 49402 0 
-98.1073 24.0361 -3.08688 0.41903 3.77127 80 2 25 10 49403 0 
-98.0934 24.0353 -3.03439 0.41903 3.77127 80 2 25 10 49404 0 
-98.0794 24.0346 -2.98277 0.41903 3.77127 80 2 25 10 49405 0 
-98.0655 24.0339 -2.93201 0.41903 3.77127 80 2 25 10 49406 0 
-98.0585 24.0335 -3.52924 0.41903 3.77127 80 2 25 10 49407 0 
-98.0446 24.0326 -3.46937 0.41903 3.77127 80 2 25 10 49408 0 
-98.0306 24.0318 -3.41049 0.41903 3.77127 80 2 25 10 49409 0 
-98.0167 24.031 -3.3526 0.41903 3.77127 80 2 25 10 49410 0 
-98.0028 24.0301 -3.29567 0.41903 3.77127 80 2 25 10 49411 0 
-97.9888 24.0293 -3.23969 0.41903 3.77127 80 2 25 10 49412 0 
-97.9749 24.0286 -3.18465 0.41903 3.77127 80 2 25 10 49413 0 
-97.9609 24.0278 -3.13051 0.41903 3.77127 80 2 25 10 49414 0 
-97.947 24.027 -3.07728 0.41903 3.77127 80 2 25 10 49415 0 
-97.933 24.0263 -3.02494 0.41903 3.77127 80 2 25 10 49416 0 
-97.9191 24.0255 -2.97347 0.41903 3.77127 80 2 25 10 49417 0 
-97.9051 24.0248 -2.92285 0.41903 3.77127 80 2 25 10 49418 0 
-97.8982 24.0244 -3.51908 0.41903 3.77127 80 2 25 10 49419 0 
-97.8843 24.0236 -3.45937 0.41903 3.77127 80 2 25 10 49420 0 
-97.8703 24.0227 -3.40066 0.41903 3.77127 80 2 25 10 49421 0 
-97.8564 24.0219 -3.34292 0.41903 3.77127 80 2 25 10 49422 0 
-97.8424 24.0211 -3.28614 0.41903 3.77127 80 2 25 10 49423 0 
-97.8285 24.0203 -3.23031 0.41903 3.77127 80 2 25 10 49424 0 
-97.8145 24.0195 -3.1754 0.41903 3.77127 80 2 25 10 49425 0 
-97.8006 24.0187 -3.12142 0.41903 3.77127 80 2 25 10 49426 0 
-97.7866 24.018 -3.06833 0.41903 3.77127 80 2 25 10 49427 0 
-97.7727 24.0172 -3.01612 0.41903 3.77127 80 2 25 10 49428 0 
-97.7587 24.0165 -2.96478 0.41903 3.77127 80 2 25 10 49429 0 
-97.7448 24.0158 -2.9143 0.41903 3.77127 80 2 25 10 49430 0 
-97.7379 24.0154 -3.50953 0.41903 3.77127 80 2 25 10 49431 0 
-97.7239 24.0146 -3.44997 0.41903 3.77127 80 2 25 10 49432 0 
-97.71 24.0137 -3.3914 0.41903 3.77127 80 2 25 10 49433 0 
-97.696 24.0129 -3.33381 0.41903 3.77127 80 2 25 10 49434 0 
-97.6821 24.0121 -3.27717 0.41903 3.77127 80 2 25 10 49435 0 
-97.6681 24.0113 -3.22148 0.41903 3.77127 80 2 25 10 49436 0 
-97.6542 24.0105 -3.16671 0.41903 3.77127 80 2 25 10 49437 0 
-97.6403 24.0097 -3.11286 0.41903 3.77127 80 2 25 10 49438 0 
-97.6263 24.009 -3.0599 0.41903 3.77127 80 2 25 10 49439 0 
-97.6124 24.0082 -3.00782 0.41903 3.77127 80 2 25 10 49440 0 
-97.5984 24.0075 -2.95661 0.41903 3.77127 80 2 25 10 49441 0 
-97.5845 24.0068 -2.90626 0.41903 3.77127 80 2 25 10 49442 0 
-97.5775 24.0064 -3.50049 0.41903 3.77127 80 2 25 10 49443 0 
-97.5636 24.0056 -3.44107 0.41903 3.77127 80 2 25 10 49444 0 
-97.5497 24.0047 -3.38263 0.41903 3.77127 80 2 25 10 49445 0 
-97.5357 24.0039 -3.32517 0.41903 3.77127 80 2 25 10 49446 0 
-97.5218 24.0031 -3.26867 0.41903 3.77127 80 2 25 10 49447 0 
-97.5078 24.0023 -3.21311 0.41903 3.77127 80 2 25 10 49448 0 
-97.4939 24.0015 -3.15847 0.41903 3.77127 80 2 25 10 49449 0 
-97.4799 24.0007 -3.10474 0.41903 3.77127 80 2 25 10 49450 0 
-97.466 24 -3.05191 0.41903 3.77127 80 2 25 10 49451 0 
-97.452 23.9992 -2.99995 0.41903 3.77127 80 2 25 10 49452 0 
-97.4381 23.9985 -2.94887 0.41903 3.77127 80 2 25 10 49453 0 
-97.4241 23.9978 -2.89863 0.41903 3.77127 80 2 25 10 49454 0 
-97.4172 23.9974 -3.49186 0.41903 3.77127 80 2 25 10 49455 0 
-97.4033 23.9966 -3.43257 0.41903 3.77127 80 2 25 10 49456 0 
-97.3893 23.9958 -3.37427 0.41903 3.77127 80 2 25 10 49457 0 
-97.3754 23.9949 -3.31693 0.41903 3.77127 80 2 25 10 49458 0 
-97.3614 23.9941 -3.26056 0.41903 3.77127 80 2 25 10 49459 0 
-97.3475 23.9933 -3.20512 0.41903 3.77127 80 2 25 10 49460 0 
-97.3335 23.9926 -3.1506 0.41903 3.77127 80 2 25 10 49461 0 
-97.3196 23.9918 -3.097 0.41903 3.77127 80 2 25 10 49462 0 
-97.3056 23.991 -3.04428 0.41903 3.77127 80 2 25 10 49463 0 
-97.2917 23.9903 -2.99244 0.41903 3.77127 80 2 25 10 49464 0 
-97.2777 23.9896 -2.94147 0.41903 3.77127 80 2 25 10 49465 0 
-97.2638 23.9888 -2.89135 0.41903 3.77127 80 2 25 10 49466 0 
-97.2569 23.9885 -3.48357 0.41903 3.77127 80 2 25 10 49467 0 
-97.2429 23.9876 -3.42441 0.41903 3.77127 80 2 25 10 49468 0 
-97.229 23.9868 -3.36623 0.41903 3.77127 80 2 25 10 49469 0 
-97.215 23.986 -3.30903 0.41903 3.77127 80 2 25 10 49470 0 
-97.2011 23.9852 -3.25277 0.41903 3.77127 80 2 25 10 49471 0 
-97.1871 23.9844 -3.19745 0.41903 3.77127 80 2 25 10 49472 0 
-97.1732 23.9836 -3.14305 0.41903 3.77127 80 2 25 10 49473 0 
-97.1592 23.9828 -3.08956 0.41903 3.77127 80 2 25 10 49474 0 
-97.1453 23.9821 -3.03696 0.41903 3.77127 80 2 25 10 49475 0 
-97.1314 23.9814 -2.98523 0.41903 3.77127 80 2 25 10 49476 0 
-97.1174 23.9806 -2.93437 0.41903 3.77127 80 2 25 10 49477 0 
-97.1035 23.9799 -2.88435 0.41903 3.77127 80 2 25 10 49478 0 
-97.0965 23.9796 -3.47557 0.41903 3.77127 80 2 25 10 49479 0 
-97.0826 23.9787 -3.41653 0.41903 3.77127 80 2 25 10 49480 0 
-97.0686 23.9779 -3.35848 0.41903 3.77127 80 2 25 10 49481 0 
-97.0547 23.9771 -3.30139 0.41903 3.77127 80 2 25 10 49482 0 
-97.0407 23.9763 -3.24525 0.41903 3.77127 80 2 25 10 49483 0 
-97.0268 23.9755 -3.19004 0.41903 3.77127 80 2 25 10 49484 0 
-97.0129 23.9747 -3.13576 0.41903 3.77127 80 2 25 10 49485 0 
-96.9989 23.9739 -3.08238 0.41903 3.77127 80 2 25 10 49486 0 
-96.985 23.9732 -3.02989 0.41903 3.77127 80 2 25 10 49487 0 
-96.971 23.9724 -2.97827 0.41903 3.77127 80 2 25 10 49488 0 
-96.9571 23.9717 -2.92751 0.41903 3.77127 80 2 25 10 49489 0 
-96.9431 23.971 -2.87759 0.41903 3.77127 80 2 25 10 49490 0 
-96.9362 23.9706 -3.46781 0.41903 3.77127 80 2 25 10 49491 0 
-96.9222 23.9698 -3.40889 0.41903 3.77127 80 2 25 10 49492 0 
-96.9083 23.969 -3.35095 0.41903 3.77127 80 2 25 10 49493 0 
-96.8944 23.9682 -3.29398 0.41903 3.77127 80 2 25 10 49494 0 
-96.8804 23.9674 -3.23795 0.41903 3.77127 80 2 25 10 49495 0 
-96.8665 23.9666 -3.18286 0.41903 3.77127 80 2 25 10 49496 0 
-96.8525 23.9658 -3.12868 0.41903 3.77127 80 2 25 10 49497 0 
-96.8386 23.965 -3.07541 0.41903 3.77127 80 2 25 10 49498 0 
-96.8246 23.9643 -3.02302 0.41903 3.77127 80 2 25 10 49499 0 
-96.8107 23.9635 -2.97151 0.41903 3.77127 80 2 25 10 49500 0 
-96.7967 23.9628 -2.92085 0.41903 3.77127 80 2 25 10 49501 0 
-96.7828 23.9621 -2.87103 0.41903 3.77127 80 2 25 10 49502 0 
-96.7758 23.9618 -3.46025 0.41903 3.77127 80 2 25 10 49503 0 
-96.7619 23.9609 -3.40145 0.41903 3.77127 80 2 25 10 49504 0 
-96.748 23.9601 -3.34362 0.41903 3.77127 80 2 25 10 49505 0 
-96.734 23.9593 -3.28676 0.41903 3.77127 80 2 25 10 49506 0 
-96.7201 23.9585 -3.23084 0.41903 3.77127 80 2 25 10 49507 0 
-96.7061 23.9577 -3.17586 0.41903 3.77127 80 2 25 10 49508 0 
-96.6922 23.9569 -3.12179 0.41903 3.77127 80 2 25 10 49509 0 
-96.6782 23.9561 -3.06862 0.41903 3.77127 80 2 25 10 49510 0 
-96.6643 23.9554 -3.01633 0.41903 3.77127 80 2 25 10 49511 0 
-96.6503 23.9547 -2.96492 0.41903 3.77127 80 2 25 10 49512 0 
-96.6364 23.9539 -2.91436 0.41903 3.77127 80 2 25 10 49513 0 
-96.6224 23.9532 -2.86464 0.41903 3.77127 80 2 25 10 49514 0 
-96.6085 23.9525 -2.81575 0.41903 3.77127 80 2 25 10 49515 0 
-96.6016 23.9522 -3.40428 0.41903 3.77127 80 2 25 10 49516 0 
-96.5876 23.9514 -3.34639 0.41903 3.77127 80 2 25 10 49517 0 
-96.5737 23.9505 -3.28947 0.41903 3.77127 80 2 25 10 49518 0 
-96.5597 23.9497 -3.2335 0.41903 3.77127 80 2 25 10 49519 0 
-96.5458 23.949 -3.17846 0.41903 3.77127 80 2 25 10 49520 0 
-96.5318 23.9482 -3.12434 0.41903 3.77127 80 2 25 10 49521 0 
-96.5179 23.9474 -3.07111 0.41903 3.77127 80 2 25 10 49522 0 
-96.5039 23.9467 -3.01878 0.41903 3.77127 80 2 25 10 49523 0 
-96.49 23.9459 -2.96731 0.41903 3.77127 80 2 25 10 49524 0 
-96.476 23.9452 -2.9167 0.41903 3.77127 80 2 25 10 49525 0 
-96.4621 23.9445 -2.86693 0.41903 3.77127 80 2 25 10 49526 0 
-96.4482 23.9438 -2.818 0.41903 3.77127 80 2 25 10 49527 0 
-96.4412 23.9435 -3.40546 0.41903 3.77127 80 2 25 10 49528 0 
-96.4273 23.9426 -3.34755 0.41903 3.77127 80 2 25 10 49529 0 
-96.4133 23.9418 -3.2906 0.41903 3.77127 80 2 25 10 49530 0 
-96.3994 23.941 -3.2346 0.41903 3.77127 80 2 25 10 49531 0 
-96.3854 23.9402 -3.17953 0.41903 3.77127 80 2 25 10 49532 0 
-96.3715 23.9395 -3.12537 0.41903 3.77127 80 2 25 10 49533 0 
-96.3575 23.9387 -3.07212 0.41903 3.77127 80 2 25 10 49534 0 
-96.3436 23.9379 -3.01976 0.41903 3.77127 80 2 25 10 49535 0 
-96.3296 23.9372 -2.96827 0.41903 3.77127 80 2 25 10 49536 0 
-96.3157 23.9365 -2.91763 0.41903 3.77127 80 2 25 10 49537 0 
-96.3018 23.9358 -2.86784 0.41903 3.77127 80 2 25 10 49538 0 
-96.2878 23.9351 -2.81888 0.41903 3.77127 80 2 25 10 49539 0 
-96.2809 23.9347 -3.4053 0.41903 3.77127 80 2 25 10 49540 0 
-96.2669 23.9339 -3.34737 0.41903 3.77127 80 2 25 10 49541 0 
-96.253 23.9331 -3.29042 0.41903 3.77127 80 2 25 10 49542 0 
-96.239 23.9323 -3.23441 0.41903 3.77127 80 2 25 10 49543 0 
-96.2251 23.9315 -3.17933 0.41903 3.77127 80 2 25 10 49544 0 
-96.2111 23.9307 -3.12517 0.41903 3.77127 80 2 25 10 49545 0 
-96.1972 23.93 -3.07191 0.41903 3.77127 80 2 25 10 49546 0 
-96.1832 23.9292 -3.01954 0.41903 3.77127 80 2 25 10 49547 0 
-96.1693 23.9285 -2.96804 0.41903 3.77127 80 2 25 10 49548 0 
-96.1553 23.9278 -2.9174 0.41903 3.77127 80 2 25 10 49549 0 
-96.1414 23.927 -2.8676 0.41903 3.77127 80 2 25 10 49550 0 
-96.1275 23.9264 -2.81863 0.41903 3.77127 80 2 25 10 49551 0 
-96.1205 23.926 -3.40401 0.41903 3.77127 80 2 25 10 49552 0 
-96.1066 23.9252 -3.3461 0.41903 3.77127 80 2 25 10 49553 0 
-96.0926 23.9244 -3.28916 0.41903 3.77127 80 2 25 10 49554 0 
-96.0787 23.9236 -3.23316 0.41903 3.77127 80 2 25 10 49555 0 
-96.0647 23.9228 -3.17809 0.41903 3.77127 80 2 25 10 49556 0 
-96.0508 23.922 -3.12394 0.41903 3.77127 80 2 25 10 49557 0 
-96.0368 23.9212 -3.07069 0.41903 3.77127 80 2 25 10 49558 0 
-96.0229 23.9205 -3.01833 0.41903 3.77127 80 2 25 10 49559 0 
-96.0089 23.9198 -2.96684 0.41903 3.77127 80 2 25 10 49560 0 
-95.995 23.919 -2.91621 0.41903 3.77127 80 2 25 10 49561 0 
-95.9811 23.9183 -2.86642 0.41903 3.77127 80 2 25 10 49562 0 
-95.9671 23.9176 -2.81745 0.41903 3.77127 80 2 25 10 49563 0 
-95.9602 23.9173 -3.40181 0.41903 3.77127 80 2 25 10 49564 0 
-95.9462 23.9165 -3.34393 0.41903 3.77127 80 2 25 10 49565 0 
-95.9323 23.9156 -3.287 0.41903 3.77127 80 2 25 10 49566 0 
-95.9183 23.9148 -3.23103 0.41903 3.77127 80 2 25 10 49567 0 
-95.9044 23.9141 -3.17599 0.41903 3.77127 80 2 25 10 49568 0 
-95.8904 23.9133 -3.12186 0.41903 3.77127 80 2 25 10 49569 0 
-95.8765 23.9125 -3.06864 0.41903 3.77127 80 2 25 10 49570 0 
-95.8625 23.9118 -3.0163 0.41903 3.77127 80 2 25 10 49571 0 
-95.8486 23.911 -2.96483 0.41903 3.77127 80 2 25 10 49572 0 
-95.8347 23.9103 -2.91422 0.41903 3.77127 80 2 25 10 49573 0 
-95.8207 23.9096 -2.86445 0.41903 3.77127 80 2 25 10 49574 0 
-95.8068 23.9089 -2.81552 0.41903 3.77127 80 2 25 10 49575 0 
-95.7928 23.9082 -2.76739 0.41903 3.77127 80 2 25 10 49576 0 
-95.7859 23.9079 -3.35103 0.41903 3.77127 80 2 25 10 49577 0 
-95.7719 23.9071 -3.29398 0.41903 3.77127 80 2 25 10 49578 0 
-95.758 23.9063 -3.23787 0.41903 3.77127 80 2 25 10 49579 0 
-95.744 23.9055 -3.18271 0.41903 3.77127 80 2 25 10 49580 0 
-95.7301 23.9047 -3.12846 0.41903 3.77127 80 2 25 10 49581 0 
-95.7161 23.9039 -3.07511 0.41903 3.77127 80 2 25 10 49582 0 
-95.7022 23.9032 -3.02266 0.41903 3.77127 80 2 25 10 49583 0 
-95.6882 23.9024 -2.97107 0.41903 3.77127 80 2 25 10 49584 0 
-95.6743 23.9017 -2.92035 0.41903 3.77127 80 2 25 10 49585 0 
-95.6604 23.901 -2.87047 0.41903 3.77127 80 2 25 10 49586 0 
-95.6464 23.9003 -2.82142 0.41903 3.77127 80 2 25 10 49587 0 
-95.6325 23.8996 -2.77319 0.41903 3.77127 80 2 25 10 49588 0 
-95.6255 23.8993 -3.35575 0.41903 3.77127 80 2 25 10 49589 0 
-95.6116 23.8985 -3.29861 0.41903 3.77127 80 2 25 10 49590 0 
-95.5976 23.8977 -3.24242 0.41903 3.77127 80 2 25 10 49591 0 
-95.5837 23.8969 -3.18717 0.41903 3.77127 80 2 25 10 49592 0 
-95.5697 23.8961 -3.13283 0.41903 3.77127 80 2 25 10 49593 0 
-95.5558 23.8953 -3.07941 0.41903 3.77127 80 2 25 10 49594 0 
-95.5418 23.8946 -3.02687 0.41903 3.77127 80 2 25 10 49595 0 
-95.5279 23.8939 -2.9752 0.41903 3.77127 80 2 25 10 49596 0 
-95.5139 23.8931 -2.9244 0.41903 3.77127 80 2 25 10 49597 0 
-95.5 23.8924 -2.87444 0.41903 3.77127 80 2 25 10 49598 0 
-95.4861 23.8917 -2.82531 0.41903 3.77127 80 2 25 10 49599 0 
-95.4721 23.891 -2.777 0.41903 3.77127 80 2 25 10 49600 0 
-95.4652 23.8907 -3.35851 0.41903 3.77127 80 2 25 10 49601 0 
-95.4512 23.8899 -3.30131 0.41903 3.77127 80 2 25 10 49602 0 
-95.4373 23.8891 -3.24507 0.41903 3.77127 80 2 25 10 49603 0 
-95.4233 23.8883 -3.18976 0.41903 3.77127 80 2 25 10 49604 0 
-95.4094 23.8875 -3.13538 0.41903 3.77127 80 2 25 10 49605 0 
-95.3954 23.8867 -3.08189 0.41903 3.77127 80 2 25 10 49606 0 
-95.3815 23.886 -3.0293 0.41903 3.77127 80 2 25 10 49607 0 
-95.3675 23.8852 -2.97759 0.41903 3.77127 80 2 25 10 49608 0 
-95.3536 23.8845 -2.92673 0.41903 3.77127 80 2 25 10 49609 0 
-95.3396 23.8838 -2.87672 0.41903 3.77127 80 2 25 10 49610 0 
-95.3257 23.8831 -2.82755 0.41903 3.77127 80 2 25 10 49611 0 
-95.3117 23.8824 -2.77919 0.41903 3.77127 80 2 25 10 49612 0 
-95.2978 23.8817 -2.73164 0.41903 3.77127 80 2 25 10 49613 0 
-95.2909 23.8814 -3.3124 0.41903 3.77127 80 2 25 10 49614 0 
-95.2769 23.8806 -3.25596 0.41903 3.77127 80 2 25 10 49615 0 
-95.263 23.8798 -3.20046 0.41903 3.77127 80 2 25 10 49616 0 
-95.249 23.879 -3.14588 0.41903 3.77127 80 2 25 10 49617 0 
-95.2351 23.8783 -3.09222 0.41903 3.77127 80 2 25 10 49618 0 
-95.2211 23.8775 -3.03944 0.41903 3.77127 80 2 25 10 49619 0 
-95.2072 23.8768 -2.98755 0.41903 3.77127 80 2 25 10 49620 0 
-95.1932 23.876 -2.93652 0.41903 3.77127 80 2 25 10 49621 0 
-95.1793 23.8753 -2.88634 0.41903 3.77127 80 2 25 10 49622 0 
-95.1653 23.8746 -2.83699 0.41903 3.77127 80 2 25 10 49623 0 
-95.1514 23.8739 -2.78847 0.41903 3.77127 80 2 25 10 49624 0 
-95.1374 23.8732 -2.74075 0.41903 3.77127 80 2 25 10 49625 0 
-95.1305 23.8729 -3.32042 0.41903 3.77127 80 2 25 10 49626 0 
-95.1165 23.8721 -3.26384 0.41903 3.77127 80 2 25 10 49627 0 
-95.1026 23.8713 -3.20819 0.41903 3.77127 80 2 25 10 49628 0 
-95.0887 23.8705 -3.15348 0.41903 3.77127 80 2 25 10 49629 0 
-95.0747 23.8698 -3.09967 0.41903 3.77127 80 2 25 10 49630 0 
-95.0608 23.869 -3.04677 0.41903 3.77127 80 2 25 10 49631 0 
-95.0468 23.8683 -2.99474 0.41903 3.77127 80 2 25 10 49632 0 
-95.0329 23.8675 -2.94358 0.41903 3.77127 80 2 25 10 49633 0 
-95.0189 23.8668 -2.89327 0.41903 3.77127 80 2 25 10 49634 0 
-95.005 23.8661 -2.8438 0.41903 3.77127 80 2 25 10 49635 0 
-94.991 23.8654 -2.79515 0.41903 3.77127 80 2 25 10 49636 0 
-94.9771 23.8647 -2.74731 0.41903 3.77127 80 2 25 10 49637 0 
-94.9701 23.8644 -3.32591 0.41903 3.77127 80 2 25 10 49638 0 
-94.9562 23.8636 -3.26922 0.41903 3.77127 80 2 25 10 49639 0 
-94.9422 23.8628 -3.21348 0.41903 3.77127 80 2 25 10 49640 0 
-94.9283 23.862 -3.15867 0.41903 3.77127 80 2 25 10 49641 0 
-94.9143 23.8612 -3.10477 0.41903 3.77127 80 2 25 10 49642 0 
-94.9004 23.8605 -3.05176 0.41903 3.77127 80 2 25 10 49643 0 
-94.8865 23.8597 -2.99964 0.41903 3.77127 80 2 25 10 49644 0 
-94.8725 23.859 -2.94839 0.41903 3.77127 80 2 25 10 49645 0 
-94.8586 23.8583 -2.89799 0.41903 3.77127 80 2 25 10 49646 0 
-94.8446 23.8576 -2.84843 0.41903 3.77127 80 2 25 10 49647 0 
-94.8307 23.8569 -2.79969 0.41903 3.77127 80 2 25 10 49648 0 
-94.8167 23.8562 -2.75177 0.41903 3.77127 80 2 25 10 49649 0 
-94.8027 23.8555 -2.70464 0.41903 3.77127 80 2 25 10 49650 0 
-94.7958 23.8552 -3.28248 0.41903 3.77127 80 2 25 10 49651 0 
-94.7819 23.8544 -3.2265 0.41903 3.77127 80 2 25 10 49652 0 
-94.7679 23.8536 -3.17146 0.41903 3.77127 80 2 25 10 49653 0 
-94.754 23.8529 -3.11734 0.41903 3.77127 80 2 25 10 49654 0 
-94.74 23.8521 -3.06411 0.41903 3.77127 80 2 25 10 49655 0 
-94.7261 23.8513 -3.01178 0.41903 3.77127 80 2 25 10 49656 0 
-94.7121 23.8506 -2.96031 0.41903 3.77127 80 2 25 10 49657 0 
-94.6982 23.8499 -2.9097 0.41903 3.77127 80 2 25 10 49658 0 
-94.6842 23.8492 -2.85993 0.41903 3.77127 80 2 25 10 49659 0 
-94.6703 23.8485 -2.81099 0.41903 3.77127 80 2 25 10 49660 0 
-94.6563 23.8478 -2.76287 0.41903 3.77127 80 2 25 10 49661 0 
-94.6424 23.8471 -2.71555 0.41903 3.77127 80 2 25 10 49662 0 
-94.6355 23.8468 -3.29229 0.41903 3.77127 80 2 25 10 49663 0 
-94.6215 23.846 -3.23614 0.41903 3.77127 80 2 25 10 49664 0 
-94.6076 23.8452 -3.18093 0.41903 3.77127 80 2 25 10 49665 0 
-94.5936 23.8444 -3.12664 0.41903 3.77127 80 2 25 10 49666 0 
-94.5797 23.8437 -3.07325 0.41903 3.77127 80 2 25 10 49667 0 
-94.5657 23.8429 -3.02075 0.41903 3.77127 80 2 25 10 49668 0 
-94.5518 23.8422 -2.96912 0.41903 3.77127 80 2 25 10 49669 0 
-94.5378 23.8415 -2.91836 0.41903 3.77127 80 2 25 10 49670 0 
-94.5239 23.8408 -2.86843 0.41903 3.77127 80 2 25 10 49671 0 
-94.5099 23.8401 -2.81934 0.41903 3.77127 80 2 25 10 49672 0 
-94.496 23.8394 -2.77107 0.41903 3.77127 80 2 25 10 49673 0 
-94.482 23.8387 -2.7236 0.41903 3.77127 80 2 25 10 49674 0 
-94.4751 23.8384 -3.29927 0.41903 3.77127 80 2 25 10 49675 0 
-94.4611 23.8376 -3.243 0.41903 3.77127 80 2 25 10 49676 0 
-94.4472 23.8368 -3.18766 0.41903 3.77127 80 2 25 10 49677 0 
-94.4333 23.836 -3.13324 0.41903 3.77127 80 2 25 10 49678 0 
-94.4193 23.8352 -3.07973 0.41903 3.77127 80 2 25 10 49679 0 
-94.4054 23.8345 -3.02711 0.41903 3.77127 80 2 25 10 49680 0 
-94.3914 23.8337 -2.97537 0.41903 3.77127 80 2 25 10 49681 0 
-94.3775 23.833 -2.92449 0.41903 3.77127 80 2 25 10 49682 0 
-94.3635 23.8323 -2.87445 0.41903 3.77127 80 2 25 10 49683 0 
-94.3496 23.8316 -2.82525 0.41903 3.77127 80 2 25 10 49684 0 
-94.3356 23.8309 -2.77687 0.41903 3.77127 80 2 25 10 49685 0 
-94.3217 23.8302 -2.72929 0.41903 3.77127 80 2 25 10 49686 0 
-94.3077 23.8296 -2.68251 0.41903 3.77127 80 2 25 10 49687 0 
-94.3008 23.8293 -3.25741 0.41903 3.77127 80 2 25 10 49688 0 
-94.2868 23.8285 -3.20182 0.41903 3.77127 80 2 25 10 49689 0 
-94.2729 23.8277 -3.14716 0.41903 3.77127 80 2 25 10 49690 0 
-94.2589 23.8269 -3.09341 0.41903 3.77127 80 2 25 10 49691 0 
-94.245 23.8262 -3.04055 0.41903 3.77127 80 2 25 10 49692 0 
-94.231 23.8254 -2.98857 0.41903 3.77127 80 2 25 10 49693 0 
-94.2171 23.8247 -2.93746 0.41903 3.77127 80 2 25 10 49694 0 
-94.2031 23.824 -2.8872 0.41903 3.77127 80 2 25 10 49695 0 
-94.1892 23.8233 -2.83778 0.41903 3.77127 80 2 25 10 49696 0 
-94.1752 23.8226 -2.78918 0.41903 3.77127 80 2 25 10 49697 0 
-94.1613 23.8219 -2.74138 0.41903 3.77127 80 2 25 10 49698 0 
-94.1473 23.8212 -2.69439 0.41903 3.77127 80 2 25 10 49699 0 
-94.1404 23.8209 -3.26819 0.41903 3.77127 80 2 25 10 49700 0 
-94.1265 23.8201 -3.21242 0.41903 3.77127 80 2 25 10 49701 0 
-94.1125 23.8193 -3.15757 0.41903 3.77127 80 2 25 10 49702 0 
-94.0986 23.8186 -3.10363 0.41903 3.77127 80 2 25 10 49703 0 
-94.0846 23.8178 -3.05059 0.41903 3.77127 80 2 25 10 49704 0 
-94.0707 23.8171 -2.99844 0.41903 3.77127 80 2 25 10 49705 0 
-94.0567 23.8163 -2.94715 0.41903 3.77127 80 2 25 10 49706 0 
-94.0428 23.8156 -2.89672 0.41903 3.77127 80 2 25 10 49707 0 
-94.0288 23.8149 -2.84712 0.41903 3.77127 80 2 25 10 49708 0 
-94.0149 23.8142 -2.79835 0.41903 3.77127 80 2 25 10 49709 0 
-94.0009 23.8135 -2.7504 0.41903 3.77127 80 2 25 10 49710 0 
-93.987 23.8129 -2.70324 0.41903 3.77127 80 2 25 10 49711 0 
-93.973 23.8122 -2.65687 0.41903 3.77127 80 2 25 10 49712 0 
-93.9661 23.8119 -3.22989 0.41903 3.77127 80 2 25 10 49713 0 
-93.9521 23.8111 -3.17474 0.41903 3.77127 80 2 25 10 49714 0 
-93.9382 23.8103 -3.1205 0.41903 3.77127 80 2 25 10 49715 0 
-93.9242 23.8096 -3.06717 0.41903 3.77127 80 2 25 10 49716 0 
-93.9103 23.8088 -3.01473 0.41903 3.77127 80 2 25 10 49717 0 
-93.8963 23.8081 -2.96316 0.41903 3.77127 80 2 25 10 49718 0 
-93.8824 23.8074 -2.91245 0.41903 3.77127 80 2 25 10 49719 0 
-93.8685 23.8066 -2.86259 0.41903 3.77127 80 2 25 10 49720 0 
-93.8545 23.8059 -2.81355 0.41903 3.77127 80 2 25 10 49721 0 
-93.8406 23.8053 -2.76533 0.41903 3.77127 80 2 25 10 49722 0 
-93.8266 23.8046 -2.71792 0.41903 3.77127 80 2 25 10 49723 0 
-93.8126 23.8039 -2.67129 0.41903 3.77127 80 2 25 10 49724 0 
-93.8057 23.8036 -3.2432 0.41903 3.77127 80 2 25 10 49725 0 
-93.7918 23.8028 -3.18781 0.41903 3.77127 80 2 25 10 49726 0 
-93.7778 23.802 -3.13335 0.41903 3.77127 80 2 25 10 49727 0 
-93.7639 23.8013 -3.0798 0.41903 3.77127 80 2 25 10 49728 0 
-93.7499 23.8005 -3.02714 0.41903 3.77127 80 2 25 10 49729 0 
-93.736 23.7998 -2.97535 0.41903 3.77127 80 2 25 10 49730 0 
-93.722 23.7991 -2.92443 0.41903 3.77127 80 2 25 10 49731 0 
-93.7081 23.7983 -2.87435 0.41903 3.77127 80 2 25 10 49732 0 
-93.6941 23.7976 -2.82511 0.41903 3.77127 80 2 25 10 49733 0 
-93.6802 23.797 -2.77668 0.41903 3.77127 80 2 25 10 49734 0 
-93.6662 23.7963 -2.72907 0.41903 3.77127 80 2 25 10 49735 0 
-93.6523 23.7956 -2.68224 0.41903 3.77127 80 2 25 10 49736 0 
-93.6453 23.7953 -3.25307 0.41903 3.77127 80 2 25 10 49737 0 
-93.6314 23.7945 -3.19751 0.41903 3.77127 80 2 25 10 49738 0 
-93.6174 23.7937 -3.14288 0.41903 3.77127 80 2 25 10 49739 0 
-93.6035 23.793 -3.08915 0.41903 3.77127 80 2 25 10 49740 0 
-93.5896 23.7922 -3.03633 0.41903 3.77127 80 2 25 10 49741 0 
-93.5756 23.7915 -2.98438 0.41903 3.77127 80 2 25 10 49742 0 
-93.5617 23.7907 -2.93329 0.41903 3.77127 80 2 25 10 49743 0 
-93.5477 23.79 -2.88306 0.41903 3.77127 80 2 25 10 49744 0 
-93.5338 23.7893 -2.83366 0.41903 3.77127 80 2 25 10 49745 0 
-93.5198 23.7886 -2.78508 0.41903 3.77127 80 2 25 10 49746 0 
-93.5059 23.7879 -2.73732 0.41903 3.77127 80 2 25 10 49747 0 
-93.4919 23.7873 -2.69034 0.41903 3.77127 80 2 25 10 49748 0 
-93.478 23.7866 -2.64415 0.41903 3.77127 80 2 25 10 49749 0 
-93.471 23.7863 -3.2142 0.41903 3.77127 80 2 25 10 49750 0 
-93.4571 23.7855 -3.15928 0.41903 3.77127 80 2 25 10 49751 0 
-93.4431 23.7847 -3.10527 0.41903 3.77127 80 2 25 10 49752 0 
-93.4292 23.784 -3.05216 0.41903 3.77127 80 2 25 10 49753 0 
-93.4152 23.7832 -2.99994 0.41903 3.77127 80 2 25 10 49754 0 
-93.4013 23.7825 -2.94859 0.41903 3.77127 80 2 25 10 49755 0 
-93.3873 23.7818 -2.89809 0.41903 3.77127 80 2 25 10 49756 0 
-93.3734 23.7811 -2.84843 0.41903 3.77127 80 2 25 10 49757 0 
-93.3594 23.7804 -2.79959 0.41903 3.77127 80 2 25 10 49758 0 
-93.3455 23.7797 -2.75158 0.41903 3.77127 80 2 25 10 49759 0 
-93.3315 23.779 -2.70436 0.41903 3.77127 80 2 25 10 49760 0 
-93.3176 23.7784 -2.65792 0.41903 3.77127 80 2 25 10 49761 0 
-93.3106 23.7781 -3.22687 0.41903 3.77127 80 2 25 10 49762 0 
-93.2967 23.7773 -3.17173 0.41903 3.77127 80 2 25 10 49763 0 
-93.2827 23.7765 -3.1175 0.41903 3.77127 80 2 25 10 49764 0 
-93.2688 23.7757 -3.06418 0.41903 3.77127 80 2 25 10 49765 0 
-93.2549 23.775 -3.01174 0.41903 3.77127 80 2 25 10 49766 0 
-93.2409 23.7743 -2.96018 0.41903 3.77127 80 2 25 10 49767 0 
-93.227 23.7735 -2.90948 0.41903 3.77127 80 2 25 10 49768 0 
-93.213 23.7728 -2.85962 0.41903 3.77127 80 2 25 10 49769 0 
-93.1991 23.7721 -2.81059 0.41903 3.77127 80 2 25 10 49770 0 
-93.1851 23.7715 -2.76238 0.41903 3.77127 80 2 25 10 49771 0 
-93.1712 23.7708 -2.71497 0.41903 3.77127 80 2 25 10 49772 0 
-93.1572 23.7701 -2.66834 0.41903 3.77127 80 2 25 10 49773 0 
-93.1432 23.7695 -2.6225 0.41903 3.77127 80 2 25 10 49774 0 
-93.1363 23.7691 -3.19065 0.41903 3.77127 80 2 25 10 49775 0 
-93.1224 23.7684 -3.1361 0.41903 3.77127 80 2 25 10 49776 0 
-93.1084 23.7676 -3.08246 0.41903 3.77127 80 2 25 10 49777 0 
-93.0945 23.7669 -3.02971 0.41903 3.77127 80 2 25 10 49778 0 
-93.0805 23.7661 -2.97784 0.41903 3.77127 80 2 25 10 49779 0 
-93.0666 23.7654 -2.92683 0.41903 3.77127 80 2 25 10 49780 0 
-93.0526 23.7647 -2.87667 0.41903 3.77127 80 2 25 10 49781 0 
-93.0387 23.764 -2.82735 0.41903 3.77127 80 2 25 10 49782 0 
-93.0247 23.7633 -2.77884 0.41903 3.77127 80 2 25 10 49783 0 
-93.0108 23.7626 -2.73115 0.41903 3.77127 80 2 25 10 49784 0 
-92.9968 23.7619 -2.68425 0.41903 3.77127 80 2 25 10 49785 0 
-92.9829 23.7613 -2.63813 0.41903 3.77127 80 2 25 10 49786 0 
-92.9689 23.7606 -2.59278 0.41903 3.77127 80 2 25 10 49787 0 
-92.962 23.7603 -3.1601 0.41903 3.77127 80 2 25 10 49788 0 
-92.948 23.7596 -3.10605 0.41903 3.77127 80 2 25 10 49789 0 
-92.9341 23.7588 -3.05289 0.41903 3.77127 80 2 25 10 49790 0 
-92.9201 23.7581 -3.00062 0.41903 3.77127 80 2 25 10 49791 0 
-92.9062 23.7573 -2.94923 0.41903 3.77127 80 2 25 10 49792 0 
-92.8923 23.7566 -2.89868 0.41903 3.77127 80 2 25 10 49793 0 
-92.8783 23.7559 -2.84898 0.41903 3.77127 80 2 25 10 49794 0 
-92.8643 23.7552 -2.80011 0.41903 3.77127 80 2 25 10 49795 0 
-92.8504 23.7545 -2.75205 0.41903 3.77127 80 2 25 10 49796 0 
-92.8364 23.7539 -2.70479 0.41903 3.77127 80 2 25 10 49797 0 
-92.8225 23.7532 -2.65832 0.41903 3.77127 80 2 25 10 49798 0 
-92.8085 23.7525 -2.61262 0.41903 3.77127 80 2 25 10 49799 0 
-92.8016 23.7522 -3.17881 0.41903 3.77127 80 2 25 10 49800 0 
-92.7877 23.7515 -3.12443 0.41903 3.77127 80 2 25 10 49801 0 
-92.7737 23.7507 -3.07096 0.41903 3.77127 80 2 25 10 49802 0 
-92.7598 23.7499 -3.01838 0.41903 3.77127 80 2 25 10 49803 0 
-92.7458 23.7492 -2.96668 0.41903 3.77127 80 2 25 10 49804 0 
-92.7319 23.7485 -2.91583 0.41903 3.77127 80 2 25 10 49805 0 
-92.7179 23.7478 -2.86583 0.41903 3.77127 80 2 25 10 49806 0 
-92.704 23.7471 -2.81667 0.41903 3.77127 80 2 25 10 49807 0 
-92.69 23.7464 -2.76832 0.41903 3.77127 80 2 25 10 49808 0 
-92.6761 23.7457 -2.72078 0.41903 3.77127 80 2 25 10 49809 0 
-92.6621 23.7451 -2.67403 0.41903 3.77127 80 2 25 10 49810 0 
-92.6482 23.7444 -2.62806 0.41903 3.77127 80 2 25 10 49811 0 
-92.6342 23.7438 -2.58285 0.41903 3.77127 80 2 25 10 49812 0 
-92.6273 23.7434 -3.14822 0.41903 3.77127 80 2 25 10 49813 0 
-92.6133 23.7427 -3.09434 0.41903 3.77127 80 2 25 10 49814 0 
-92.5994 23.7419 -3.04136 0.41903 3.77127 80 2 25 10 49815 0 
-92.5854 23.7412 -2.98926 0.41903 3.77127 80 2 25 10 49816 0 
-92.5715 23.7405 -2.93803 0.41903 3.77127 80 2 25 10 49817 0 
-92.5575 23.7397 -2.88765 0.41903 3.77127 80 2 25 10 49818 0 
-92.5436 23.739 -2.83812 0.41903 3.77127 80 2 25 10 49819 0 
-92.5296 23.7383 -2.7894 0.41903 3.77127 80 2 25 10 49820 0 
-92.5157 23.7377 -2.7415 0.41903 3.77127 80 2 25 10 49821 0 
-92.5017 23.737 -2.69439 0.41903 3.77127 80 2 25 10 49822 0 
-92.4878 23.7363 -2.64807 0.41903 3.77127 80 2 25 10 49823 0 
-92.4738 23.7357 -2.60252 0.41903 3.77127 80 2 25 10 49824 0 
-92.4669 23.7354 -3.16675 0.41903 3.77127 80 2 25 10 49825 0 
-92.4529 23.7346 -3.11256 0.41903 3.77127 80 2 25 10 49826 0 
-92.439 23.7339 -3.05926 0.41903 3.77127 80 2 25 10 49827 0 
-92.425 23.7331 -3.00686 0.41903 3.77127 80 2 25 10 49828 0 
-92.4111 23.7324 -2.95532 0.41903 3.77127 80 2 25 10 49829 0 
-92.3971 23.7317 -2.90465 0.41903 3.77127 80 2 25 10 49830 0 
-92.3832 23.7309 -2.85481 0.41903 3.77127 80 2 25 10 49831 0 
-92.3693 23.7302 -2.80581 0.41903 3.77127 80 2 25 10 49832 0 
-92.3553 23.7296 -2.75762 0.41903 3.77127 80 2 25 10 49833 0 
-92.3413 23.7289 -2.71024 0.41903 3.77127 80 2 25 10 49834 0 
-92.3274 23.7282 -2.66364 0.41903 3.77127 80 2 25 10 49835 0 
-92.3134 23.7276 -2.61782 0.41903 3.77127 80 2 25 10 49836 0 
-92.2995 23.7269 -2.57277 0.41903 3.77127 80 2 25 10 49837 0 
-92.2925 23.7266 -3.13618 0.41903 3.77127 80 2 25 10 49838 0 
-92.2786 23.7259 -3.08248 0.41903 3.77127 80 2 25 10 49839 0 
-92.2647 23.7251 -3.02967 0.41903 3.77127 80 2 25 10 49840 0 
-92.2507 23.7244 -2.97775 0.41903 3.77127 80 2 25 10 49841 0 
-92.2368 23.7237 -2.92669 0.41903 3.77127 80 2 25 10 49842 0 
-92.2228 23.7229 -2.87648 0.41903 3.77127 80 2 25 10 49843 0 
-92.2089 23.7222 -2.82711 0.41903 3.77127 80 2 25 10 49844 0 
-92.1949 23.7216 -2.77855 0.41903 3.77127 80 2 25 10 49845 0 
-92.181 23.7209 -2.73081 0.41903 3.77127 80 2 25 10 49846 0 
-92.167 23.7202 -2.68386 0.41903 3.77127 80 2 25 10 49847 0 
-92.1531 23.7196 -2.63769 0.41903 3.77127 80 2 25 10 49848 0 
-92.1391 23.7189 -2.59229 0.41903 3.77127 80 2 25 10 49849 0 
-92.1322 23.7186 -3.15458 0.41903 3.77127 80 2 25 10 49850 0 
-92.1182 23.7178 -3.10056 0.41903 3.77127 80 2 25 10 49851 0 
-92.1043 23.7171 -3.04745 0.41903 3.77127 80 2 25 10 49852 0 
-92.0903 23.7163 -2.99522 0.41903 3.77127 80 2 25 10 49853 0 
-92.0764 23.7156 -2.94385 0.41903 3.77127 80 2 25 10 49854 0 
-92.0624 23.7149 -2.89335 0.41903 3.77127 80 2 25 10 49855 0 
-92.0485 23.7142 -2.84368 0.41903 3.77127 80 2 25 10 49856 0 
-92.0345 23.7135 -2.79484 0.41903 3.77127 80 2 25 10 49857 0 
-92.0206 23.7128 -2.74682 0.41903 3.77127 80 2 25 10 49858 0 
-92.0066 23.7121 -2.69959 0.41903 3.77127 80 2 25 10 49859 0 
-91.9927 23.7115 -2.65315 0.41903 3.77127 80 2 25 10 49860 0 
-91.9787 23.7108 -2.60748 0.41903 3.77127 80 2 25 10 49861 0 
-91.9648 23.7102 -2.56258 0.41903 3.77127 80 2 25 10 49862 0 
-91.9578 23.7099 -3.12404 0.41903 3.77127 80 2 25 10 49863 0 
-91.9439 23.7091 -3.07052 0.41903 3.77127 80 2 25 10 49864 0 
-91.9299 23.7084 -3.0179 0.41903 3.77127 80 2 25 10 49865 0 
-91.916 23.7076 -2.96615 0.41903 3.77127 80 2 25 10 49866 0 
-91.902 23.7069 -2.91526 0.41903 3.77127 80 2 25 10 49867 0 
-91.8881 23.7062 -2.86522 0.41903 3.77127 80 2 25 10 49868 0 
-91.8741 23.7055 -2.81601 0.41903 3.77127 80 2 25 10 49869 0 
-91.8602 23.7048 -2.76762 0.41903 3.77127 80 2 25 10 49870 0 
-91.8462 23.7042 -2.72004 0.41903 3.77127 80 2 25 10 49871 0 
-91.8323 23.7035 -2.67325 0.41903 3.77127 80 2 25 10 49872 0 
-91.8183 23.7028 -2.62724 0.41903 3.77127 80 2 25 10 49873 0 
-91.8044 23.7022 -2.58199 0.41903 3.77127 80 2 25 10 49874 0 
-91.7904 23.7016 -2.5375 0.41903 3.77127 80 2 25 10 49875 0 
-91.7835 23.7013 -3.09811 0.41903 3.77127 80 2 25 10 49876 0 
-91.7695 23.7005 -3.04501 0.41903 3.77127 80 2 25 10 49877 0 
-91.7556 23.6998 -2.9928 0.41903 3.77127 80 2 25 10 49878 0 
-91.7416 23.699 -2.94146 0.41903 3.77127 80 2 25 10 49879 0 
-91.7277 23.6983 -2.89097 0.41903 3.77127 80 2 25 10 49880 0 
-91.7138 23.6976 -2.84132 0.41903 3.77127 80 2 25 10 49881 0 
-91.6998 23.6969 -2.7925 0.41903 3.77127 80 2 25 10 49882 0 
-91.6858 23.6962 -2.74449 0.41903 3.77127 80 2 25 10 49883 0 
-91.6719 23.6956 -2.69729 0.41903 3.77127 80 2 25 10 49884 0 
-91.6579 23.6949 -2.65086 0.41903 3.77127 80 2 25 10 49885 0 
-91.644 23.6943 -2.60521 0.41903 3.77127 80 2 25 10 49886 0 
-91.63 23.6936 -2.56032 0.41903 3.77127 80 2 25 10 49887 0 
-91.6231 23.6933 -3.11979 0.41903 3.77127 80 2 25 10 49888 0 
-91.6091 23.6926 -3.06633 0.41903 3.77127 80 2 25 10 49889 0 
-91.5952 23.6918 -3.01375 0.41903 3.77127 80 2 25 10 49890 0 
-91.5813 23.6911 -2.96205 0.41903 3.77127 80 2 25 10 49891 0 
-91.5673 23.6904 -2.9112 0.41903 3.77127 80 2 25 10 49892 0 
-91.5534 23.6896 -2.86121 0.41903 3.77127 80 2 25 10 49893 0 
-91.5394 23.6889 -2.81205 0.41903 3.77127 80 2 25 10 49894 0 
-91.5255 23.6883 -2.7637 0.41903 3.77127 80 2 25 10 49895 0 
-91.5115 23.6876 -2.71616 0.41903 3.77127 80 2 25 10 49896 0 
-91.4976 23.6869 -2.66941 0.41903 3.77127 80 2 25 10 49897 0 
-91.4836 23.6863 -2.62344 0.41903 3.77127 80 2 25 10 49898 0 
-91.4696 23.6856 -2.57824 0.41903 3.77127 80 2 25 10 49899 0 
-91.4557 23.685 -2.53379 0.41903 3.77127 80 2 25 10 49900 0 
-91.4488 23.6847 -3.09242 0.41903 3.77127 80 2 25 10 49901 0 
-91.4348 23.6839 -3.0394 0.41903 3.77127 80 2 25 10 49902 0 
-91.4209 23.6832 -2.98726 0.41903 3.77127 80 2 25 10 49903 0 
-91.4069 23.6825 -2.93599 0.41903 3.77127 80 2 25 10 49904 0 
-91.393 23.6818 -2.88557 0.41903 3.77127 80 2 25 10 49905 0 
-91.379 23.6811 -2.83599 0.41903 3.77127 80 2 25 10 49906 0 
-91.3651 23.6804 -2.78724 0.41903 3.77127 80 2 25 10 49907 0 
-91.3511 23.6797 -2.7393 0.41903 3.77127 80 2 25 10 49908 0 
-91.3372 23.679 -2.69215 0.41903 3.77127 80 2 25 10 49909 0 
-91.3232 23.6784 -2.64579 0.41903 3.77127 80 2 25 10 49910 0 
-91.3092 23.6777 -2.6002 0.41903 3.77127 80 2 25 10 49911 0 
-91.2953 23.6771 -2.55538 0.41903 3.77127 80 2 25 10 49912 0 
-91.2813 23.6765 -2.51129 0.41903 3.77127 80 2 25 10 49913 0 
-91.2744 23.6762 -3.06907 0.41903 3.77127 80 2 25 10 49914 0 
-91.2605 23.6754 -3.01642 0.41903 3.77127 80 2 25 10 49915 0 
-91.2465 23.6747 -2.96466 0.41903 3.77127 80 2 25 10 49916 0 
-91.2326 23.674 -2.91375 0.41903 3.77127 80 2 25 10 49917 0 
-91.2186 23.6733 -2.86369 0.41903 3.77127 80 2 25 10 49918 0 
-91.2047 23.6726 -2.81446 0.41903 3.77127 80 2 25 10 49919 0 
-91.1907 23.6719 -2.76606 0.41903 3.77127 80 2 25 10 49920 0 
-91.1768 23.6712 -2.71846 0.41903 3.77127 80 2 25 10 49921 0 
-91.1628 23.6705 -2.67165 0.41903 3.77127 80 2 25 10 49922 0 
-91.1489 23.6699 -2.62562 0.41903 3.77127 80 2 25 10 49923 0 
-91.1349 23.6692 -2.58036 0.41903 3.77127 80 2 25 10 49924 0 
-91.1209 23.6686 -2.53585 0.41903 3.77127 80 2 25 10 49925 0 
-91.107 23.668 -2.49208 0.41903 3.77127 80 2 25 10 49926 0 
-91.1001 23.6677 -3.04897 0.41903 3.77127 80 2 25 10 49927 0 
-91.0861 23.6669 -2.99665 0.41903 3.77127 80 2 25 10 49928 0 
-91.0722 23.6662 -2.9452 0.41903 3.77127 80 2 25 10 49929 0 
-91.0582 23.6655 -2.89461 0.41903 3.77127 80 2 25 10 49930 0 
-91.0443 23.6648 -2.84486 0.41903 3.77127 80 2 25 10 49931 0 
-91.0303 23.6641 -2.79594 0.41903 3.77127 80 2 25 10 49932 0 
-91.0164 23.6634 -2.74783 0.41903 3.77127 80 2 25 10 49933 0 
-91.0024 23.6628 -2.70052 0.41903 3.77127 80 2 25 10 49934 0 
-90.9885 23.6621 -2.654 0.41903 3.77127 80 2 25 10 49935 0 
-90.9745 23.6614 -2.60826 0.41903 3.77127 80 2 25 10 49936 0 
-90.9605 23.6608 -2.56327 0.41903 3.77127 80 2 25 10 49937 0 
-90.9466 23.6602 -2.51904 0.41903 3.77127 80 2 25 10 49938 0 
-90.9397 23.6599 -3.07477 0.41903 3.77127 80 2 25 10 49939 0 
-90.9257 23.6591 -3.022 0.41903 3.77127 80 2 25 10 49940 0 
-90.9118 23.6584 -2.97012 0.41903 3.77127 80 2 25 10 49941 0 
-90.8978 23.6577 -2.9191 0.41903 3.77127 80 2 25 10 49942 0 
-90.8839 23.657 -2.86893 0.41903 3.77127 80 2 25 10 49943 0 
-90.8699 23.6563 -2.8196 0.41903 3.77127 80 2 25 10 49944 0 
-90.856 23.6556 -2.77109 0.41903 3.77127 80 2 25 10 49945 0 
-90.842 23.6549 -2.72338 0.41903 3.77127 80 2 25 10 49946 0 
-90.8281 23.6542 -2.67647 0.41903 3.77127 80 2 25 10 49947 0 
-90.8141 23.6536 -2.63034 0.41903 3.77127 80 2 25 10 49948 0 
-90.8002 23.6529 -2.58498 0.41903 3.77127 80 2 25 10 49949 0 
-90.7862 23.6523 -2.54037 0.41903 3.77127 80 2 25 10 49950 0 
-90.7722 23.6517 -2.49651 0.41903 3.77127 80 2 25 10 49951 0 
-90.7653 23.6514 -3.05138 0.41903 3.77127 80 2 25 10 49952 0 
-90.7514 23.6506 -2.999 0.41903 3.77127 80 2 25 10 49953 0 
-90.7374 23.6499 -2.94748 0.41903 3.77127 80 2 25 10 49954 0 
-90.7235 23.6492 -2.89683 0.41903 3.77127 80 2 25 10 49955 0 
-90.7095 23.6485 -2.84702 0.41903 3.77127 80 2 25 10 49956 0 
-90.6956 23.6478 -2.79804 0.41903 3.77127 80 2 25 10 49957 0 
-90.6816 23.6471 -2.74988 0.41903 3.77127 80 2 25 10 49958 0 
-90.6677 23.6464 -2.70251 0.41903 3.77127 80 2 25 10 49959 0 
-90.6537 23.6458 -2.65594 0.41903 3.77127 80 2 25 10 49960 0 
-90.6398 23.6451 -2.61014 0.41903 3.77127 80 2 25 10 49961 0 
-90.6258 23.6445 -2.5651 0.41903 3.77127 80 2 25 10 49962 0 
-90.6118 23.6439 -2.52082 0.41903 3.77127 80 2 25 10 49963 0 
-90.5979 23.6433 -2.47727 0.41903 3.77127 80 2 25 10 49964 0 
-90.591 23.643 -3.03126 0.41903 3.77127 80 2 25 10 49965 0 
-90.577 23.6422 -2.9792 0.41903 3.77127 80 2 25 10 49966 0 
-90.5631 23.6415 -2.92801 0.41903 3.77127 80 2 25 10 49967 0 
-90.5491 23.6408 -2.87767 0.41903 3.77127 80 2 25 10 49968 0 
-90.5352 23.6401 -2.82817 0.41903 3.77127 80 2 25 10 49969 0 
-90.5212 23.6394 -2.77949 0.41903 3.77127 80 2 25 10 49970 0 
-90.5073 23.6387 -2.73163 0.41903 3.77127 80 2 25 10 49971 0 
-90.4933 23.6381 -2.68456 0.41903 3.77127 80 2 25 10 49972 0 
-90.4794 23.6374 -2.63827 0.41903 3.77127 80 2 25 10 49973 0 
-90.4654 23.6368 -2.59276 0.41903 3.77127 80 2 25 10 49974 0 
-90.4514 23.6361 -2.548 0.41903 3.77127 80 2 25 10 49975 0 
-90.4375 23.6355 -2.50398 0.41903 3.77127 80 2 25 10 49976 0 
-90.4306 23.6352 -3.05682 0.41903 3.77127 80 2 25 10 49977 0 
-90.4166 23.6345 -3.00433 0.41903 3.77127 80 2 25 10 49978 0 
-90.4027 23.6337 -2.95271 0.41903 3.77127 80 2 25 10 49979 0 
-90.3887 23.633 -2.90195 0.41903 3.77127 80 2 25 10 49980 0 
-90.3748 23.6323 -2.85203 0.41903 3.77127 80 2 25 10 49981 0 
-90.3608 23.6316 -2.80295 0.41903 3.77127 80 2 25 10 49982 0 
-90.3469 23.6309 -2.75468 0.41903 3.77127 80 2 25 10 49983 0 
-90.3329 23.6302 -2.70721 0.41903 3.77127 80 2 25 10 49984 0 
-90.319 23.6296 -2.66054 0.41903 3.77127 80 2 25 10 49985 0 
-90.305 23.6289 -2.61464 0.41903 3.77127 80 2 25 10 49986 0 
-90.291 23.6283 -2.56951 0.41903 3.77127 80 2 25 10 49987 0 
-90.2771 23.6277 -2.52513 0.41903 3.77127 80 2 25 10 49988 0 
-90.2631 23.6271 -2.48148 0.41903 3.77127 80 2 25 10 49989 0 
-90.2562 23.6268 -3.03347 0.41903 3.77127 80 2 25 10 49990 0 
-90.2423 23.626 -2.98136 0.41903 3.77127 80 2 25 10 49991 0 
-90.2283 23.6253 -2.93011 0.41903 3.77127 80 2 25 10 49992 0 
-90.2144 23.6246 -2.87971 0.41903 3.77127 80 2 25 10 49993 0 
-90.2004 23.6239 -2.83015 0.41903 3.77127 80 2 25 10 49994 0 
-90.1865 23.6232 -2.78142 0.41903 3.77127 80 2 25 10 49995 0 
-90.1725 23.6225 -2.7335 0.41903 3.77127 80 2 25 10 49996 0 
-90.1586 23.6218 -2.68638 0.41903 3.77127 80 2 25 10 49997 0 
-90.1446 23.6212 -2.64004 0.41903 3.77127 80 2 25 10 49998 0 
-90.1306 23.6205 -2.59447 0.41903 3.77127 80 2 25 10 49999 0 
