153.353 -26.2893 -176.797 0.586168 5.27552 -80 2 -25 10 48560 1 
153.334 -26.2904 -176.852 0.586168 5.27552 -80 2 -25 10 48561 1 
153.314 -26.2915 -176.905 0.586168 5.27552 -80 2 -25 10 48562 1 
153.295 -26.2925 -176.958 0.586168 5.27552 -80 2 -25 10 48563 1 
153.275 -26.2936 -177.01 0.586168 5.27552 -80 2 -25 10 48564 1 
153.256 -26.2946 -177.06 0.586168 5.27552 -80 2 -25 10 48565 1 
153.236 -26.2956 -177.11 0.586168 5.27552 -80 2 -25 10 48566 1 
153.217 -26.2966 -177.16 0.586168 5.27552 -80 2 -25 10 48567 1 
153.197 -26.2975 -177.208 0.586168 5.27552 -80 2 -25 10 48568 1 
153.178 -26.2985 -177.256 0.586168 5.27552 -80 2 -25 10 48569 1 
153.158 -26.2994 -177.303 0.586168 5.27552 -80 2 -25 10 48570 1 
153.139 -26.3003 -177.349 0.586168 5.27552 -80 2 -25 10 48571 1 
153.119 -26.3012 -177.394 0.586168 5.27552 -80 2 -25 10 48572 1 
153.1 -26.3021 -177.438 0.586168 5.27552 -80 2 -25 10 48573 1 
153.08 -26.303 -177.482 0.586168 5.27552 -80 2 -25 10 48574 1 
153.061 -26.3039 -177.525 0.586168 5.27552 -80 2 -25 10 48575 1 
153.041 -26.3047 -177.568 0.586168 5.27552 -80 2 -25 10 48576 1 
153.022 -26.3055 -177.609 0.586168 5.27552 -80 2 -25 10 48577 1 
153.002 -26.3064 -177.65 0.586168 5.27552 -80 2 -25 10 48578 1 
152.983 -26.3072 -177.69 0.586168 5.27552 -80 2 -25 10 48579 1 
152.963 -26.3079 -177.73 0.586168 5.27552 -80 2 -25 10 48580 1 
152.944 -26.3087 -177.769 0.586168 5.27552 -80 2 -25 10 48581 1 
152.924 -26.3095 -177.807 0.586168 5.27552 -80 2 -25 10 48582 1 
152.904 -26.3102 -177.845 0.586168 5.27552 -80 2 -25 10 48583 1 
152.885 -26.311 -177.882 0.586168 5.27552 -80 2 -25 10 48584 1 
152.865 -26.3117 -177.918 0.586168 5.27552 -80 2 -25 10 48585 1 
152.846 -26.3124 -177.954 0.586168 5.27552 -80 2 -25 10 48586 1 
152.826 -26.3131 -177.989 0.586168 5.27552 -80 2 -25 10 48587 1 
152.807 -26.3138 -178.024 0.586168 5.27552 -80 2 -25 10 48588 1 
152.787 -26.3144 -178.058 0.586168 5.27552 -80 2 -25 10 48589 1 
152.768 -26.3151 -178.091 0.586168 5.27552 -80 2 -25 10 48590 1 
152.748 -26.3158 -178.124 0.586168 5.27552 -80 2 -25 10 48591 1 
152.729 -26.3164 -178.156 0.586168 5.27552 -80 2 -25 10 48592 1 
152.709 -26.317 -178.188 0.586168 5.27552 -80 2 -25 10 48593 1 
152.69 -26.3176 -178.219 0.586168 5.27552 -80 2 -25 10 48594 1 
152.67 -26.3183 -178.25 0.586168 5.27552 -80 2 -25 10 48595 1 
152.651 -26.3188 -178.281 0.586168 5.27552 -80 2 -25 10 48596 1 
152.631 -26.3194 -178.31 0.586168 5.27552 -80 2 -25 10 48597 1 
152.612 -26.32 -178.34 0.586168 5.27552 -80 2 -25 10 48598 1 
152.592 -26.3206 -178.368 0.586168 5.27552 -80 2 -25 10 48599 1 
152.572 -26.3211 -178.397 0.586168 5.27552 -80 2 -25 10 48600 1 
152.553 -26.3217 -178.424 0.586168 5.27552 -80 2 -25 10 48601 1 
152.533 -26.3222 -178.452 0.586168 5.27552 -80 2 -25 10 48602 1 
152.514 -26.3227 -178.479 0.586168 5.27552 -80 2 -25 10 48603 1 
152.494 -26.3233 -178.505 0.586168 5.27552 -80 2 -25 10 48604 1 
152.475 -26.3238 -178.531 0.586168 5.27552 -80 2 -25 10 48605 1 
152.455 -26.3243 -178.557 0.586168 5.27552 -80 2 -25 10 48606 1 
152.436 -26.3248 -178.582 0.586168 5.27552 -80 2 -25 10 48607 1 
152.416 -26.3253 -178.607 0.586168 5.27552 -80 2 -25 10 48608 1 
152.397 -26.3257 -178.631 0.586168 5.27552 -80 2 -25 10 48609 1 
152.377 -26.3262 -178.655 0.586168 5.27552 -80 2 -25 10 48610 1 
152.358 -26.3267 -178.678 0.586168 5.27552 -80 2 -25 10 48611 1 
152.338 -26.3271 -178.701 0.586168 5.27552 -80 2 -25 10 48612 1 
152.319 -26.3275 -178.724 0.586168 5.27552 -80 2 -25 10 48613 1 
152.299 -26.328 -178.747 0.586168 5.27552 -80 2 -25 10 48614 1 
152.279 -26.3284 -178.769 0.586168 5.27552 -80 2 -25 10 48615 1 
152.26 -26.3288 -178.79 0.586168 5.27552 -80 2 -25 10 48616 1 
152.24 -26.3292 -178.811 0.586168 5.27552 -80 2 -25 10 48617 1 
152.221 -26.3296 -178.832 0.586168 5.27552 -80 2 -25 10 48618 1 
152.201 -26.33 -178.853 0.586168 5.27552 -80 2 -25 10 48619 1 
152.182 -26.3304 -178.873 0.586168 5.27552 -80 2 -25 10 48620 1 
152.162 -26.3308 -178.893 0.586168 5.27552 -80 2 -25 10 48621 1 
152.143 -26.3312 -178.913 0.586168 5.27552 -80 2 -25 10 48622 1 
152.123 -26.3316 -178.932 0.586168 5.27552 -80 2 -25 10 48623 1 
152.104 -26.3319 -178.951 0.586168 5.27552 -80 2 -25 10 48624 1 
152.084 -26.3323 -178.969 0.586168 5.27552 -80 2 -25 10 48625 1 
152.065 -26.3326 -178.988 0.586168 5.27552 -80 2 -25 10 48626 1 
152.045 -26.333 -179.006 0.586168 5.27552 -80 2 -25 10 48627 1 
152.026 -26.3333 -179.023 0.586168 5.27552 -80 2 -25 10 48628 1 
152.006 -26.3337 -179.041 0.586168 5.27552 -80 2 -25 10 48629 1 
151.987 -26.334 -179.058 0.586168 5.27552 -80 2 -25 10 48630 1 
151.967 -26.3343 -179.075 0.586168 5.27552 -80 2 -25 10 48631 1 
151.947 -26.3346 -179.091 0.586168 5.27552 -80 2 -25 10 48632 1 
151.928 -26.3349 -179.107 0.586168 5.27552 -80 2 -25 10 48633 1 
151.908 -26.3352 -179.123 0.586168 5.27552 -80 2 -25 10 48634 1 
151.889 -26.3355 -179.139 0.586168 5.27552 -80 2 -25 10 48635 1 
151.869 -26.3358 -179.154 0.586168 5.27552 -80 2 -25 10 48636 1 
151.85 -26.3361 -179.17 0.586168 5.27552 -80 2 -25 10 48637 1 
151.83 -26.3364 -179.185 0.586168 5.27552 -80 2 -25 10 48638 1 
151.811 -26.3367 -179.199 0.586168 5.27552 -80 2 -25 10 48639 1 
151.791 -26.337 -179.214 0.586168 5.27552 -80 2 -25 10 48640 1 
151.772 -26.3372 -179.228 0.586168 5.27552 -80 2 -25 10 48641 1 
151.752 -26.3375 -179.242 0.586168 5.27552 -80 2 -25 10 48642 1 
151.733 -26.3377 -179.256 0.586168 5.27552 -80 2 -25 10 48643 1 
151.713 -26.338 -179.269 0.586168 5.27552 -80 2 -25 10 48644 1 
151.694 -26.3382 -179.283 0.586168 5.27552 -80 2 -25 10 48645 1 
151.674 -26.3385 -179.296 0.586168 5.27552 -80 2 -25 10 48646 1 
151.654 -26.3387 -179.308 0.586168 5.27552 -80 2 -25 10 48647 1 
151.635 -26.339 -179.321 0.586168 5.27552 -80 2 -25 10 48648 1 
151.615 -26.3392 -179.334 0.586168 5.27552 -80 2 -25 10 48649 1 
151.596 -26.3394 -179.346 0.586168 5.27552 -80 2 -25 10 48650 1 
151.576 -26.3396 -179.358 0.586168 5.27552 -80 2 -25 10 48651 1 
151.557 -26.3399 -179.37 0.586168 5.27552 -80 2 -25 10 48652 1 
151.537 -26.3401 -179.381 0.586168 5.27552 -80 2 -25 10 48653 1 
151.518 -26.3403 -179.393 0.586168 5.27552 -80 2 -25 10 48654 1 
151.498 -26.3405 -179.404 0.586168 5.27552 -80 2 -25 10 48655 1 
151.479 -26.3407 -179.415 0.586168 5.27552 -80 2 -25 10 48656 1 
151.459 -26.3409 -179.426 0.586168 5.27552 -80 2 -25 10 48657 1 
151.44 -26.3411 -179.436 0.586168 5.27552 -80 2 -25 10 48658 1 
151.42 -26.3413 -179.447 0.586168 5.27552 -80 2 -25 10 48659 1 
151.401 -26.3415 -179.457 0.586168 5.27552 -80 2 -25 10 48660 1 
151.381 -26.3417 -179.467 0.586168 5.27552 -80 2 -25 10 48661 1 
151.362 -26.3419 -179.477 0.586168 5.27552 -80 2 -25 10 48662 1 
151.342 -26.342 -179.487 0.586168 5.27552 -80 2 -25 10 48663 1 
151.322 -26.3422 -179.497 0.586168 5.27552 -80 2 -25 10 48664 1 
151.303 -26.3424 -179.506 0.586168 5.27552 -80 2 -25 10 48665 1 
151.283 -26.3425 -179.516 0.586168 5.27552 -80 2 -25 10 48666 1 
151.264 -26.3427 -179.525 0.586168 5.27552 -80 2 -25 10 48667 1 
151.244 -26.3429 -179.534 0.586168 5.27552 -80 2 -25 10 48668 1 
151.225 -26.343 -179.543 0.586168 5.27552 -80 2 -25 10 48669 1 
151.205 -26.3432 -179.552 0.586168 5.27552 -80 2 -25 10 48670 1 
151.186 -26.3433 -179.56 0.586168 5.27552 -80 2 -25 10 48671 1 
151.166 -26.3435 -179.569 0.586168 5.27552 -80 2 -25 10 48672 1 
151.147 -26.3436 -179.577 0.586168 5.27552 -80 2 -25 10 48673 1 
151.127 -26.3438 -179.585 0.586168 5.27552 -80 2 -25 10 48674 1 
151.108 -26.3439 -179.593 0.586168 5.27552 -80 2 -25 10 48675 1 
151.088 -26.3441 -179.601 0.586168 5.27552 -80 2 -25 10 48676 1 
151.069 -26.3442 -179.609 0.586168 5.27552 -80 2 -25 10 48677 1 
151.049 -26.3443 -179.617 0.586168 5.27552 -80 2 -25 10 48678 1 
151.029 -26.3445 -179.624 0.586168 5.27552 -80 2 -25 10 48679 1 
151.01 -26.3446 -179.631 0.586168 5.27552 -80 2 -25 10 48680 1 
150.99 -26.3447 -179.639 0.586168 5.27552 -80 2 -25 10 48681 1 
150.971 -26.3448 -179.646 0.586168 5.27552 -80 2 -25 10 48682 1 
150.951 -26.345 -179.653 0.586168 5.27552 -80 2 -25 10 48683 1 
150.932 -26.3451 -179.66 0.586168 5.27552 -80 2 -25 10 48684 1 
150.912 -26.3452 -179.667 0.586168 5.27552 -80 2 -25 10 48685 1 
150.893 -26.3453 -179.673 0.586168 5.27552 -80 2 -25 10 48686 1 
150.873 -26.3454 -179.68 0.586168 5.27552 -80 2 -25 10 48687 1 
150.854 -26.3455 -179.686 0.586168 5.27552 -80 2 -25 10 48688 1 
150.834 -26.3456 -179.693 0.586168 5.27552 -80 2 -25 10 48689 1 
150.815 -26.3457 -179.699 0.586168 5.27552 -80 2 -25 10 48690 1 
150.795 -26.3458 -179.705 0.586168 5.27552 -80 2 -25 10 48691 1 
150.776 -26.3459 -179.711 0.586168 5.27552 -80 2 -25 10 48692 1 
150.756 -26.346 -179.717 0.586168 5.27552 -80 2 -25 10 48693 1 
150.737 -26.3461 -179.723 0.586168 5.27552 -80 2 -25 10 48694 1 
150.717 -26.3462 -179.729 0.586168 5.27552 -80 2 -25 10 48695 1 
150.697 -26.3463 -179.734 0.586168 5.27552 -80 2 -25 10 48696 1 
150.678 -26.3464 -179.74 0.586168 5.27552 -80 2 -25 10 48697 1 
150.658 -26.3465 -179.745 0.586168 5.27552 -80 2 -25 10 48698 1 
150.639 -26.3466 -179.751 0.586168 5.27552 -80 2 -25 10 48699 1 
150.619 -26.3467 -179.756 0.586168 5.27552 -80 2 -25 10 48700 1 
150.6 -26.3468 -179.761 0.586168 5.27552 -80 2 -25 10 48701 1 
150.58 -26.3468 -179.766 0.586168 5.27552 -80 2 -25 10 48702 1 
150.561 -26.3469 -179.771 0.586168 5.27552 -80 2 -25 10 48703 1 
150.541 -26.347 -179.776 0.586168 5.27552 -80 2 -25 10 48704 1 
150.522 -26.3471 -179.781 0.586168 5.27552 -80 2 -25 10 48705 1 
150.502 -26.3472 -179.786 0.586168 5.27552 -80 2 -25 10 48706 1 
150.483 -26.3472 -179.79 0.586168 5.27552 -80 2 -25 10 48707 1 
150.463 -26.3473 -179.795 0.586168 5.27552 -80 2 -25 10 48708 1 
150.444 -26.3474 -179.8 0.586168 5.27552 -80 2 -25 10 48709 1 
150.424 -26.3474 -179.804 0.586168 5.27552 -80 2 -25 10 48710 1 
150.404 -26.3475 -179.808 0.586168 5.27552 -80 2 -25 10 48711 1 
150.385 -26.3476 -179.813 0.586168 5.27552 -80 2 -25 10 48712 1 
150.365 -26.3476 -179.817 0.586168 5.27552 -80 2 -25 10 48713 1 
150.346 -26.3477 -179.821 0.586168 5.27552 -80 2 -25 10 48714 1 
150.326 -26.3478 -179.825 0.586168 5.27552 -80 2 -25 10 48715 1 
150.307 -26.3478 -179.829 0.586168 5.27552 -80 2 -25 10 48716 1 
150.287 -26.3479 -179.833 0.586168 5.27552 -80 2 -25 10 48717 1 
150.268 -26.3479 -179.837 0.586168 5.27552 -80 2 -25 10 48718 1 
150.248 -26.348 -179.841 0.586168 5.27552 -80 2 -25 10 48719 1 
150.229 -26.348 -179.845 0.586168 5.27552 -80 2 -25 10 48720 1 
150.209 -26.3481 -179.849 0.586168 5.27552 -80 2 -25 10 48721 1 
150.19 -26.3481 -179.852 0.586168 5.27552 -80 2 -25 10 48722 1 
150.17 -26.3482 -179.856 0.586168 5.27552 -80 2 -25 10 48723 1 
150.151 -26.3482 -179.859 0.586168 5.27552 -80 2 -25 10 48724 1 
150.131 -26.3483 -179.863 0.586168 5.27552 -80 2 -25 10 48725 1 
150.111 -26.3483 -179.866 0.586168 5.27552 -80 2 -25 10 48726 1 
150.092 -26.3484 -179.87 0.586168 5.27552 -80 2 -25 10 48727 1 
150.072 -26.3484 -179.873 0.586168 5.27552 -80 2 -25 10 48728 1 
150.053 -26.3485 -179.876 0.586168 5.27552 -80 2 -25 10 48729 1 
150.033 -26.3485 -179.879 0.586168 5.27552 -80 2 -25 10 48730 1 
150.014 -26.3486 -179.882 0.586168 5.27552 -80 2 -25 10 48731 1 
149.994 -26.3486 -179.886 0.586168 5.27552 -80 2 -25 10 48732 1 
149.975 -26.3486 -179.889 0.586168 5.27552 -80 2 -25 10 48733 1 
149.955 -26.3487 -179.892 0.586168 5.27552 -80 2 -25 10 48734 1 
149.936 -26.3487 -179.895 0.586168 5.27552 -80 2 -25 10 48735 1 
149.916 -26.3487 -179.897 0.586168 5.27552 -80 2 -25 10 48736 1 
149.896 -26.3488 -179.9 0.586168 5.27552 -80 2 -25 10 48737 1 
149.877 -26.3488 -179.903 0.586168 5.27552 -80 2 -25 10 48738 1 
149.857 -26.3489 -179.906 0.586168 5.27552 -80 2 -25 10 48739 1 
149.838 -26.3489 -179.908 0.586168 5.27552 -80 2 -25 10 48740 1 
149.818 -26.3489 -179.911 0.586168 5.27552 -80 2 -25 10 48741 1 
149.799 -26.3489 -179.914 0.586168 5.27552 -80 2 -25 10 48742 1 
149.779 -26.349 -179.916 0.586168 5.27552 -80 2 -25 10 48743 1 
149.76 -26.349 -179.919 0.586168 5.27552 -80 2 -25 10 48744 1 
149.74 -26.349 -179.921 0.586168 5.27552 -80 2 -25 10 48745 1 
149.721 -26.3491 -179.924 0.586168 5.27552 -80 2 -25 10 48746 1 
149.701 -26.3491 -179.926 0.586168 5.27552 -80 2 -25 10 48747 1 
149.681 -26.3491 -179.929 0.586168 5.27552 -80 2 -25 10 48748 1 
149.662 -26.3491 -179.931 0.586168 5.27552 -80 2 -25 10 48749 1 
149.642 -26.3492 -179.933 0.586168 5.27552 -80 2 -25 10 48750 1 
149.623 -26.3492 -179.935 0.586168 5.27552 -80 2 -25 10 48751 1 
149.603 -26.3492 -179.938 0.586168 5.27552 -80 2 -25 10 48752 1 
149.584 -26.3492 -179.94 0.586168 5.27552 -80 2 -25 10 48753 1 
149.564 -26.3492 -179.942 0.586168 5.27552 -80 2 -25 10 48754 1 
149.545 -26.3493 -179.944 0.586168 5.27552 -80 2 -25 10 48755 1 
149.525 -26.3493 -179.946 0.586168 5.27552 -80 2 -25 10 48756 1 
149.506 -26.3493 -179.948 0.586168 5.27552 -80 2 -25 10 48757 1 
149.486 -26.3493 -179.95 0.586168 5.27552 -80 2 -25 10 48758 1 
149.466 -26.3493 -179.952 0.586168 5.27552 -80 2 -25 10 48759 1 
149.447 -26.3494 -179.954 0.586168 5.27552 -80 2 -25 10 48760 1 
149.427 -26.3494 -179.956 0.586168 5.27552 -80 2 -25 10 48761 1 
149.408 -26.3494 -179.958 0.586168 5.27552 -80 2 -25 10 48762 1 
149.388 -26.3494 -179.96 0.586168 5.27552 -80 2 -25 10 48763 1 
149.369 -26.3494 -179.961 0.586168 5.27552 -80 2 -25 10 48764 1 
149.349 -26.3494 -179.963 0.586168 5.27552 -80 2 -25 10 48765 1 
149.33 -26.3494 -179.965 0.586168 5.27552 -80 2 -25 10 48766 1 
149.31 -26.3494 -179.967 0.586168 5.27552 -80 2 -25 10 48767 1 
149.29 -26.3495 -179.968 0.586168 5.27552 -80 2 -25 10 48768 1 
149.271 -26.3495 -179.97 0.586168 5.27552 -80 2 -25 10 48769 1 
149.251 -26.3495 -179.972 0.586168 5.27552 -80 2 -25 10 48770 1 
149.232 -26.3495 -179.973 0.586168 5.27552 -80 2 -25 10 48771 1 
149.212 -26.3495 -179.975 0.586168 5.27552 -80 2 -25 10 48772 1 
149.193 -26.3495 -179.976 0.586168 5.27552 -80 2 -25 10 48773 1 
149.173 -26.3495 -179.978 0.586168 5.27552 -80 2 -25 10 48774 1 
149.154 -26.3495 -179.979 0.586168 5.27552 -80 2 -25 10 48775 1 
149.134 -26.3495 -179.981 0.586168 5.27552 -80 2 -25 10 48776 1 
149.115 -26.3495 -179.982 0.586168 5.27552 -80 2 -25 10 48777 1 
149.095 -26.3495 -179.984 0.586168 5.27552 -80 2 -25 10 48778 1 
149.075 -26.3496 -179.985 0.586168 5.27552 -80 2 -25 10 48779 1 
149.056 -26.3496 -179.987 0.586168 5.27552 -80 2 -25 10 48780 1 
149.036 -26.3496 -179.988 0.586168 5.27552 -80 2 -25 10 48781 1 
149.017 -26.3496 -179.989 0.586168 5.27552 -80 2 -25 10 48782 1 
148.997 -26.3496 -179.991 0.586168 5.27552 -80 2 -25 10 48783 1 
148.978 -26.3496 -179.992 0.586168 5.27552 -80 2 -25 10 48784 1 
148.958 -26.3496 -179.993 0.586168 5.27552 -80 2 -25 10 48785 1 
148.939 -26.3496 -179.994 0.586168 5.27552 -80 2 -25 10 48786 1 
148.919 -26.3496 -179.996 0.586168 5.27552 -80 2 -25 10 48787 1 
148.9 -26.3496 -179.997 0.586168 5.27552 -80 2 -25 10 48788 1 
148.88 -26.3496 -179.998 0.586168 5.27552 -80 2 -25 10 48789 1 
148.86 -26.3496 -179.999 0.586168 5.27552 -80 2 -25 10 48790 1 
148.841 -26.3496 -180 0.586168 5.27552 -80 2 -25 10 48791 1 
148.821 -26.3496 -180.001 0.586168 5.27552 -80 2 -25 10 48792 1 
148.802 -26.3496 -180.003 0.586168 5.27552 -80 2 -25 10 48793 1 
148.782 -26.3496 -180.004 0.586168 5.27552 -80 2 -25 10 48794 1 
148.763 -26.3496 -180.005 0.586168 5.27552 -80 2 -25 10 48795 1 
148.743 -26.3496 -180.006 0.586168 5.27552 -80 2 -25 10 48796 1 
148.724 -26.3496 -180.007 0.586168 5.27552 -80 2 -25 10 48797 1 
148.704 -26.3496 -180.008 0.586168 5.27552 -80 2 -25 10 48798 1 
148.685 -26.3496 -180.009 0.586168 5.27552 -80 2 -25 10 48799 1 
148.665 -26.3496 -180.01 0.586168 5.27552 -80 2 -25 10 48800 1 
148.645 -26.3496 -180.011 0.586168 5.27552 -80 2 -25 10 48801 1 
148.626 -26.3496 -180.012 0.586168 5.27552 -80 2 -25 10 48802 1 
148.606 -26.3496 -180.013 0.586168 5.27552 -80 2 -25 10 48803 1 
148.587 -26.3496 -180.014 0.586168 5.27552 -80 2 -25 10 48804 1 
148.567 -26.3495 -180.015 0.586168 5.27552 -80 2 -25 10 48805 1 
148.548 -26.3495 -180.015 0.586168 5.27552 -80 2 -25 10 48806 1 
148.528 -26.3495 -180.016 0.586168 5.27552 -80 2 -25 10 48807 1 
148.509 -26.3495 -180.017 0.586168 5.27552 -80 2 -25 10 48808 1 
148.489 -26.3495 -180.018 0.586168 5.27552 -80 2 -25 10 48809 1 
148.47 -26.3495 -180.019 0.586168 5.27552 -80 2 -25 10 48810 1 
148.45 -26.3495 -180.02 0.586168 5.27552 -80 2 -25 10 48811 1 
148.43 -26.3495 -180.021 0.586168 5.27552 -80 2 -25 10 48812 1 
148.411 -26.3495 -180.021 0.586168 5.27552 -80 2 -25 10 48813 1 
148.391 -26.3495 -180.022 0.586168 5.27552 -80 2 -25 10 48814 1 
148.372 -26.3495 -180.023 0.586168 5.27552 -80 2 -25 10 48815 1 
148.352 -26.3495 -180.024 0.586168 5.27552 -80 2 -25 10 48816 1 
148.333 -26.3495 -180.024 0.586168 5.27552 -80 2 -25 10 48817 1 
148.313 -26.3495 -180.025 0.586168 5.27552 -80 2 -25 10 48818 1 
148.294 -26.3495 -180.026 0.586168 5.27552 -80 2 -25 10 48819 1 
148.274 -26.3494 -180.027 0.586168 5.27552 -80 2 -25 10 48820 1 
148.255 -26.3494 -180.027 0.586168 5.27552 -80 2 -25 10 48821 1 
148.235 -26.3494 -180.028 0.586168 5.27552 -80 2 -25 10 48822 1 
148.215 -26.3494 -180.029 0.586168 5.27552 -80 2 -25 10 48823 1 
148.196 -26.3494 -180.029 0.586168 5.27552 -80 2 -25 10 48824 1 
148.176 -26.3494 -180.03 0.586168 5.27552 -80 2 -25 10 48825 1 
148.157 -26.3494 -180.031 0.586168 5.27552 -80 2 -25 10 48826 1 
148.137 -26.3494 -180.031 0.586168 5.27552 -80 2 -25 10 48827 1 
148.118 -26.3494 -180.032 0.586168 5.27552 -80 2 -25 10 48828 1 
148.098 -26.3494 -180.032 0.586168 5.27552 -80 2 -25 10 48829 1 
148.079 -26.3493 -180.033 0.586168 5.27552 -80 2 -25 10 48830 1 
148.059 -26.3493 -180.034 0.586168 5.27552 -80 2 -25 10 48831 1 
148.04 -26.3493 -180.034 0.586168 5.27552 -80 2 -25 10 48832 1 
148.02 -26.3493 -180.035 0.586168 5.27552 -80 2 -25 10 48833 1 
148 -26.3493 -180.035 0.586168 5.27552 -80 2 -25 10 48834 1 
147.981 -26.3493 -180.036 0.586168 5.27552 -80 2 -25 10 48835 1 
147.961 -26.3493 -180.036 0.586168 5.27552 -80 2 -25 10 48836 1 
147.942 -26.3493 -180.037 0.586168 5.27552 -80 2 -25 10 48837 1 
147.922 -26.3492 -180.037 0.586168 5.27552 -80 2 -25 10 48838 1 
147.903 -26.3492 -180.038 0.586168 5.27552 -80 2 -25 10 48839 1 
147.883 -26.3492 -180.039 0.586168 5.27552 -80 2 -25 10 48840 1 
147.864 -26.3492 -180.039 0.586168 5.27552 -80 2 -25 10 48841 1 
147.844 -26.3492 -180.04 0.586168 5.27552 -80 2 -25 10 48842 1 
147.825 -26.3492 -180.04 0.586168 5.27552 -80 2 -25 10 48843 1 
147.805 -26.3492 -180.04 0.586168 5.27552 -80 2 -25 10 48844 1 
147.785 -26.3492 -180.041 0.586168 5.27552 -80 2 -25 10 48845 1 
147.766 -26.3491 -180.041 0.586168 5.27552 -80 2 -25 10 48846 1 
147.746 -26.3491 -180.042 0.586168 5.27552 -80 2 -25 10 48847 1 
147.727 -26.3491 -180.042 0.586168 5.27552 -80 2 -25 10 48848 1 
147.707 -26.3491 -180.043 0.586168 5.27552 -80 2 -25 10 48849 1 
147.688 -26.3491 -180.043 0.586168 5.27552 -80 2 -25 10 48850 1 
147.668 -26.3491 -180.044 0.586168 5.27552 -80 2 -25 10 48851 1 
147.649 -26.3491 -180.044 0.586168 5.27552 -80 2 -25 10 48852 1 
147.629 -26.349 -180.044 0.586168 5.27552 -80 2 -25 10 48853 1 
147.609 -26.349 -180.045 0.586168 5.27552 -80 2 -25 10 48854 1 
147.59 -26.349 -180.045 0.586168 5.27552 -80 2 -25 10 48855 1 
147.57 -26.349 -180.046 0.586168 5.27552 -80 2 -25 10 48856 1 
147.551 -26.349 -180.046 0.586168 5.27552 -80 2 -25 10 48857 1 
147.531 -26.349 -180.046 0.586168 5.27552 -80 2 -25 10 48858 1 
147.512 -26.3489 -180.047 0.586168 5.27552 -80 2 -25 10 48859 1 
147.492 -26.3489 -180.047 0.586168 5.27552 -80 2 -25 10 48860 1 
147.473 -26.3489 -180.047 0.586168 5.27552 -80 2 -25 10 48861 1 
147.453 -26.3489 -180.048 0.586168 5.27552 -80 2 -25 10 48862 1 
147.434 -26.3489 -180.048 0.586168 5.27552 -80 2 -25 10 48863 1 
147.414 -26.3489 -180.048 0.586168 5.27552 -80 2 -25 10 48864 1 
147.394 -26.3488 -180.049 0.586168 5.27552 -80 2 -25 10 48865 1 
147.375 -26.3488 -180.049 0.586168 5.27552 -80 2 -25 10 48866 1 
147.355 -26.3488 -180.049 0.586168 5.27552 -80 2 -25 10 48867 1 
147.336 -26.3488 -180.05 0.586168 5.27552 -80 2 -25 10 48868 1 
147.316 -26.3488 -180.05 0.586168 5.27552 -80 2 -25 10 48869 1 
147.297 -26.3488 -180.05 0.586168 5.27552 -80 2 -25 10 48870 1 
147.277 -26.3487 -180.051 0.586168 5.27552 -80 2 -25 10 48871 1 
147.258 -26.3487 -180.051 0.586168 5.27552 -80 2 -25 10 48872 1 
147.238 -26.3487 -180.051 0.586168 5.27552 -80 2 -25 10 48873 1 
147.219 -26.3487 -180.052 0.586168 5.27552 -80 2 -25 10 48874 1 
147.199 -26.3487 -180.052 0.586168 5.27552 -80 2 -25 10 48875 1 
147.179 -26.3487 -180.052 0.586168 5.27552 -80 2 -25 10 48876 1 
147.16 -26.3486 -180.052 0.586168 5.27552 -80 2 -25 10 48877 1 
147.14 -26.3486 -180.053 0.586168 5.27552 -80 2 -25 10 48878 1 
147.121 -26.3486 -180.053 0.586168 5.27552 -80 2 -25 10 48879 1 
147.101 -26.3486 -180.053 0.586168 5.27552 -80 2 -25 10 48880 1 
147.082 -26.3486 -180.053 0.586168 5.27552 -80 2 -25 10 48881 1 
147.062 -26.3486 -180.054 0.586168 5.27552 -80 2 -25 10 48882 1 
147.043 -26.3485 -180.054 0.586168 5.27552 -80 2 -25 10 48883 1 
147.023 -26.3485 -180.054 0.586168 5.27552 -80 2 -25 10 48884 1 
147.004 -26.3485 -180.054 0.586168 5.27552 -80 2 -25 10 48885 1 
146.984 -26.3485 -180.055 0.586168 5.27552 -80 2 -25 10 48886 1 
146.964 -26.3485 -180.055 0.586168 5.27552 -80 2 -25 10 48887 1 
146.945 -26.3484 -180.055 0.586168 5.27552 -80 2 -25 10 48888 1 
146.925 -26.3484 -180.055 0.586168 5.27552 -80 2 -25 10 48889 1 
146.906 -26.3484 -180.056 0.586168 5.27552 -80 2 -25 10 48890 1 
146.886 -26.3484 -180.056 0.586168 5.27552 -80 2 -25 10 48891 1 
146.867 -26.3484 -180.056 0.586168 5.27552 -80 2 -25 10 48892 1 
146.847 -26.3483 -180.056 0.586168 5.27552 -80 2 -25 10 48893 1 
146.828 -26.3483 -180.056 0.586168 5.27552 -80 2 -25 10 48894 1 
146.808 -26.3483 -180.057 0.586168 5.27552 -80 2 -25 10 48895 1 
146.789 -26.3483 -180.057 0.586168 5.27552 -80 2 -25 10 48896 1 
146.769 -26.3483 -180.057 0.586168 5.27552 -80 2 -25 10 48897 1 
146.749 -26.3482 -180.057 0.586168 5.27552 -80 2 -25 10 48898 1 
146.73 -26.3482 -180.057 0.586168 5.27552 -80 2 -25 10 48899 1 
146.71 -26.3482 -180.058 0.586168 5.27552 -80 2 -25 10 48900 1 
146.691 -26.3482 -180.058 0.586168 5.27552 -80 2 -25 10 48901 1 
146.671 -26.3482 -180.058 0.586168 5.27552 -80 2 -25 10 48902 1 
146.652 -26.3482 -180.058 0.586168 5.27552 -80 2 -25 10 48903 1 
146.632 -26.3481 -180.058 0.586168 5.27552 -80 2 -25 10 48904 1 
146.613 -26.3481 -180.059 0.586168 5.27552 -80 2 -25 10 48905 1 
146.593 -26.3481 -180.059 0.586168 5.27552 -80 2 -25 10 48906 1 
146.574 -26.3481 -180.059 0.586168 5.27552 -80 2 -25 10 48907 1 
146.554 -26.3481 -180.059 0.586168 5.27552 -80 2 -25 10 48908 1 
146.534 -26.348 -180.059 0.586168 5.27552 -80 2 -25 10 48909 1 
146.515 -26.348 -180.059 0.586168 5.27552 -80 2 -25 10 48910 1 
146.495 -26.348 -180.06 0.586168 5.27552 -80 2 -25 10 48911 1 
146.476 -26.348 -180.06 0.586168 5.27552 -80 2 -25 10 48912 1 
146.456 -26.3479 -180.06 0.586168 5.27552 -80 2 -25 10 48913 1 
146.437 -26.3479 -180.06 0.586168 5.27552 -80 2 -25 10 48914 1 
146.417 -26.3479 -180.06 0.586168 5.27552 -80 2 -25 10 48915 1 
146.398 -26.3479 -180.06 0.586168 5.27552 -80 2 -25 10 48916 1 
146.378 -26.3479 -180.06 0.586168 5.27552 -80 2 -25 10 48917 1 
146.359 -26.3478 -180.061 0.586168 5.27552 -80 2 -25 10 48918 1 
146.339 -26.3478 -180.061 0.586168 5.27552 -80 2 -25 10 48919 1 
146.319 -26.3478 -180.061 0.586168 5.27552 -80 2 -25 10 48920 1 
146.3 -26.3478 -180.061 0.586168 5.27552 -80 2 -25 10 48921 1 
146.28 -26.3478 -180.061 0.586168 5.27552 -80 2 -25 10 48922 1 
146.261 -26.3477 -180.061 0.586168 5.27552 -80 2 -25 10 48923 1 
146.241 -26.3477 -180.061 0.586168 5.27552 -80 2 -25 10 48924 1 
146.222 -26.3477 -180.061 0.586168 5.27552 -80 2 -25 10 48925 1 
146.202 -26.3477 -180.062 0.586168 5.27552 -80 2 -25 10 48926 1 
146.183 -26.3477 -180.062 0.586168 5.27552 -80 2 -25 10 48927 1 
146.163 -26.3476 -180.062 0.586168 5.27552 -80 2 -25 10 48928 1 
146.144 -26.3476 -180.062 0.586168 5.27552 -80 2 -25 10 48929 1 
146.124 -26.3476 -180.062 0.586168 5.27552 -80 2 -25 10 48930 1 
146.104 -26.3476 -180.062 0.586168 5.27552 -80 2 -25 10 48931 1 
146.085 -26.3475 -180.062 0.586168 5.27552 -80 2 -25 10 48932 1 
146.065 -26.3475 -180.062 0.586168 5.27552 -80 2 -25 10 48933 1 
146.046 -26.3475 -180.063 0.586168 5.27552 -80 2 -25 10 48934 1 
146.026 -26.3475 -180.063 0.586168 5.27552 -80 2 -25 10 48935 1 
146.007 -26.3475 -180.063 0.586168 5.27552 -80 2 -25 10 48936 1 
145.987 -26.3474 -180.063 0.586168 5.27552 -80 2 -25 10 48937 1 
145.968 -26.3474 -180.063 0.586168 5.27552 -80 2 -25 10 48938 1 
145.948 -26.3474 -180.063 0.586168 5.27552 -80 2 -25 10 48939 1 
145.928 -26.3474 -180.063 0.586168 5.27552 -80 2 -25 10 48940 1 
145.909 -26.3474 -180.063 0.586168 5.27552 -80 2 -25 10 48941 1 
145.889 -26.3473 -180.063 0.586168 5.27552 -80 2 -25 10 48942 1 
145.87 -26.3473 -180.063 0.586168 5.27552 -80 2 -25 10 48943 1 
145.85 -26.3473 -180.064 0.586168 5.27552 -80 2 -25 10 48944 1 
145.831 -26.3473 -180.064 0.586168 5.27552 -80 2 -25 10 48945 1 
145.811 -26.3473 -180.064 0.586168 5.27552 -80 2 -25 10 48946 1 
145.792 -26.3472 -180.064 0.586168 5.27552 -80 2 -25 10 48947 1 
145.772 -26.3472 -180.064 0.586168 5.27552 -80 2 -25 10 48948 1 
145.753 -26.3472 -180.064 0.586168 5.27552 -80 2 -25 10 48949 1 
145.733 -26.3472 -180.064 0.586168 5.27552 -80 2 -25 10 48950 1 
145.713 -26.3472 -180.064 0.586168 5.27552 -80 2 -25 10 48951 1 
145.694 -26.3471 -180.064 0.586168 5.27552 -80 2 -25 10 48952 1 
145.674 -26.3471 -180.064 0.586168 5.27552 -80 2 -25 10 48953 1 
145.655 -26.3471 -180.064 0.586168 5.27552 -80 2 -25 10 48954 1 
145.635 -26.3471 -180.064 0.586168 5.27552 -80 2 -25 10 48955 1 
145.616 -26.347 -180.064 0.586168 5.27552 -80 2 -25 10 48956 1 
145.596 -26.347 -180.065 0.586168 5.27552 -80 2 -25 10 48957 1 
145.577 -26.347 -180.065 0.586168 5.27552 -80 2 -25 10 48958 1 
145.557 -26.347 -180.065 0.586168 5.27552 -80 2 -25 10 48959 1 
145.538 -26.347 -180.065 0.586168 5.27552 -80 2 -25 10 48960 1 
145.518 -26.3469 -180.065 0.586168 5.27552 -80 2 -25 10 48961 1 
145.498 -26.3469 -180.065 0.586168 5.27552 -80 2 -25 10 48962 1 
145.479 -26.3469 -180.065 0.586168 5.27552 -80 2 -25 10 48963 1 
145.459 -26.3469 -180.065 0.586168 5.27552 -80 2 -25 10 48964 1 
145.44 -26.3468 -180.065 0.586168 5.27552 -80 2 -25 10 48965 1 
145.42 -26.3468 -180.065 0.586168 5.27552 -80 2 -25 10 48966 1 
145.401 -26.3468 -180.065 0.586168 5.27552 -80 2 -25 10 48967 1 
145.381 -26.3468 -180.065 0.586168 5.27552 -80 2 -25 10 48968 1 
145.362 -26.3467 -180.065 0.586168 5.27552 -80 2 -25 10 48969 1 
145.342 -26.3467 -180.065 0.586168 5.27552 -80 2 -25 10 48970 1 
145.323 -26.3467 -180.066 0.586168 5.27552 -80 2 -25 10 48971 1 
145.303 -26.3467 -180.066 0.586168 5.27552 -80 2 -25 10 48972 1 
145.283 -26.3467 -180.066 0.586168 5.27552 -80 2 -25 10 48973 1 
145.264 -26.3466 -180.066 0.586168 5.27552 -80 2 -25 10 48974 1 
145.244 -26.3466 -180.066 0.586168 5.27552 -80 2 -25 10 48975 1 
145.225 -26.3466 -180.066 0.586168 5.27552 -80 2 -25 10 48976 1 
145.205 -26.3466 -180.066 0.586168 5.27552 -80 2 -25 10 48977 1 
145.186 -26.3465 -180.066 0.586168 5.27552 -80 2 -25 10 48978 1 
145.166 -26.3465 -180.066 0.586168 5.27552 -80 2 -25 10 48979 1 
145.147 -26.3465 -180.066 0.586168 5.27552 -80 2 -25 10 48980 1 
145.127 -26.3465 -180.066 0.586168 5.27552 -80 2 -25 10 48981 1 
145.108 -26.3464 -180.066 0.586168 5.27552 -80 2 -25 10 48982 1 
145.088 -26.3464 -180.066 0.586168 5.27552 -80 2 -25 10 48983 1 
145.068 -26.3464 -180.066 0.586168 5.27552 -80 2 -25 10 48984 1 
145.049 -26.3464 -180.066 0.586168 5.27552 -80 2 -25 10 48985 1 
145.029 -26.3464 -180.066 0.586168 5.27552 -80 2 -25 10 48986 1 
145.01 -26.3463 -180.066 0.586168 5.27552 -80 2 -25 10 48987 1 
144.99 -26.3463 -180.066 0.586168 5.27552 -80 2 -25 10 48988 1 
144.971 -26.3463 -180.066 0.586168 5.27552 -80 2 -25 10 48989 1 
144.951 -26.3463 -180.066 0.586168 5.27552 -80 2 -25 10 48990 1 
144.932 -26.3462 -180.067 0.586168 5.27552 -80 2 -25 10 48991 1 
144.912 -26.3462 -180.067 0.586168 5.27552 -80 2 -25 10 48992 1 
144.893 -26.3462 -180.067 0.586168 5.27552 -80 2 -25 10 48993 1 
144.873 -26.3462 -180.067 0.586168 5.27552 -80 2 -25 10 48994 1 
144.853 -26.3461 -180.067 0.586168 5.27552 -80 2 -25 10 48995 1 
144.834 -26.3461 -180.067 0.586168 5.27552 -80 2 -25 10 48996 1 
144.814 -26.3461 -180.067 0.586168 5.27552 -80 2 -25 10 48997 1 
144.795 -26.3461 -180.067 0.586168 5.27552 -80 2 -25 10 48998 1 
144.775 -26.3461 -180.067 0.586168 5.27552 -80 2 -25 10 48999 1 
144.756 -26.346 -180.067 0.586168 5.27552 -80 2 -25 10 49000 1 
144.736 -26.346 -180.067 0.586168 5.27552 -80 2 -25 10 49001 1 
144.717 -26.346 -180.067 0.586168 5.27552 -80 2 -25 10 49002 1 
144.697 -26.346 -180.067 0.586168 5.27552 -80 2 -25 10 49003 1 
144.678 -26.3459 -180.067 0.586168 5.27552 -80 2 -25 10 49004 1 
144.658 -26.3459 -180.067 0.586168 5.27552 -80 2 -25 10 49005 1 
144.638 -26.3459 -180.067 0.586168 5.27552 -80 2 -25 10 49006 1 
144.619 -26.3459 -180.067 0.586168 5.27552 -80 2 -25 10 49007 1 
144.599 -26.3459 -180.067 0.586168 5.27552 -80 2 -25 10 49008 1 
144.58 -26.3458 -180.067 0.586168 5.27552 -80 2 -25 10 49009 1 
144.56 -26.3458 -180.067 0.586168 5.27552 -80 2 -25 10 49010 1 
144.541 -26.3458 -180.067 0.586168 5.27552 -80 2 -25 10 49011 1 
144.521 -26.3458 -180.067 0.586168 5.27552 -80 2 -25 10 49012 1 
144.502 -26.3457 -180.067 0.586168 5.27552 -80 2 -25 10 49013 1 
144.482 -26.3457 -180.067 0.586168 5.27552 -80 2 -25 10 49014 1 
144.463 -26.3457 -180.067 0.586168 5.27552 -80 2 -25 10 49015 1 
144.443 -26.3457 -180.067 0.586168 5.27552 -80 2 -25 10 49016 1 
144.423 -26.3456 -180.067 0.586168 5.27552 -80 2 -25 10 49017 1 
144.404 -26.3456 -180.068 0.586168 5.27552 -80 2 -25 10 49018 1 
144.384 -26.3456 -180.068 0.586168 5.27552 -80 2 -25 10 49019 1 
144.365 -26.3456 -180.068 0.586168 5.27552 -80 2 -25 10 49020 1 
144.345 -26.3456 -180.068 0.586168 5.27552 -80 2 -25 10 49021 1 
144.326 -26.3455 -180.068 0.586168 5.27552 -80 2 -25 10 49022 1 
144.306 -26.3455 -180.068 0.586168 5.27552 -80 2 -25 10 49023 1 
144.287 -26.3455 -180.068 0.586168 5.27552 -80 2 -25 10 49024 1 
144.267 -26.3455 -180.068 0.586168 5.27552 -80 2 -25 10 49025 1 
144.247 -26.3454 -180.068 0.586168 5.27552 -80 2 -25 10 49026 1 
144.228 -26.3454 -180.068 0.586168 5.27552 -80 2 -25 10 49027 1 
144.208 -26.3454 -180.068 0.586168 5.27552 -80 2 -25 10 49028 1 
144.189 -26.3454 -180.068 0.586168 5.27552 -80 2 -25 10 49029 1 
144.169 -26.3453 -180.068 0.586168 5.27552 -80 2 -25 10 49030 1 
144.15 -26.3453 -180.068 0.586168 5.27552 -80 2 -25 10 49031 1 
144.13 -26.3453 -180.068 0.586168 5.27552 -80 2 -25 10 49032 1 
144.111 -26.3453 -180.068 0.586168 5.27552 -80 2 -25 10 49033 1 
144.091 -26.3453 -180.068 0.586168 5.27552 -80 2 -25 10 49034 1 
144.072 -26.3452 -180.068 0.586168 5.27552 -80 2 -25 10 49035 1 
144.052 -26.3452 -180.068 0.586168 5.27552 -80 2 -25 10 49036 1 
144.032 -26.3452 -180.068 0.586168 5.27552 -80 2 -25 10 49037 1 
144.013 -26.3452 -180.068 0.586168 5.27552 -80 2 -25 10 49038 1 
143.993 -26.3451 -180.068 0.586168 5.27552 -80 2 -25 10 49039 1 
143.974 -26.3451 -180.068 0.586168 5.27552 -80 2 -25 10 49040 1 
143.954 -26.3451 -180.068 0.586168 5.27552 -80 2 -25 10 49041 1 
143.935 -26.3451 -180.068 0.586168 5.27552 -80 2 -25 10 49042 1 
143.915 -26.3451 -180.068 0.586168 5.27552 -80 2 -25 10 49043 1 
143.896 -26.345 -180.068 0.586168 5.27552 -80 2 -25 10 49044 1 
143.876 -26.345 -180.068 0.586168 5.27552 -80 2 -25 10 49045 1 
143.857 -26.345 -180.068 0.586168 5.27552 -80 2 -25 10 49046 1 
143.837 -26.345 -180.068 0.586168 5.27552 -80 2 -25 10 49047 1 
143.817 -26.3449 -180.068 0.586168 5.27552 -80 2 -25 10 49048 1 
143.798 -26.3449 -180.068 0.586168 5.27552 -80 2 -25 10 49049 1 
143.778 -26.3449 -180.068 0.586168 5.27552 -80 2 -25 10 49050 1 
143.759 -26.3449 -180.068 0.586168 5.27552 -80 2 -25 10 49051 1 
143.739 -26.3448 -180.068 0.586168 5.27552 -80 2 -25 10 49052 1 
143.72 -26.3448 -180.068 0.586168 5.27552 -80 2 -25 10 49053 1 
143.7 -26.3448 -180.068 0.586168 5.27552 -80 2 -25 10 49054 1 
143.681 -26.3448 -180.068 0.586168 5.27552 -80 2 -25 10 49055 1 
143.661 -26.3448 -180.068 0.586168 5.27552 -80 2 -25 10 49056 1 
143.642 -26.3447 -180.068 0.586168 5.27552 -80 2 -25 10 49057 1 
143.622 -26.3447 -180.068 0.586168 5.27552 -80 2 -25 10 49058 1 
143.602 -26.3447 -180.068 0.586168 5.27552 -80 2 -25 10 49059 1 
143.583 -26.3447 -180.068 0.586168 5.27552 -80 2 -25 10 49060 1 
143.563 -26.3446 -180.068 0.586168 5.27552 -80 2 -25 10 49061 1 
143.544 -26.3446 -180.068 0.586168 5.27552 -80 2 -25 10 49062 1 
143.524 -26.3446 -180.068 0.586168 5.27552 -80 2 -25 10 49063 1 
143.505 -26.3446 -180.068 0.586168 5.27552 -80 2 -25 10 49064 1 
143.485 -26.3445 -180.068 0.586168 5.27552 -80 2 -25 10 49065 1 
143.466 -26.3445 -180.069 0.586168 5.27552 -80 2 -25 10 49066 1 
143.446 -26.3445 -180.069 0.586168 5.27552 -80 2 -25 10 49067 1 
143.427 -26.3445 -180.069 0.586168 5.27552 -80 2 -25 10 49068 1 
143.407 -26.3445 -180.069 0.586168 5.27552 -80 2 -25 10 49069 1 
143.387 -26.3444 -180.069 0.586168 5.27552 -80 2 -25 10 49070 1 
143.368 -26.3444 -180.069 0.586168 5.27552 -80 2 -25 10 49071 1 
143.348 -26.3444 -180.069 0.586168 5.27552 -80 2 -25 10 49072 1 
143.329 -26.3444 -180.069 0.586168 5.27552 -80 2 -25 10 49073 1 
143.309 -26.3443 -180.069 0.586168 5.27552 -80 2 -25 10 49074 1 
143.29 -26.3443 -180.069 0.586168 5.27552 -80 2 -25 10 49075 1 
143.27 -26.3443 -180.069 0.586168 5.27552 -80 2 -25 10 49076 1 
143.251 -26.3443 -180.069 0.586168 5.27552 -80 2 -25 10 49077 1 
143.231 -26.3442 -180.069 0.586168 5.27552 -80 2 -25 10 49078 1 
143.212 -26.3442 -180.069 0.586168 5.27552 -80 2 -25 10 49079 1 
143.192 -26.3442 -180.069 0.586168 5.27552 -80 2 -25 10 49080 1 
143.172 -26.3442 -180.069 0.586168 5.27552 -80 2 -25 10 49081 1 
143.153 -26.3442 -180.069 0.586168 5.27552 -80 2 -25 10 49082 1 
143.133 -26.3441 -180.069 0.586168 5.27552 -80 2 -25 10 49083 1 
143.114 -26.3441 -180.069 0.586168 5.27552 -80 2 -25 10 49084 1 
143.094 -26.3441 -180.069 0.586168 5.27552 -80 2 -25 10 49085 1 
143.075 -26.3441 -180.069 0.586168 5.27552 -80 2 -25 10 49086 1 
143.055 -26.344 -180.069 0.586168 5.27552 -80 2 -25 10 49087 1 
143.036 -26.344 -180.069 0.586168 5.27552 -80 2 -25 10 49088 1 
143.016 -26.344 -180.069 0.586168 5.27552 -80 2 -25 10 49089 1 
142.997 -26.344 -180.069 0.586168 5.27552 -80 2 -25 10 49090 1 
142.977 -26.344 -180.069 0.586168 5.27552 -80 2 -25 10 49091 1 
142.957 -26.3439 -180.069 0.586168 5.27552 -80 2 -25 10 49092 1 
142.938 -26.3439 -180.069 0.586168 5.27552 -80 2 -25 10 49093 1 
142.918 -26.3439 -180.069 0.586168 5.27552 -80 2 -25 10 49094 1 
142.899 -26.3439 -180.069 0.586168 5.27552 -80 2 -25 10 49095 1 
142.879 -26.3438 -180.069 0.586168 5.27552 -80 2 -25 10 49096 1 
142.86 -26.3438 -180.069 0.586168 5.27552 -80 2 -25 10 49097 1 
142.84 -26.3438 -180.069 0.586168 5.27552 -80 2 -25 10 49098 1 
142.821 -26.3438 -180.069 0.586168 5.27552 -80 2 -25 10 49099 1 
142.801 -26.3437 -180.069 0.586168 5.27552 -80 2 -25 10 49100 1 
142.782 -26.3437 -180.069 0.586168 5.27552 -80 2 -25 10 49101 1 
142.762 -26.3437 -180.069 0.586168 5.27552 -80 2 -25 10 49102 1 
142.742 -26.3437 -180.069 0.586168 5.27552 -80 2 -25 10 49103 1 
142.723 -26.3437 -180.069 0.586168 5.27552 -80 2 -25 10 49104 1 
142.703 -26.3436 -180.069 0.586168 5.27552 -80 2 -25 10 49105 1 
142.684 -26.3436 -180.069 0.586168 5.27552 -80 2 -25 10 49106 1 
142.664 -26.3436 -180.069 0.586168 5.27552 -80 2 -25 10 49107 1 
142.645 -26.3436 -180.069 0.586168 5.27552 -80 2 -25 10 49108 1 
142.625 -26.3435 -180.069 0.586168 5.27552 -80 2 -25 10 49109 1 
142.606 -26.3435 -180.069 0.586168 5.27552 -80 2 -25 10 49110 1 
142.586 -26.3435 -180.069 0.586168 5.27552 -80 2 -25 10 49111 1 
142.566 -26.3435 -180.069 0.586168 5.27552 -80 2 -25 10 49112 1 
142.547 -26.3434 -180.069 0.586168 5.27552 -80 2 -25 10 49113 1 
142.527 -26.3434 -180.069 0.586168 5.27552 -80 2 -25 10 49114 1 
142.508 -26.3434 -180.069 0.586168 5.27552 -80 2 -25 10 49115 1 
142.488 -26.3434 -180.069 0.586168 5.27552 -80 2 -25 10 49116 1 
142.469 -26.3434 -180.069 0.586168 5.27552 -80 2 -25 10 49117 1 
142.449 -26.3433 -180.069 0.586168 5.27552 -80 2 -25 10 49118 1 
142.43 -26.3433 -180.069 0.586168 5.27552 -80 2 -25 10 49119 1 
142.41 -26.3433 -180.069 0.586168 5.27552 -80 2 -25 10 49120 1 
142.391 -26.3433 -180.069 0.586168 5.27552 -80 2 -25 10 49121 1 
142.371 -26.3432 -180.069 0.586168 5.27552 -80 2 -25 10 49122 1 
142.351 -26.3432 -180.069 0.586168 5.27552 -80 2 -25 10 49123 1 
142.332 -26.3432 -180.069 0.586168 5.27552 -80 2 -25 10 49124 1 
142.312 -26.3432 -180.069 0.586168 5.27552 -80 2 -25 10 49125 1 
142.293 -26.3432 -180.069 0.586168 5.27552 -80 2 -25 10 49126 1 
142.273 -26.3431 -180.069 0.586168 5.27552 -80 2 -25 10 49127 1 
142.254 -26.3431 -180.069 0.586168 5.27552 -80 2 -25 10 49128 1 
142.234 -26.3431 -180.069 0.586168 5.27552 -80 2 -25 10 49129 1 
142.215 -26.3431 -180.069 0.586168 5.27552 -80 2 -25 10 49130 1 
142.195 -26.343 -180.069 0.586168 5.27552 -80 2 -25 10 49131 1 
142.176 -26.343 -180.069 0.586168 5.27552 -80 2 -25 10 49132 1 
142.156 -26.343 -180.069 0.586168 5.27552 -80 2 -25 10 49133 1 
142.136 -26.343 -180.069 0.586168 5.27552 -80 2 -25 10 49134 1 
142.117 -26.3429 -180.069 0.586168 5.27552 -80 2 -25 10 49135 1 
142.097 -26.3429 -180.069 0.586168 5.27552 -80 2 -25 10 49136 1 
142.078 -26.3429 -180.069 0.586168 5.27552 -80 2 -25 10 49137 1 
142.058 -26.3429 -180.069 0.586168 5.27552 -80 2 -25 10 49138 1 
142.039 -26.3429 -180.069 0.586168 5.27552 -80 2 -25 10 49139 1 
142.019 -26.3428 -180.069 0.586168 5.27552 -80 2 -25 10 49140 1 
142 -26.3428 -180.069 0.586168 5.27552 -80 2 -25 10 49141 1 
141.98 -26.3428 -180.069 0.586168 5.27552 -80 2 -25 10 49142 1 
141.961 -26.3428 -180.07 0.586168 5.27552 -80 2 -25 10 49143 1 
141.941 -26.3427 -180.07 0.586168 5.27552 -80 2 -25 10 49144 1 
141.921 -26.3427 -180.07 0.586168 5.27552 -80 2 -25 10 49145 1 
141.902 -26.3427 -180.07 0.586168 5.27552 -80 2 -25 10 49146 1 
141.882 -26.3427 -180.07 0.586168 5.27552 -80 2 -25 10 49147 1 
141.863 -26.3426 -180.07 0.586168 5.27552 -80 2 -25 10 49148 1 
141.843 -26.3426 -180.07 0.586168 5.27552 -80 2 -25 10 49149 1 
141.824 -26.3426 -180.07 0.586168 5.27552 -80 2 -25 10 49150 1 
141.804 -26.3426 -180.07 0.586168 5.27552 -80 2 -25 10 49151 1 
141.785 -26.3426 -180.07 0.586168 5.27552 -80 2 -25 10 49152 1 
141.765 -26.3425 -180.07 0.586168 5.27552 -80 2 -25 10 49153 1 
141.746 -26.3425 -180.07 0.586168 5.27552 -80 2 -25 10 49154 1 
141.726 -26.3425 -180.07 0.586168 5.27552 -80 2 -25 10 49155 1 
141.706 -26.3425 -180.07 0.586168 5.27552 -80 2 -25 10 49156 1 
141.687 -26.3424 -180.07 0.586168 5.27552 -80 2 -25 10 49157 1 
141.667 -26.3424 -180.07 0.586168 5.27552 -80 2 -25 10 49158 1 
141.648 -26.3424 -180.07 0.586168 5.27552 -80 2 -25 10 49159 1 
141.628 -26.3424 -180.07 0.586168 5.27552 -80 2 -25 10 49160 1 
141.609 -26.3424 -180.07 0.586168 5.27552 -80 2 -25 10 49161 1 
141.589 -26.3423 -180.07 0.586168 5.27552 -80 2 -25 10 49162 1 
141.57 -26.3423 -180.07 0.586168 5.27552 -80 2 -25 10 49163 1 
141.55 -26.3423 -180.07 0.586168 5.27552 -80 2 -25 10 49164 1 
141.531 -26.3423 -180.07 0.586168 5.27552 -80 2 -25 10 49165 1 
141.511 -26.3422 -180.07 0.586168 5.27552 -80 2 -25 10 49166 1 
141.491 -26.3422 -180.07 0.586168 5.27552 -80 2 -25 10 49167 1 
141.472 -26.3422 -180.07 0.586168 5.27552 -80 2 -25 10 49168 1 
141.452 -26.3422 -180.07 0.586168 5.27552 -80 2 -25 10 49169 1 
141.433 -26.3421 -180.07 0.586168 5.27552 -80 2 -25 10 49170 1 
141.413 -26.3421 -180.07 0.586168 5.27552 -80 2 -25 10 49171 1 
141.394 -26.3421 -180.07 0.586168 5.27552 -80 2 -25 10 49172 1 
141.374 -26.3421 -180.07 0.586168 5.27552 -80 2 -25 10 49173 1 
141.355 -26.3421 -180.07 0.586168 5.27552 -80 2 -25 10 49174 1 
141.335 -26.342 -180.07 0.586168 5.27552 -80 2 -25 10 49175 1 
141.316 -26.342 -180.07 0.586168 5.27552 -80 2 -25 10 49176 1 
141.296 -26.342 -180.07 0.586168 5.27552 -80 2 -25 10 49177 1 
141.276 -26.342 -180.07 0.586168 5.27552 -80 2 -25 10 49178 1 
141.257 -26.3419 -180.07 0.586168 5.27552 -80 2 -25 10 49179 1 
141.237 -26.3419 -180.07 0.586168 5.27552 -80 2 -25 10 49180 1 
141.218 -26.3419 -180.07 0.586168 5.27552 -80 2 -25 10 49181 1 
141.198 -26.3419 -180.07 0.586168 5.27552 -80 2 -25 10 49182 1 
141.179 -26.3418 -180.07 0.586168 5.27552 -80 2 -25 10 49183 1 
141.159 -26.3418 -180.07 0.586168 5.27552 -80 2 -25 10 49184 1 
141.14 -26.3418 -180.07 0.586168 5.27552 -80 2 -25 10 49185 1 
141.12 -26.3418 -180.07 0.586168 5.27552 -80 2 -25 10 49186 1 
141.101 -26.3418 -180.07 0.586168 5.27552 -80 2 -25 10 49187 1 
141.081 -26.3417 -180.07 0.586168 5.27552 -80 2 -25 10 49188 1 
141.061 -26.3417 -180.07 0.586168 5.27552 -80 2 -25 10 49189 1 
141.042 -26.3417 -180.07 0.586168 5.27552 -80 2 -25 10 49190 1 
141.022 -26.3417 -180.07 0.586168 5.27552 -80 2 -25 10 49191 1 
141.003 -26.3416 -180.07 0.586168 5.27552 -80 2 -25 10 49192 1 
140.983 -26.3416 -180.07 0.586168 5.27552 -80 2 -25 10 49193 1 
140.964 -26.3416 -180.07 0.586168 5.27552 -80 2 -25 10 49194 1 
140.944 -26.3416 -180.07 0.586168 5.27552 -80 2 -25 10 49195 1 
140.925 -26.3415 -180.07 0.586168 5.27552 -80 2 -25 10 49196 1 
140.905 -26.3415 -180.07 0.586168 5.27552 -80 2 -25 10 49197 1 
140.885 -26.3415 -180.07 0.586168 5.27552 -80 2 -25 10 49198 1 
140.866 -26.3415 -180.07 0.586168 5.27552 -80 2 -25 10 49199 1 
140.846 -26.3415 -180.07 0.586168 5.27552 -80 2 -25 10 49200 1 
140.827 -26.3414 -180.07 0.586168 5.27552 -80 2 -25 10 49201 1 
140.807 -26.3414 -180.07 0.586168 5.27552 -80 2 -25 10 49202 1 
140.788 -26.3414 -180.07 0.586168 5.27552 -80 2 -25 10 49203 1 
140.768 -26.3414 -180.07 0.586168 5.27552 -80 2 -25 10 49204 1 
140.749 -26.3413 -180.07 0.586168 5.27552 -80 2 -25 10 49205 1 
140.729 -26.3413 -180.07 0.586168 5.27552 -80 2 -25 10 49206 1 
140.71 -26.3413 -180.07 0.586168 5.27552 -80 2 -25 10 49207 1 
140.69 -26.3413 -180.07 0.586168 5.27552 -80 2 -25 10 49208 1 
140.67 -26.3413 -180.07 0.586168 5.27552 -80 2 -25 10 49209 1 
140.651 -26.3412 -180.07 0.586168 5.27552 -80 2 -25 10 49210 1 
140.631 -26.3412 -180.07 0.586168 5.27552 -80 2 -25 10 49211 1 
140.612 -26.3412 -180.07 0.586168 5.27552 -80 2 -25 10 49212 1 
140.592 -26.3412 -180.07 0.586168 5.27552 -80 2 -25 10 49213 1 
140.573 -26.3411 -180.07 0.586168 5.27552 -80 2 -25 10 49214 1 
140.553 -26.3411 -180.07 0.586168 5.27552 -80 2 -25 10 49215 1 
140.534 -26.3411 -180.07 0.586168 5.27552 -80 2 -25 10 49216 1 
140.514 -26.3411 -180.07 0.586168 5.27552 -80 2 -25 10 49217 1 
140.495 -26.341 -180.07 0.586168 5.27552 -80 2 -25 10 49218 1 
140.475 -26.341 -180.07 0.586168 5.27552 -80 2 -25 10 49219 1 
140.455 -26.341 -180.07 0.586168 5.27552 -80 2 -25 10 49220 1 
140.436 -26.341 -180.07 0.586168 5.27552 -80 2 -25 10 49221 1 
140.416 -26.341 -180.07 0.586168 5.27552 -80 2 -25 10 49222 1 
140.397 -26.3409 -180.07 0.586168 5.27552 -80 2 -25 10 49223 1 
140.377 -26.3409 -180.07 0.586168 5.27552 -80 2 -25 10 49224 1 
140.358 -26.3409 -180.07 0.586168 5.27552 -80 2 -25 10 49225 1 
140.338 -26.3409 -180.07 0.586168 5.27552 -80 2 -25 10 49226 1 
140.319 -26.3408 -180.07 0.586168 5.27552 -80 2 -25 10 49227 1 
140.299 -26.3408 -180.07 0.586168 5.27552 -80 2 -25 10 49228 1 
140.28 -26.3408 -180.07 0.586168 5.27552 -80 2 -25 10 49229 1 
140.26 -26.3408 -180.07 0.586168 5.27552 -80 2 -25 10 49230 1 
140.24 -26.3407 -180.07 0.586168 5.27552 -80 2 -25 10 49231 1 
140.221 -26.3407 -180.07 0.586168 5.27552 -80 2 -25 10 49232 1 
140.201 -26.3407 -180.07 0.586168 5.27552 -80 2 -25 10 49233 1 
140.182 -26.3407 -180.07 0.586168 5.27552 -80 2 -25 10 49234 1 
140.162 -26.3406 -180.07 0.586168 5.27552 -80 2 -25 10 49235 1 
140.143 -26.3406 -180.07 0.586168 5.27552 -80 2 -25 10 49236 1 
140.123 -26.3406 -180.07 0.586168 5.27552 -80 2 -25 10 49237 1 
140.104 -26.3406 -180.07 0.586168 5.27552 -80 2 -25 10 49238 1 
140.084 -26.3405 -180.07 0.586168 5.27552 -80 2 -25 10 49239 1 
140.065 -26.3405 -180.07 0.586168 5.27552 -80 2 -25 10 49240 1 
140.045 -26.3405 -180.07 0.586168 5.27552 -80 2 -25 10 49241 1 
140.025 -26.3405 -180.07 0.586168 5.27552 -80 2 -25 10 49242 1 
140.006 -26.3404 -180.07 0.586168 5.27552 -80 2 -25 10 49243 1 
139.986 -26.3404 -180.07 0.586168 5.27552 -80 2 -25 10 49244 1 
139.967 -26.3404 -180.07 0.586168 5.27552 -80 2 -25 10 49245 1 
139.947 -26.3404 -180.07 0.586168 5.27552 -80 2 -25 10 49246 1 
139.928 -26.3403 -180.07 0.586168 5.27552 -80 2 -25 10 49247 1 
139.908 -26.3403 -180.07 0.586168 5.27552 -80 2 -25 10 49248 1 
139.889 -26.3403 -180.07 0.586168 5.27552 -80 2 -25 10 49249 1 
139.869 -26.3403 -180.07 0.586168 5.27552 -80 2 -25 10 49250 1 
139.85 -26.3402 -180.07 0.586168 5.27552 -80 2 -25 10 49251 1 
139.83 -26.3402 -180.07 0.586168 5.27552 -80 2 -25 10 49252 1 
139.81 -26.3402 -180.07 0.586168 5.27552 -80 2 -25 10 49253 1 
139.791 -26.3402 -180.07 0.586168 5.27552 -80 2 -25 10 49254 1 
139.771 -26.3401 -180.07 0.586168 5.27552 -80 2 -25 10 49255 1 
139.752 -26.3401 -180.07 0.586168 5.27552 -80 2 -25 10 49256 1 
139.732 -26.3401 -180.07 0.586168 5.27552 -80 2 -25 10 49257 1 
139.713 -26.3401 -180.07 0.586168 5.27552 -80 2 -25 10 49258 1 
139.693 -26.34 -180.07 0.586168 5.27552 -80 2 -25 10 49259 1 
139.674 -26.34 -180.07 0.586168 5.27552 -80 2 -25 10 49260 1 
139.654 -26.34 -180.07 0.586168 5.27552 -80 2 -25 10 49261 1 
139.635 -26.34 -180.07 0.586168 5.27552 -80 2 -25 10 49262 1 
139.615 -26.3399 -180.07 0.586168 5.27552 -80 2 -25 10 49263 1 
139.595 -26.3399 -180.07 0.586168 5.27552 -80 2 -25 10 49264 1 
139.576 -26.3399 -180.07 0.586168 5.27552 -80 2 -25 10 49265 1 
139.556 -26.3399 -180.07 0.586168 5.27552 -80 2 -25 10 49266 1 
139.537 -26.3398 -180.07 0.586168 5.27552 -80 2 -25 10 49267 1 
139.517 -26.3398 -180.07 0.586168 5.27552 -80 2 -25 10 49268 1 
139.498 -26.3398 -180.07 0.586168 5.27552 -80 2 -25 10 49269 1 
139.478 -26.3398 -180.07 0.586168 5.27552 -80 2 -25 10 49270 1 
139.459 -26.3397 -180.07 0.586168 5.27552 -80 2 -25 10 49271 1 
139.439 -26.3397 -180.07 0.586168 5.27552 -80 2 -25 10 49272 1 
139.42 -26.3397 -180.07 0.586168 5.27552 -80 2 -25 10 49273 1 
139.4 -26.3397 -180.07 0.586168 5.27552 -80 2 -25 10 49274 1 
139.38 -26.3396 -180.07 0.586168 5.27552 -80 2 -25 10 49275 1 
139.361 -26.3396 -180.07 0.586168 5.27552 -80 2 -25 10 49276 1 
139.341 -26.3396 -180.07 0.586168 5.27552 -80 2 -25 10 49277 1 
139.322 -26.3396 -180.07 0.586168 5.27552 -80 2 -25 10 49278 1 
139.302 -26.3395 -180.07 0.586168 5.27552 -80 2 -25 10 49279 1 
139.283 -26.3395 -180.07 0.586168 5.27552 -80 2 -25 10 49280 1 
139.263 -26.3395 -180.07 0.586168 5.27552 -80 2 -25 10 49281 1 
139.244 -26.3395 -180.07 0.586168 5.27552 -80 2 -25 10 49282 1 
139.224 -26.3394 -180.07 0.586168 5.27552 -80 2 -25 10 49283 1 
139.204 -26.3394 -180.07 0.586168 5.27552 -80 2 -25 10 49284 1 
139.185 -26.3394 -180.07 0.586168 5.27552 -80 2 -25 10 49285 1 
139.165 -26.3394 -180.07 0.586168 5.27552 -80 2 -25 10 49286 1 
139.146 -26.3393 -180.07 0.586168 5.27552 -80 2 -25 10 49287 1 
139.126 -26.3393 -180.07 0.586168 5.27552 -80 2 -25 10 49288 1 
139.107 -26.3393 -180.07 0.586168 5.27552 -80 2 -25 10 49289 1 
139.087 -26.3393 -180.07 0.586168 5.27552 -80 2 -25 10 49290 1 
139.068 -26.3392 -180.07 0.586168 5.27552 -80 2 -25 10 49291 1 
139.048 -26.3392 -180.07 0.586168 5.27552 -80 2 -25 10 49292 1 
139.029 -26.3392 -180.07 0.586168 5.27552 -80 2 -25 10 49293 1 
139.009 -26.3392 -180.07 0.586168 5.27552 -80 2 -25 10 49294 1 
138.989 -26.3391 -180.07 0.586168 5.27552 -80 2 -25 10 49295 1 
138.97 -26.3391 -180.07 0.586168 5.27552 -80 2 -25 10 49296 1 
138.95 -26.3391 -180.07 0.586168 5.27552 -80 2 -25 10 49297 1 
138.931 -26.3391 -180.07 0.586168 5.27552 -80 2 -25 10 49298 1 
138.911 -26.3391 -180.07 0.586168 5.27552 -80 2 -25 10 49299 1 
138.892 -26.339 -180.07 0.586168 5.27552 -80 2 -25 10 49300 1 
138.872 -26.339 -180.07 0.586168 5.27552 -80 2 -25 10 49301 1 
138.853 -26.339 -180.07 0.586168 5.27552 -80 2 -25 10 49302 1 
138.833 -26.339 -180.07 0.586168 5.27552 -80 2 -25 10 49303 1 
138.814 -26.3389 -180.07 0.586168 5.27552 -80 2 -25 10 49304 1 
138.794 -26.3389 -180.07 0.586168 5.27552 -80 2 -25 10 49305 1 
138.774 -26.3389 -180.07 0.586168 5.27552 -80 2 -25 10 49306 1 
138.755 -26.3389 -180.07 0.586168 5.27552 -80 2 -25 10 49307 1 
138.735 -26.3388 -180.07 0.586168 5.27552 -80 2 -25 10 49308 1 
138.716 -26.3388 -180.07 0.586168 5.27552 -80 2 -25 10 49309 1 
138.696 -26.3388 -180.07 0.586168 5.27552 -80 2 -25 10 49310 1 
138.677 -26.3388 -180.07 0.586168 5.27552 -80 2 -25 10 49311 1 
138.657 -26.3387 -180.07 0.586168 5.27552 -80 2 -25 10 49312 1 
138.638 -26.3387 -180.07 0.586168 5.27552 -80 2 -25 10 49313 1 
138.618 -26.3387 -180.07 0.586168 5.27552 -80 2 -25 10 49314 1 
138.599 -26.3387 -180.07 0.586168 5.27552 -80 2 -25 10 49315 1 
138.579 -26.3386 -180.07 0.586168 5.27552 -80 2 -25 10 49316 1 
138.559 -26.3386 -180.07 0.586168 5.27552 -80 2 -25 10 49317 1 
138.54 -26.3386 -180.07 0.586168 5.27552 -80 2 -25 10 49318 1 
138.52 -26.3386 -180.07 0.586168 5.27552 -80 2 -25 10 49319 1 
138.501 -26.3385 -180.07 0.586168 5.27552 -80 2 -25 10 49320 1 
138.481 -26.3385 -180.07 0.586168 5.27552 -80 2 -25 10 49321 1 
138.462 -26.3385 -180.07 0.586168 5.27552 -80 2 -25 10 49322 1 
138.442 -26.3385 -180.07 0.586168 5.27552 -80 2 -25 10 49323 1 
138.423 -26.3384 -180.07 0.586168 5.27552 -80 2 -25 10 49324 1 
138.403 -26.3384 -180.07 0.586168 5.27552 -80 2 -25 10 49325 1 
138.384 -26.3384 -180.07 0.586168 5.27552 -80 2 -25 10 49326 1 
138.364 -26.3384 -180.07 0.586168 5.27552 -80 2 -25 10 49327 1 
138.344 -26.3383 -180.07 0.586168 5.27552 -80 2 -25 10 49328 1 
138.325 -26.3383 -180.07 0.586168 5.27552 -80 2 -25 10 49329 1 
138.305 -26.3383 -180.07 0.586168 5.27552 -80 2 -25 10 49330 1 
138.286 -26.3383 -180.07 0.586168 5.27552 -80 2 -25 10 49331 1 
138.266 -26.3382 -180.07 0.586168 5.27552 -80 2 -25 10 49332 1 
138.247 -26.3382 -180.07 0.586168 5.27552 -80 2 -25 10 49333 1 
138.227 -26.3382 -180.07 0.586168 5.27552 -80 2 -25 10 49334 1 
138.208 -26.3382 -180.07 0.586168 5.27552 -80 2 -25 10 49335 1 
138.188 -26.3381 -180.07 0.586168 5.27552 -80 2 -25 10 49336 1 
138.169 -26.3381 -180.07 0.586168 5.27552 -80 2 -25 10 49337 1 
138.149 -26.3381 -180.07 0.586168 5.27552 -80 2 -25 10 49338 1 
138.129 -26.3381 -180.07 0.586168 5.27552 -80 2 -25 10 49339 1 
138.11 -26.338 -180.07 0.586168 5.27552 -80 2 -25 10 49340 1 
138.09 -26.338 -180.07 0.586168 5.27552 -80 2 -25 10 49341 1 
138.071 -26.338 -180.071 0.586168 5.27552 -80 2 -25 10 49342 1 
138.051 -26.338 -180.071 0.586168 5.27552 -80 2 -25 10 49343 1 
138.032 -26.3379 -180.071 0.586168 5.27552 -80 2 -25 10 49344 1 
138.012 -26.3379 -180.071 0.586168 5.27552 -80 2 -25 10 49345 1 
137.993 -26.3379 -180.071 0.586168 5.27552 -80 2 -25 10 49346 1 
137.973 -26.3379 -180.071 0.586168 5.27552 -80 2 -25 10 49347 1 
137.954 -26.3378 -180.071 0.586168 5.27552 -80 2 -25 10 49348 1 
137.934 -26.3378 -180.071 0.586168 5.27552 -80 2 -25 10 49349 1 
137.914 -26.3378 -180.071 0.586168 5.27552 -80 2 -25 10 49350 1 
137.895 -26.3378 -180.071 0.586168 5.27552 -80 2 -25 10 49351 1 
137.875 -26.3377 -180.071 0.586168 5.27552 -80 2 -25 10 49352 1 
137.856 -26.3377 -180.071 0.586168 5.27552 -80 2 -25 10 49353 1 
137.836 -26.3377 -180.071 0.586168 5.27552 -80 2 -25 10 49354 1 
137.817 -26.3377 -180.071 0.586168 5.27552 -80 2 -25 10 49355 1 
137.797 -26.3376 -180.071 0.586168 5.27552 -80 2 -25 10 49356 1 
137.778 -26.3376 -180.071 0.586168 5.27552 -80 2 -25 10 49357 1 
137.758 -26.3376 -180.071 0.586168 5.27552 -80 2 -25 10 49358 1 
137.739 -26.3376 -180.071 0.586168 5.27552 -80 2 -25 10 49359 1 
137.719 -26.3375 -180.071 0.586168 5.27552 -80 2 -25 10 49360 1 
137.699 -26.3375 -180.071 0.586168 5.27552 -80 2 -25 10 49361 1 
137.68 -26.3375 -180.071 0.586168 5.27552 -80 2 -25 10 49362 1 
137.66 -26.3375 -180.071 0.586168 5.27552 -80 2 -25 10 49363 1 
137.641 -26.3374 -180.071 0.586168 5.27552 -80 2 -25 10 49364 1 
137.621 -26.3374 -180.071 0.586168 5.27552 -80 2 -25 10 49365 1 
137.602 -26.3374 -180.071 0.586168 5.27552 -80 2 -25 10 49366 1 
137.582 -26.3374 -180.071 0.586168 5.27552 -80 2 -25 10 49367 1 
137.563 -26.3373 -180.071 0.586168 5.27552 -80 2 -25 10 49368 1 
137.543 -26.3373 -180.071 0.586168 5.27552 -80 2 -25 10 49369 1 
137.523 -26.3373 -180.071 0.586168 5.27552 -80 2 -25 10 49370 1 
137.504 -26.3373 -180.071 0.586168 5.27552 -80 2 -25 10 49371 1 
137.484 -26.3372 -180.071 0.586168 5.27552 -80 2 -25 10 49372 1 
137.465 -26.3372 -180.071 0.586168 5.27552 -80 2 -25 10 49373 1 
137.445 -26.3372 -180.071 0.586168 5.27552 -80 2 -25 10 49374 1 
137.426 -26.3372 -180.071 0.586168 5.27552 -80 2 -25 10 49375 1 
137.406 -26.3371 -180.071 0.586168 5.27552 -80 2 -25 10 49376 1 
137.387 -26.3371 -180.071 0.586168 5.27552 -80 2 -25 10 49377 1 
137.367 -26.3371 -180.071 0.586168 5.27552 -80 2 -25 10 49378 1 
137.348 -26.3371 -180.071 0.586168 5.27552 -80 2 -25 10 49379 1 
137.328 -26.337 -180.071 0.586168 5.27552 -80 2 -25 10 49380 1 
137.308 -26.337 -180.071 0.586168 5.27552 -80 2 -25 10 49381 1 
137.289 -26.337 -180.071 0.586168 5.27552 -80 2 -25 10 49382 1 
137.269 -26.337 -180.071 0.586168 5.27552 -80 2 -25 10 49383 1 
137.25 -26.3369 -180.071 0.586168 5.27552 -80 2 -25 10 49384 1 
137.23 -26.3369 -180.071 0.586168 5.27552 -80 2 -25 10 49385 1 
137.211 -26.3369 -180.071 0.586168 5.27552 -80 2 -25 10 49386 1 
137.191 -26.3369 -180.071 0.586168 5.27552 -80 2 -25 10 49387 1 
137.172 -26.3368 -180.071 0.586168 5.27552 -80 2 -25 10 49388 1 
137.152 -26.3368 -180.071 0.586168 5.27552 -80 2 -25 10 49389 1 
137.133 -26.3368 -180.071 0.586168 5.27552 -80 2 -25 10 49390 1 
137.113 -26.3368 -180.071 0.586168 5.27552 -80 2 -25 10 49391 1 
137.093 -26.3367 -180.071 0.586168 5.27552 -80 2 -25 10 49392 1 
137.074 -26.3367 -180.071 0.586168 5.27552 -80 2 -25 10 49393 1 
137.054 -26.3367 -180.071 0.586168 5.27552 -80 2 -25 10 49394 1 
137.035 -26.3367 -180.071 0.586168 5.27552 -80 2 -25 10 49395 1 
137.015 -26.3366 -180.071 0.586168 5.27552 -80 2 -25 10 49396 1 
136.996 -26.3366 -180.071 0.586168 5.27552 -80 2 -25 10 49397 1 
136.976 -26.3366 -180.071 0.586168 5.27552 -80 2 -25 10 49398 1 
136.957 -26.3366 -180.071 0.586168 5.27552 -80 2 -25 10 49399 1 
136.937 -26.3365 -180.071 0.586168 5.27552 -80 2 -25 10 49400 1 
136.918 -26.3365 -180.071 0.586168 5.27552 -80 2 -25 10 49401 1 
136.898 -26.3365 -180.071 0.586168 5.27552 -80 2 -25 10 49402 1 
136.878 -26.3365 -180.071 0.586168 5.27552 -80 2 -25 10 49403 1 
136.859 -26.3364 -180.071 0.586168 5.27552 -80 2 -25 10 49404 1 
136.839 -26.3364 -180.071 0.586168 5.27552 -80 2 -25 10 49405 1 
136.82 -26.3364 -180.071 0.586168 5.27552 -80 2 -25 10 49406 1 
136.8 -26.3364 -180.071 0.586168 5.27552 -80 2 -25 10 49407 1 
136.781 -26.3363 -180.071 0.586168 5.27552 -80 2 -25 10 49408 1 
136.761 -26.3363 -180.071 0.586168 5.27552 -80 2 -25 10 49409 1 
136.742 -26.3363 -180.071 0.586168 5.27552 -80 2 -25 10 49410 1 
136.722 -26.3363 -180.071 0.586168 5.27552 -80 2 -25 10 49411 1 
136.703 -26.3362 -180.071 0.586168 5.27552 -80 2 -25 10 49412 1 
136.683 -26.3362 -180.071 0.586168 5.27552 -80 2 -25 10 49413 1 
136.663 -26.3362 -180.071 0.586168 5.27552 -80 2 -25 10 49414 1 
136.644 -26.3362 -180.071 0.586168 5.27552 -80 2 -25 10 49415 1 
136.624 -26.3361 -180.071 0.586168 5.27552 -80 2 -25 10 49416 1 
136.605 -26.3361 -180.071 0.586168 5.27552 -80 2 -25 10 49417 1 
136.585 -26.3361 -180.071 0.586168 5.27552 -80 2 -25 10 49418 1 
136.576 -26.3361 -180.795 0.586168 5.27552 -80 2 -25 10 49419 1 
136.567 -26.336 -181.514 0.586168 5.27552 -80 2 -25 10 49420 1 
136.558 -26.3357 -182.226 0.586168 5.27552 -80 2 -25 10 49421 1 
136.548 -26.3354 -182.933 0.586168 5.27552 -80 2 -25 10 49422 1 
136.539 -26.3349 -183.634 0.586168 5.27552 -80 2 -25 10 49423 1 
136.53 -26.3343 -184.328 0.586168 5.27552 -80 2 -25 10 49424 1 
136.521 -26.3336 -185.017 0.586168 5.27552 -80 2 -25 10 49425 1 
136.512 -26.3328 -185.7 0.586168 5.27552 -80 2 -25 10 49426 1 
136.503 -26.3319 -186.377 0.586168 5.27552 -80 2 -25 10 49427 1 
136.494 -26.3309 -187.049 0.586168 5.27552 -80 2 -25 10 49428 1 
136.484 -26.3297 -187.715 0.586168 5.27552 -80 2 -25 10 49429 1 
136.475 -26.3285 -188.375 0.586168 5.27552 -80 2 -25 10 49430 1 
136.466 -26.3272 -189.03 0.586168 5.27552 -80 2 -25 10 49431 1 
136.457 -26.3257 -189.679 0.586168 5.27552 -80 2 -25 10 49432 1 
136.448 -26.3242 -190.322 0.586168 5.27552 -80 2 -25 10 49433 1 
136.439 -26.3225 -190.96 0.586168 5.27552 -80 2 -25 10 49434 1 
136.43 -26.3208 -191.593 0.586168 5.27552 -80 2 -25 10 49435 1 
136.421 -26.3189 -192.22 0.586168 5.27552 -80 2 -25 10 49436 1 
136.412 -26.317 -192.842 0.586168 5.27552 -80 2 -25 10 49437 1 
136.403 -26.315 -193.458 0.586168 5.27552 -80 2 -25 10 49438 1 
136.394 -26.3128 -194.069 0.586168 5.27552 -80 2 -25 10 49439 1 
136.385 -26.3106 -194.675 0.586168 5.27552 -80 2 -25 10 49440 1 
136.376 -26.3083 -195.276 0.586168 5.27552 -80 2 -25 10 49441 1 
136.368 -26.3059 -195.871 0.586168 5.27552 -80 2 -25 10 49442 1 
136.359 -26.3033 -196.461 0.586168 5.27552 -80 2 -25 10 49443 1 
136.35 -26.3007 -197.046 0.586168 5.27552 -80 2 -25 10 49444 1 
136.341 -26.2981 -197.626 0.586168 5.27552 -80 2 -25 10 49445 1 
136.332 -26.2953 -198.201 0.586168 5.27552 -80 2 -25 10 49446 1 
136.324 -26.2924 -198.771 0.586168 5.27552 -80 2 -25 10 49447 1 
136.315 -26.2895 -199.336 0.586168 5.27552 -80 2 -25 10 49448 1 
136.306 -26.2864 -199.896 0.586168 5.27552 -80 2 -25 10 49449 1 
136.298 -26.2833 -200.451 0.586168 5.27552 -80 2 -25 10 49450 1 
136.289 -26.2801 -201.001 0.586168 5.27552 -80 2 -25 10 49451 1 
136.281 -26.2768 -201.546 0.586168 5.27552 -80 2 -25 10 49452 1 
136.272 -26.2734 -202.086 0.586168 5.27552 -80 2 -25 10 49453 1 
136.264 -26.27 -202.622 0.586168 5.27552 -80 2 -25 10 49454 1 
136.255 -26.2664 -203.153 0.586168 5.27552 -80 2 -25 10 49455 1 
136.247 -26.2628 -203.679 0.586168 5.27552 -80 2 -25 10 49456 1 
136.238 -26.2592 -204.2 0.586168 5.27552 -80 2 -25 10 49457 1 
136.23 -26.2554 -204.717 0.586168 5.27552 -80 2 -25 10 49458 1 
136.221 -26.2516 -205.229 0.586168 5.27552 -80 2 -25 10 49459 1 
136.213 -26.2476 -205.737 0.586168 5.27552 -80 2 -25 10 49460 1 
136.205 -26.2437 -206.24 0.586168 5.27552 -80 2 -25 10 49461 1 
136.197 -26.2396 -206.738 0.586168 5.27552 -80 2 -25 10 49462 1 
136.188 -26.2355 -207.232 0.586168 5.27552 -80 2 -25 10 49463 1 
136.18 -26.2313 -207.721 0.586168 5.27552 -80 2 -25 10 49464 1 
136.172 -26.227 -208.206 0.586168 5.27552 -80 2 -25 10 49465 1 
136.164 -26.2227 -208.687 0.586168 5.27552 -80 2 -25 10 49466 1 
136.156 -26.2182 -209.163 0.586168 5.27552 -80 2 -25 10 49467 1 
136.148 -26.2138 -209.635 0.586168 5.27552 -80 2 -25 10 49468 1 
136.14 -26.2092 -210.103 0.586168 5.27552 -80 2 -25 10 49469 1 
136.132 -26.2046 -210.566 0.586168 5.27552 -80 2 -25 10 49470 1 
136.124 -26.1999 -211.025 0.586168 5.27552 -80 2 -25 10 49471 1 
136.116 -26.1952 -211.48 0.586168 5.27552 -80 2 -25 10 49472 1 
136.108 -26.1904 -211.93 0.586168 5.27552 -80 2 -25 10 49473 1 
136.101 -26.1856 -212.377 0.586168 5.27552 -80 2 -25 10 49474 1 
136.093 -26.1806 -212.819 0.586168 5.27552 -80 2 -25 10 49475 1 
136.085 -26.1756 -213.257 0.586168 5.27552 -80 2 -25 10 49476 1 
136.077 -26.1706 -213.691 0.586168 5.27552 -80 2 -25 10 49477 1 
136.07 -26.1655 -214.121 0.586168 5.27552 -80 2 -25 10 49478 1 
136.062 -26.1603 -214.547 0.586168 5.27552 -80 2 -25 10 49479 1 
136.055 -26.1551 -214.97 0.586168 5.27552 -80 2 -25 10 49480 1 
136.047 -26.1498 -215.388 0.586168 5.27552 -80 2 -25 10 49481 1 
136.04 -26.1445 -215.802 0.586168 5.27552 -80 2 -25 10 49482 1 
136.032 -26.1391 -216.212 0.586168 5.27552 -80 2 -25 10 49483 1 
136.016 -26.1276 -215.61 0.586168 5.27552 -80 2 -25 10 49484 1 
136.009 -26.1222 -216.02 0.586168 5.27552 -80 2 -25 10 49485 1 
136.001 -26.1168 -216.426 0.586168 5.27552 -80 2 -25 10 49486 1 
135.994 -26.1113 -216.829 0.586168 5.27552 -80 2 -25 10 49487 1 
135.987 -26.1058 -217.228 0.586168 5.27552 -80 2 -25 10 49488 1 
135.979 -26.1002 -217.623 0.586168 5.27552 -80 2 -25 10 49489 1 
135.964 -26.0883 -216.997 0.586168 5.27552 -80 2 -25 10 49490 1 
135.956 -26.0828 -217.392 0.586168 5.27552 -80 2 -25 10 49491 1 
135.949 -26.0772 -217.784 0.586168 5.27552 -80 2 -25 10 49492 1 
135.942 -26.0715 -218.172 0.586168 5.27552 -80 2 -25 10 49493 1 
135.927 -26.0595 -217.537 0.586168 5.27552 -80 2 -25 10 49494 1 
135.919 -26.0539 -217.925 0.586168 5.27552 -80 2 -25 10 49495 1 
135.912 -26.0482 -218.31 0.586168 5.27552 -80 2 -25 10 49496 1 
135.905 -26.0425 -218.691 0.586168 5.27552 -80 2 -25 10 49497 1 
135.898 -26.0367 -219.068 0.586168 5.27552 -80 2 -25 10 49498 1 
135.882 -26.0244 -218.418 0.586168 5.27552 -80 2 -25 10 49499 1 
135.875 -26.0187 -218.796 0.586168 5.27552 -80 2 -25 10 49500 1 
135.86 -26.0065 -218.15 0.586168 5.27552 -80 2 -25 10 49501 1 
135.853 -26.0008 -218.529 0.586168 5.27552 -80 2 -25 10 49502 1 
135.845 -25.995 -218.904 0.586168 5.27552 -80 2 -25 10 49503 1 
135.83 -25.9828 -218.256 0.586168 5.27552 -80 2 -25 10 49504 1 
135.823 -25.9771 -218.632 0.586168 5.27552 -80 2 -25 10 49505 1 
135.808 -25.9649 -217.989 0.586168 5.27552 -80 2 -25 10 49506 1 
135.801 -25.9592 -218.365 0.586168 5.27552 -80 2 -25 10 49507 1 
135.785 -25.9471 -217.727 0.586168 5.27552 -80 2 -25 10 49508 1 
135.778 -25.9415 -218.104 0.586168 5.27552 -80 2 -25 10 49509 1 
135.763 -25.9294 -217.47 0.586168 5.27552 -80 2 -25 10 49510 1 
135.755 -25.9238 -217.847 0.586168 5.27552 -80 2 -25 10 49511 1 
135.74 -25.9119 -217.217 0.586168 5.27552 -80 2 -25 10 49512 1 
135.733 -25.9063 -217.595 0.586168 5.27552 -80 2 -25 10 49513 1 
135.717 -25.8944 -216.969 0.586168 5.27552 -80 2 -25 10 49514 1 
135.71 -25.8889 -217.348 0.586168 5.27552 -80 2 -25 10 49515 1 
135.694 -25.877 -216.726 0.586168 5.27552 -80 2 -25 10 49516 1 
135.687 -25.8715 -217.105 0.586168 5.27552 -80 2 -25 10 49517 1 
135.68 -25.866 -217.481 0.586168 5.27552 -80 2 -25 10 49518 1 
135.664 -25.8541 -216.857 0.586168 5.27552 -80 2 -25 10 49519 1 
135.657 -25.8486 -217.233 0.586168 5.27552 -80 2 -25 10 49520 1 
135.641 -25.8368 -216.613 0.586168 5.27552 -80 2 -25 10 49521 1 
135.634 -25.8314 -216.989 0.586168 5.27552 -80 2 -25 10 49522 1 
135.618 -25.8196 -216.373 0.586168 5.27552 -80 2 -25 10 49523 1 
135.611 -25.8142 -216.75 0.586168 5.27552 -80 2 -25 10 49524 1 
135.595 -25.8025 -216.139 0.586168 5.27552 -80 2 -25 10 49525 1 
135.588 -25.7971 -216.516 0.586168 5.27552 -80 2 -25 10 49526 1 
135.572 -25.7855 -215.908 0.586168 5.27552 -80 2 -25 10 49527 1 
135.565 -25.7801 -216.285 0.586168 5.27552 -80 2 -25 10 49528 1 
135.549 -25.7685 -215.681 0.586168 5.27552 -80 2 -25 10 49529 1 
135.542 -25.7632 -216.059 0.586168 5.27552 -80 2 -25 10 49530 1 
135.526 -25.7517 -215.459 0.586168 5.27552 -80 2 -25 10 49531 1 
135.518 -25.7464 -215.837 0.586168 5.27552 -80 2 -25 10 49532 1 
135.503 -25.735 -215.241 0.586168 5.27552 -80 2 -25 10 49533 1 
135.495 -25.7297 -215.619 0.586168 5.27552 -80 2 -25 10 49534 1 
135.479 -25.7184 -215.026 0.586168 5.27552 -80 2 -25 10 49535 1 
135.472 -25.7131 -215.405 0.586168 5.27552 -80 2 -25 10 49536 1 
135.464 -25.7078 -215.78 0.586168 5.27552 -80 2 -25 10 49537 1 
135.448 -25.6964 -215.184 0.586168 5.27552 -80 2 -25 10 49538 1 
135.441 -25.6912 -215.56 0.586168 5.27552 -80 2 -25 10 49539 1 
135.425 -25.6798 -214.968 0.586168 5.27552 -80 2 -25 10 49540 1 
135.418 -25.6746 -215.344 0.586168 5.27552 -80 2 -25 10 49541 1 
135.402 -25.6633 -214.755 0.586168 5.27552 -80 2 -25 10 49542 1 
135.394 -25.6581 -215.131 0.586168 5.27552 -80 2 -25 10 49543 1 
135.378 -25.6469 -214.546 0.586168 5.27552 -80 2 -25 10 49544 1 
135.371 -25.6417 -214.922 0.586168 5.27552 -80 2 -25 10 49545 1 
135.355 -25.6305 -214.341 0.586168 5.27552 -80 2 -25 10 49546 1 
135.347 -25.6254 -214.717 0.586168 5.27552 -80 2 -25 10 49547 1 
135.331 -25.6143 -214.139 0.586168 5.27552 -80 2 -25 10 49548 1 
135.324 -25.6092 -214.516 0.586168 5.27552 -80 2 -25 10 49549 1 
135.308 -25.5981 -213.941 0.586168 5.27552 -80 2 -25 10 49550 1 
135.3 -25.593 -214.318 0.586168 5.27552 -80 2 -25 10 49551 1 
135.284 -25.582 -213.747 0.586168 5.27552 -80 2 -25 10 49552 1 
135.276 -25.577 -214.124 0.586168 5.27552 -80 2 -25 10 49553 1 
135.26 -25.566 -213.555 0.586168 5.27552 -80 2 -25 10 49554 1 
135.253 -25.561 -213.932 0.586168 5.27552 -80 2 -25 10 49555 1 
135.236 -25.5501 -213.367 0.586168 5.27552 -80 2 -25 10 49556 1 
135.229 -25.5451 -213.744 0.586168 5.27552 -80 2 -25 10 49557 1 
135.213 -25.5343 -213.182 0.586168 5.27552 -80 2 -25 10 49558 1 
135.205 -25.5293 -213.56 0.586168 5.27552 -80 2 -25 10 49559 1 
135.189 -25.5185 -213.001 0.586168 5.27552 -80 2 -25 10 49560 1 
135.181 -25.5136 -213.378 0.586168 5.27552 -80 2 -25 10 49561 1 
135.165 -25.5029 -212.822 0.586168 5.27552 -80 2 -25 10 49562 1 
135.157 -25.498 -213.199 0.586168 5.27552 -80 2 -25 10 49563 1 
135.141 -25.4873 -212.646 0.586168 5.27552 -80 2 -25 10 49564 1 
135.133 -25.4824 -213.024 0.586168 5.27552 -80 2 -25 10 49565 1 
135.117 -25.4718 -212.474 0.586168 5.27552 -80 2 -25 10 49566 1 
135.109 -25.4669 -212.851 0.586168 5.27552 -80 2 -25 10 49567 1 
135.093 -25.4563 -212.304 0.586168 5.27552 -80 2 -25 10 49568 1 
135.085 -25.4515 -212.681 0.586168 5.27552 -80 2 -25 10 49569 1 
135.069 -25.441 -212.136 0.586168 5.27552 -80 2 -25 10 49570 1 
135.061 -25.4362 -212.513 0.586168 5.27552 -80 2 -25 10 49571 1 
135.045 -25.4257 -211.972 0.586168 5.27552 -80 2 -25 10 49572 1 
135.037 -25.4209 -212.349 0.586168 5.27552 -80 2 -25 10 49573 1 
135.021 -25.4104 -211.81 0.586168 5.27552 -80 2 -25 10 49574 1 
135.013 -25.4057 -212.187 0.586168 5.27552 -80 2 -25 10 49575 1 
134.996 -25.3953 -211.651 0.586168 5.27552 -80 2 -25 10 49576 1 
134.989 -25.3906 -212.028 0.586168 5.27552 -80 2 -25 10 49577 1 
134.972 -25.3802 -211.494 0.586168 5.27552 -80 2 -25 10 49578 1 
134.965 -25.3755 -211.871 0.586168 5.27552 -80 2 -25 10 49579 1 
134.948 -25.3652 -211.34 0.586168 5.27552 -80 2 -25 10 49580 1 
134.94 -25.3605 -211.716 0.586168 5.27552 -80 2 -25 10 49581 1 
134.924 -25.3503 -211.188 0.586168 5.27552 -80 2 -25 10 49582 1 
134.916 -25.3456 -211.564 0.586168 5.27552 -80 2 -25 10 49583 1 
134.899 -25.3354 -211.038 0.586168 5.27552 -80 2 -25 10 49584 1 
134.892 -25.3308 -211.414 0.586168 5.27552 -80 2 -25 10 49585 1 
134.875 -25.3206 -210.891 0.586168 5.27552 -80 2 -25 10 49586 1 
134.867 -25.316 -211.267 0.586168 5.27552 -80 2 -25 10 49587 1 
134.851 -25.3058 -210.746 0.586168 5.27552 -80 2 -25 10 49588 1 
134.843 -25.3013 -211.122 0.586168 5.27552 -80 2 -25 10 49589 1 
134.826 -25.2912 -210.603 0.586168 5.27552 -80 2 -25 10 49590 1 
134.819 -25.2866 -210.979 0.586168 5.27552 -80 2 -25 10 49591 1 
134.802 -25.2766 -210.463 0.586168 5.27552 -80 2 -25 10 49592 1 
134.794 -25.272 -210.838 0.586168 5.27552 -80 2 -25 10 49593 1 
134.777 -25.262 -210.324 0.586168 5.27552 -80 2 -25 10 49594 1 
134.76 -25.2521 -209.819 0.586168 5.27552 -80 2 -25 10 49595 1 
134.753 -25.2477 -210.197 0.586168 5.27552 -80 2 -25 10 49596 1 
134.736 -25.2379 -209.694 0.586168 5.27552 -80 2 -25 10 49597 1 
134.728 -25.2335 -210.071 0.586168 5.27552 -80 2 -25 10 49598 1 
134.711 -25.2237 -209.57 0.586168 5.27552 -80 2 -25 10 49599 1 
134.703 -25.2193 -209.948 0.586168 5.27552 -80 2 -25 10 49600 1 
134.686 -25.2095 -209.449 0.586168 5.27552 -80 2 -25 10 49601 1 
134.679 -25.2052 -209.826 0.586168 5.27552 -80 2 -25 10 49602 1 
134.662 -25.1954 -209.329 0.586168 5.27552 -80 2 -25 10 49603 1 
134.654 -25.1911 -209.705 0.586168 5.27552 -80 2 -25 10 49604 1 
134.637 -25.1814 -209.21 0.586168 5.27552 -80 2 -25 10 49605 1 
134.629 -25.1771 -209.586 0.586168 5.27552 -80 2 -25 10 49606 1 
134.612 -25.1674 -209.093 0.586168 5.27552 -80 2 -25 10 49607 1 
134.605 -25.1631 -209.469 0.586168 5.27552 -80 2 -25 10 49608 1 
134.587 -25.1535 -208.978 0.586168 5.27552 -80 2 -25 10 49609 1 
134.58 -25.1492 -209.353 0.586168 5.27552 -80 2 -25 10 49610 1 
134.563 -25.1396 -208.864 0.586168 5.27552 -80 2 -25 10 49611 1 
134.546 -25.1302 -208.383 0.586168 5.27552 -80 2 -25 10 49612 1 
134.538 -25.126 -208.761 0.586168 5.27552 -80 2 -25 10 49613 1 
134.521 -25.1166 -208.282 0.586168 5.27552 -80 2 -25 10 49614 1 
134.513 -25.1124 -208.659 0.586168 5.27552 -80 2 -25 10 49615 1 
134.496 -25.103 -208.181 0.586168 5.27552 -80 2 -25 10 49616 1 
134.488 -25.0988 -208.558 0.586168 5.27552 -80 2 -25 10 49617 1 
134.471 -25.0895 -208.082 0.586168 5.27552 -80 2 -25 10 49618 1 
134.463 -25.0853 -208.458 0.586168 5.27552 -80 2 -25 10 49619 1 
134.446 -25.076 -207.984 0.586168 5.27552 -80 2 -25 10 49620 1 
134.438 -25.0719 -208.36 0.586168 5.27552 -80 2 -25 10 49621 1 
134.421 -25.0626 -207.887 0.586168 5.27552 -80 2 -25 10 49622 1 
134.404 -25.0534 -207.422 0.586168 5.27552 -80 2 -25 10 49623 1 
134.396 -25.0494 -207.8 0.586168 5.27552 -80 2 -25 10 49624 1 
134.378 -25.0403 -207.337 0.586168 5.27552 -80 2 -25 10 49625 1 
134.371 -25.0362 -207.714 0.586168 5.27552 -80 2 -25 10 49626 1 
134.353 -25.0271 -207.252 0.586168 5.27552 -80 2 -25 10 49627 1 
134.345 -25.0231 -207.629 0.586168 5.27552 -80 2 -25 10 49628 1 
134.328 -25.014 -207.168 0.586168 5.27552 -80 2 -25 10 49629 1 
134.32 -25.01 -207.544 0.586168 5.27552 -80 2 -25 10 49630 1 
134.303 -25.001 -207.085 0.586168 5.27552 -80 2 -25 10 49631 1 
134.295 -24.997 -207.46 0.586168 5.27552 -80 2 -25 10 49632 1 
134.278 -24.988 -207.003 0.586168 5.27552 -80 2 -25 10 49633 1 
134.26 -24.9791 -206.553 0.586168 5.27552 -80 2 -25 10 49634 1 
134.253 -24.9752 -206.93 0.586168 5.27552 -80 2 -25 10 49635 1 
134.235 -24.9663 -206.481 0.586168 5.27552 -80 2 -25 10 49636 1 
134.227 -24.9624 -206.858 0.586168 5.27552 -80 2 -25 10 49637 1 
134.21 -24.9536 -206.41 0.586168 5.27552 -80 2 -25 10 49638 1 
134.202 -24.9497 -206.786 0.586168 5.27552 -80 2 -25 10 49639 1 
134.185 -24.9409 -206.339 0.586168 5.27552 -80 2 -25 10 49640 1 
134.177 -24.937 -206.714 0.586168 5.27552 -80 2 -25 10 49641 1 
134.159 -24.9282 -206.269 0.586168 5.27552 -80 2 -25 10 49642 1 
134.142 -24.9196 -205.831 0.586168 5.27552 -80 2 -25 10 49643 1 
134.134 -24.9158 -206.208 0.586168 5.27552 -80 2 -25 10 49644 1 
134.116 -24.9071 -205.771 0.586168 5.27552 -80 2 -25 10 49645 1 
134.109 -24.9033 -206.147 0.586168 5.27552 -80 2 -25 10 49646 1 
134.091 -24.8947 -205.711 0.586168 5.27552 -80 2 -25 10 49647 1 
134.083 -24.891 -206.087 0.586168 5.27552 -80 2 -25 10 49648 1 
134.066 -24.8824 -205.652 0.586168 5.27552 -80 2 -25 10 49649 1 
134.048 -24.8739 -205.224 0.586168 5.27552 -80 2 -25 10 49650 1 
134.04 -24.8702 -205.601 0.586168 5.27552 -80 2 -25 10 49651 1 
134.022 -24.8617 -205.174 0.586168 5.27552 -80 2 -25 10 49652 1 
134.015 -24.858 -205.551 0.586168 5.27552 -80 2 -25 10 49653 1 
133.997 -24.8496 -205.125 0.586168 5.27552 -80 2 -25 10 49654 1 
133.989 -24.8459 -205.5 0.586168 5.27552 -80 2 -25 10 49655 1 
133.971 -24.8375 -205.075 0.586168 5.27552 -80 2 -25 10 49656 1 
133.954 -24.8292 -204.657 0.586168 5.27552 -80 2 -25 10 49657 1 
133.946 -24.8256 -205.033 0.586168 5.27552 -80 2 -25 10 49658 1 
133.928 -24.8174 -204.616 0.586168 5.27552 -80 2 -25 10 49659 1 
133.92 -24.8137 -204.992 0.586168 5.27552 -80 2 -25 10 49660 1 
133.903 -24.8055 -204.575 0.586168 5.27552 -80 2 -25 10 49661 1 
133.885 -24.7974 -204.165 0.586168 5.27552 -80 2 -25 10 49662 1 
133.877 -24.7938 -204.543 0.586168 5.27552 -80 2 -25 10 49663 1 
133.859 -24.7857 -204.134 0.586168 5.27552 -80 2 -25 10 49664 1 
133.851 -24.7822 -204.51 0.586168 5.27552 -80 2 -25 10 49665 1 
133.833 -24.7741 -204.101 0.586168 5.27552 -80 2 -25 10 49666 1 
133.826 -24.7705 -204.476 0.586168 5.27552 -80 2 -25 10 49667 1 
133.808 -24.7624 -204.068 0.586168 5.27552 -80 2 -25 10 49668 1 
133.79 -24.7545 -203.667 0.586168 5.27552 -80 2 -25 10 49669 1 
133.782 -24.751 -204.043 0.586168 5.27552 -80 2 -25 10 49670 1 
133.764 -24.743 -203.643 0.586168 5.27552 -80 2 -25 10 49671 1 
133.756 -24.7396 -204.018 0.586168 5.27552 -80 2 -25 10 49672 1 
133.738 -24.7316 -203.618 0.586168 5.27552 -80 2 -25 10 49673 1 
133.721 -24.7238 -203.224 0.586168 5.27552 -80 2 -25 10 49674 1 
133.713 -24.7204 -203.6 0.586168 5.27552 -80 2 -25 10 49675 1 
133.695 -24.7126 -203.207 0.586168 5.27552 -80 2 -25 10 49676 1 
133.687 -24.7092 -203.582 0.586168 5.27552 -80 2 -25 10 49677 1 
133.669 -24.7014 -203.189 0.586168 5.27552 -80 2 -25 10 49678 1 
133.651 -24.6937 -202.802 0.586168 5.27552 -80 2 -25 10 49679 1 
133.643 -24.6904 -203.179 0.586168 5.27552 -80 2 -25 10 49680 1 
133.625 -24.6827 -202.792 0.586168 5.27552 -80 2 -25 10 49681 1 
133.617 -24.6794 -203.168 0.586168 5.27552 -80 2 -25 10 49682 1 
133.599 -24.6717 -202.782 0.586168 5.27552 -80 2 -25 10 49683 1 
133.581 -24.6641 -202.402 0.586168 5.27552 -80 2 -25 10 49684 1 
133.573 -24.6609 -202.778 0.586168 5.27552 -80 2 -25 10 49685 1 
133.555 -24.6533 -202.398 0.586168 5.27552 -80 2 -25 10 49686 1 
133.547 -24.65 -202.773 0.586168 5.27552 -80 2 -25 10 49687 1 
133.529 -24.6425 -202.394 0.586168 5.27552 -80 2 -25 10 49688 1 
133.511 -24.635 -202.02 0.586168 5.27552 -80 2 -25 10 49689 1 
133.503 -24.6318 -202.396 0.586168 5.27552 -80 2 -25 10 49690 1 
133.485 -24.6244 -202.023 0.586168 5.27552 -80 2 -25 10 49691 1 
133.467 -24.6171 -201.655 0.586168 5.27552 -80 2 -25 10 49692 1 
133.459 -24.6139 -202.032 0.586168 5.27552 -80 2 -25 10 49693 1 
133.441 -24.6066 -201.665 0.586168 5.27552 -80 2 -25 10 49694 1 
133.433 -24.6035 -202.04 0.586168 5.27552 -80 2 -25 10 49695 1 
133.415 -24.5961 -201.673 0.586168 5.27552 -80 2 -25 10 49696 1 
133.397 -24.5889 -201.311 0.586168 5.27552 -80 2 -25 10 49697 1 
133.389 -24.5858 -201.688 0.586168 5.27552 -80 2 -25 10 49698 1 
133.371 -24.5786 -201.326 0.586168 5.27552 -80 2 -25 10 49699 1 
133.363 -24.5755 -201.701 0.586168 5.27552 -80 2 -25 10 49700 1 
133.345 -24.5683 -201.339 0.586168 5.27552 -80 2 -25 10 49701 1 
133.327 -24.5612 -200.983 0.586168 5.27552 -80 2 -25 10 49702 1 
133.319 -24.5582 -201.358 0.586168 5.27552 -80 2 -25 10 49703 1 
133.301 -24.551 -201.002 0.586168 5.27552 -80 2 -25 10 49704 1 
133.282 -24.544 -200.652 0.586168 5.27552 -80 2 -25 10 49705 1 
133.275 -24.5411 -201.028 0.586168 5.27552 -80 2 -25 10 49706 1 
133.256 -24.5341 -200.677 0.586168 5.27552 -80 2 -25 10 49707 1 
133.238 -24.5272 -200.332 0.586168 5.27552 -80 2 -25 10 49708 1 
133.23 -24.5242 -200.709 0.586168 5.27552 -80 2 -25 10 49709 1 
133.212 -24.5173 -200.363 0.586168 5.27552 -80 2 -25 10 49710 1 
133.204 -24.5144 -200.738 0.586168 5.27552 -80 2 -25 10 49711 1 
133.186 -24.5075 -200.392 0.586168 5.27552 -80 2 -25 10 49712 1 
133.167 -24.5007 -200.052 0.586168 5.27552 -80 2 -25 10 49713 1 
133.159 -24.4978 -200.428 0.586168 5.27552 -80 2 -25 10 49714 1 
133.141 -24.491 -200.087 0.586168 5.27552 -80 2 -25 10 49715 1 
133.123 -24.4843 -199.752 0.586168 5.27552 -80 2 -25 10 49716 1 
133.115 -24.4814 -200.127 0.586168 5.27552 -80 2 -25 10 49717 1 
133.097 -24.4747 -199.792 0.586168 5.27552 -80 2 -25 10 49718 1 
133.078 -24.4681 -199.461 0.586168 5.27552 -80 2 -25 10 49719 1 
133.07 -24.4653 -199.837 0.586168 5.27552 -80 2 -25 10 49720 1 
133.052 -24.4587 -199.506 0.586168 5.27552 -80 2 -25 10 49721 1 
133.044 -24.456 -199.949 0.586168 5.27552 -80 2 -25 10 49722 1 
133.037 -24.4532 -200.388 0.586168 5.27552 -80 2 -25 10 49723 1 
133.029 -24.4504 -200.823 0.586168 5.27552 -80 2 -25 10 49724 1 
133.021 -24.4475 -201.254 0.586168 5.27552 -80 2 -25 10 49725 1 
133.014 -24.4445 -201.682 0.586168 5.27552 -80 2 -25 10 49726 1 
133.006 -24.4415 -202.105 0.586168 5.27552 -80 2 -25 10 49727 1 
132.999 -24.4385 -202.526 0.586168 5.27552 -80 2 -25 10 49728 1 
132.991 -24.4353 -202.942 0.586168 5.27552 -80 2 -25 10 49729 1 
132.984 -24.4321 -203.355 0.586168 5.27552 -80 2 -25 10 49730 1 
132.976 -24.4289 -203.765 0.586168 5.27552 -80 2 -25 10 49731 1 
132.969 -24.4256 -204.171 0.586168 5.27552 -80 2 -25 10 49732 1 
132.961 -24.4222 -204.573 0.586168 5.27552 -80 2 -25 10 49733 1 
132.954 -24.4188 -204.972 0.586168 5.27552 -80 2 -25 10 49734 1 
132.946 -24.4154 -205.367 0.586168 5.27552 -80 2 -25 10 49735 1 
132.939 -24.4118 -205.759 0.586168 5.27552 -80 2 -25 10 49736 1 
132.931 -24.4083 -206.148 0.586168 5.27552 -80 2 -25 10 49737 1 
132.924 -24.4046 -206.533 0.586168 5.27552 -80 2 -25 10 49738 1 
132.917 -24.4009 -206.915 0.586168 5.27552 -80 2 -25 10 49739 1 
132.909 -24.3972 -207.293 0.586168 5.27552 -80 2 -25 10 49740 1 
132.902 -24.3934 -207.668 0.586168 5.27552 -80 2 -25 10 49741 1 
132.885 -24.3843 -207.207 0.586168 5.27552 -80 2 -25 10 49742 1 
132.867 -24.3754 -206.753 0.586168 5.27552 -80 2 -25 10 49743 1 
132.86 -24.3717 -207.13 0.586168 5.27552 -80 2 -25 10 49744 1 
132.842 -24.3628 -206.677 0.586168 5.27552 -80 2 -25 10 49745 1 
132.835 -24.3591 -207.054 0.586168 5.27552 -80 2 -25 10 49746 1 
132.818 -24.3502 -206.603 0.586168 5.27552 -80 2 -25 10 49747 1 
132.81 -24.3465 -206.98 0.586168 5.27552 -80 2 -25 10 49748 1 
132.793 -24.3376 -206.529 0.586168 5.27552 -80 2 -25 10 49749 1 
132.785 -24.3339 -206.905 0.586168 5.27552 -80 2 -25 10 49750 1 
132.768 -24.325 -206.456 0.586168 5.27552 -80 2 -25 10 49751 1 
132.761 -24.3213 -206.832 0.586168 5.27552 -80 2 -25 10 49752 1 
132.743 -24.3125 -206.384 0.586168 5.27552 -80 2 -25 10 49753 1 
132.736 -24.3088 -206.759 0.586168 5.27552 -80 2 -25 10 49754 1 
132.718 -24.3 -206.312 0.586168 5.27552 -80 2 -25 10 49755 1 
132.701 -24.2914 -205.873 0.586168 5.27552 -80 2 -25 10 49756 1 
132.693 -24.2878 -206.251 0.586168 5.27552 -80 2 -25 10 49757 1 
132.676 -24.2791 -205.812 0.586168 5.27552 -80 2 -25 10 49758 1 
132.668 -24.2755 -206.189 0.586168 5.27552 -80 2 -25 10 49759 1 
132.651 -24.2669 -205.752 0.586168 5.27552 -80 2 -25 10 49760 1 
132.643 -24.2632 -206.128 0.586168 5.27552 -80 2 -25 10 49761 1 
132.626 -24.2546 -205.692 0.586168 5.27552 -80 2 -25 10 49762 1 
132.618 -24.251 -206.068 0.586168 5.27552 -80 2 -25 10 49763 1 
132.601 -24.2424 -205.632 0.586168 5.27552 -80 2 -25 10 49764 1 
132.583 -24.234 -205.205 0.586168 5.27552 -80 2 -25 10 49765 1 
132.575 -24.2304 -205.582 0.586168 5.27552 -80 2 -25 10 49766 1 
132.558 -24.222 -205.155 0.586168 5.27552 -80 2 -25 10 49767 1 
132.55 -24.2185 -205.532 0.586168 5.27552 -80 2 -25 10 49768 1 
132.533 -24.21 -205.106 0.586168 5.27552 -80 2 -25 10 49769 1 
132.525 -24.2065 -205.482 0.586168 5.27552 -80 2 -25 10 49770 1 
132.507 -24.1981 -205.057 0.586168 5.27552 -80 2 -25 10 49771 1 
132.5 -24.1946 -205.432 0.586168 5.27552 -80 2 -25 10 49772 1 
132.482 -24.1862 -205.008 0.586168 5.27552 -80 2 -25 10 49773 1 
132.475 -24.1826 -205.383 0.586168 5.27552 -80 2 -25 10 49774 1 
132.457 -24.1743 -204.959 0.586168 5.27552 -80 2 -25 10 49775 1 
132.439 -24.166 -204.542 0.586168 5.27552 -80 2 -25 10 49776 1 
132.432 -24.1625 -204.919 0.586168 5.27552 -80 2 -25 10 49777 1 
132.414 -24.1543 -204.503 0.586168 5.27552 -80 2 -25 10 49778 1 
132.406 -24.1508 -204.879 0.586168 5.27552 -80 2 -25 10 49779 1 
132.389 -24.1426 -204.464 0.586168 5.27552 -80 2 -25 10 49780 1 
132.381 -24.1392 -204.84 0.586168 5.27552 -80 2 -25 10 49781 1 
132.363 -24.131 -204.425 0.586168 5.27552 -80 2 -25 10 49782 1 
132.346 -24.1229 -204.017 0.586168 5.27552 -80 2 -25 10 49783 1 
132.338 -24.1195 -204.394 0.586168 5.27552 -80 2 -25 10 49784 1 
132.32 -24.1114 -203.987 0.586168 5.27552 -80 2 -25 10 49785 1 
132.312 -24.108 -204.363 0.586168 5.27552 -80 2 -25 10 49786 1 
132.295 -24.0999 -203.957 0.586168 5.27552 -80 2 -25 10 49787 1 
132.287 -24.0965 -204.332 0.586168 5.27552 -80 2 -25 10 49788 1 
132.269 -24.0885 -203.926 0.586168 5.27552 -80 2 -25 10 49789 1 
132.262 -24.0851 -204.301 0.586168 5.27552 -80 2 -25 10 49790 1 
132.244 -24.077 -203.895 0.586168 5.27552 -80 2 -25 10 49791 1 
132.226 -24.0691 -203.496 0.586168 5.27552 -80 2 -25 10 49792 1 
132.218 -24.0658 -203.873 0.586168 5.27552 -80 2 -25 10 49793 1 
132.2 -24.0579 -203.474 0.586168 5.27552 -80 2 -25 10 49794 1 
132.193 -24.0545 -203.85 0.586168 5.27552 -80 2 -25 10 49795 1 
132.175 -24.0466 -203.452 0.586168 5.27552 -80 2 -25 10 49796 1 
132.167 -24.0433 -203.827 0.586168 5.27552 -80 2 -25 10 49797 1 
132.149 -24.0354 -203.429 0.586168 5.27552 -80 2 -25 10 49798 1 
132.131 -24.0276 -203.037 0.586168 5.27552 -80 2 -25 10 49799 1 
132.123 -24.0243 -203.414 0.586168 5.27552 -80 2 -25 10 49800 1 
132.106 -24.0166 -203.023 0.586168 5.27552 -80 2 -25 10 49801 1 
132.098 -24.0133 -203.399 0.586168 5.27552 -80 2 -25 10 49802 1 
132.08 -24.0055 -203.008 0.586168 5.27552 -80 2 -25 10 49803 1 
132.062 -23.9979 -202.624 0.586168 5.27552 -80 2 -25 10 49804 1 
132.054 -23.9946 -203.001 0.586168 5.27552 -80 2 -25 10 49805 1 
132.036 -23.987 -202.617 0.586168 5.27552 -80 2 -25 10 49806 1 
132.028 -23.9838 -202.993 0.586168 5.27552 -80 2 -25 10 49807 1 
132.01 -23.9761 -202.609 0.586168 5.27552 -80 2 -25 10 49808 1 
132.003 -23.9729 -202.984 0.586168 5.27552 -80 2 -25 10 49809 1 
131.985 -23.9653 -202.6 0.586168 5.27552 -80 2 -25 10 49810 1 
131.967 -23.9578 -202.223 0.586168 5.27552 -80 2 -25 10 49811 1 
131.959 -23.9546 -202.6 0.586168 5.27552 -80 2 -25 10 49812 1 
131.941 -23.9471 -202.222 0.586168 5.27552 -80 2 -25 10 49813 1 
131.933 -23.9439 -202.598 0.586168 5.27552 -80 2 -25 10 49814 1 
131.915 -23.9364 -202.22 0.586168 5.27552 -80 2 -25 10 49815 1 
131.897 -23.929 -201.849 0.586168 5.27552 -80 2 -25 10 49816 1 
131.889 -23.9259 -202.226 0.586168 5.27552 -80 2 -25 10 49817 1 
131.871 -23.9185 -201.855 0.586168 5.27552 -80 2 -25 10 49818 1 
131.863 -23.9153 -202.231 0.586168 5.27552 -80 2 -25 10 49819 1 
131.845 -23.9079 -201.859 0.586168 5.27552 -80 2 -25 10 49820 1 
131.837 -23.9048 -202.235 0.586168 5.27552 -80 2 -25 10 49821 1 
131.819 -23.8974 -201.863 0.586168 5.27552 -80 2 -25 10 49822 1 
131.801 -23.8901 -201.498 0.586168 5.27552 -80 2 -25 10 49823 1 
131.793 -23.887 -201.874 0.586168 5.27552 -80 2 -25 10 49824 1 
131.775 -23.8798 -201.509 0.586168 5.27552 -80 2 -25 10 49825 1 
131.767 -23.8767 -201.884 0.586168 5.27552 -80 2 -25 10 49826 1 
131.749 -23.8694 -201.518 0.586168 5.27552 -80 2 -25 10 49827 1 
131.731 -23.8622 -201.159 0.586168 5.27552 -80 2 -25 10 49828 1 
131.723 -23.8592 -201.535 0.586168 5.27552 -80 2 -25 10 49829 1 
131.705 -23.852 -201.175 0.586168 5.27552 -80 2 -25 10 49830 1 
131.697 -23.8489 -201.551 0.586168 5.27552 -80 2 -25 10 49831 1 
131.679 -23.8418 -201.191 0.586168 5.27552 -80 2 -25 10 49832 1 
131.661 -23.8347 -200.836 0.586168 5.27552 -80 2 -25 10 49833 1 
131.653 -23.8317 -201.213 0.586168 5.27552 -80 2 -25 10 49834 1 
131.634 -23.8246 -200.858 0.586168 5.27552 -80 2 -25 10 49835 1 
131.627 -23.8216 -201.234 0.586168 5.27552 -80 2 -25 10 49836 1 
131.608 -23.8145 -200.879 0.586168 5.27552 -80 2 -25 10 49837 1 
131.59 -23.8076 -200.53 0.586168 5.27552 -80 2 -25 10 49838 1 
131.582 -23.8046 -200.907 0.586168 5.27552 -80 2 -25 10 49839 1 
131.564 -23.7976 -200.557 0.586168 5.27552 -80 2 -25 10 49840 1 
131.556 -23.7947 -200.932 0.586168 5.27552 -80 2 -25 10 49841 1 
131.538 -23.7877 -200.582 0.586168 5.27552 -80 2 -25 10 49842 1 
131.519 -23.7808 -200.238 0.586168 5.27552 -80 2 -25 10 49843 1 
131.511 -23.7779 -200.615 0.586168 5.27552 -80 2 -25 10 49844 1 
131.493 -23.771 -200.27 0.586168 5.27552 -80 2 -25 10 49845 1 
131.485 -23.7681 -200.645 0.586168 5.27552 -80 2 -25 10 49846 1 
131.467 -23.7612 -200.3 0.586168 5.27552 -80 2 -25 10 49847 1 
131.449 -23.7544 -199.961 0.586168 5.27552 -80 2 -25 10 49848 1 
131.441 -23.7515 -200.337 0.586168 5.27552 -80 2 -25 10 49849 1 
131.422 -23.7447 -199.997 0.586168 5.27552 -80 2 -25 10 49850 1 
131.404 -23.738 -199.662 0.586168 5.27552 -80 2 -25 10 49851 1 
131.396 -23.7352 -200.039 0.586168 5.27552 -80 2 -25 10 49852 1 
131.378 -23.7285 -199.704 0.586168 5.27552 -80 2 -25 10 49853 1 
131.37 -23.7256 -200.08 0.586168 5.27552 -80 2 -25 10 49854 1 
131.351 -23.7189 -199.744 0.586168 5.27552 -80 2 -25 10 49855 1 
131.333 -23.7123 -199.414 0.586168 5.27552 -80 2 -25 10 49856 1 
131.325 -23.7095 -199.79 0.586168 5.27552 -80 2 -25 10 49857 1 
131.307 -23.7029 -199.459 0.586168 5.27552 -80 2 -25 10 49858 1 
131.299 -23.7001 -199.834 0.586168 5.27552 -80 2 -25 10 49859 1 
131.28 -23.6935 -199.503 0.586168 5.27552 -80 2 -25 10 49860 1 
131.262 -23.6869 -199.176 0.586168 5.27552 -80 2 -25 10 49861 1 
131.254 -23.6841 -199.552 0.586168 5.27552 -80 2 -25 10 49862 1 
131.235 -23.6776 -199.225 0.586168 5.27552 -80 2 -25 10 49863 1 
131.217 -23.6712 -198.904 0.586168 5.27552 -80 2 -25 10 49864 1 
131.209 -23.6684 -199.28 0.586168 5.27552 -80 2 -25 10 49865 1 
131.19 -23.662 -198.958 0.586168 5.27552 -80 2 -25 10 49866 1 
131.182 -23.6592 -199.333 0.586168 5.27552 -80 2 -25 10 49867 1 
131.164 -23.6528 -199.009 0.586168 5.27552 -80 2 -25 10 49868 1 
131.146 -23.6464 -198.691 0.586168 5.27552 -80 2 -25 10 49869 1 
131.138 -23.6437 -199.067 0.586168 5.27552 -80 2 -25 10 49870 1 
131.119 -23.6373 -198.748 0.586168 5.27552 -80 2 -25 10 49871 1 
131.101 -23.631 -198.434 0.586168 5.27552 -80 2 -25 10 49872 1 
131.093 -23.6283 -198.811 0.586168 5.27552 -80 2 -25 10 49873 1 
131.074 -23.622 -198.496 0.586168 5.27552 -80 2 -25 10 49874 1 
131.066 -23.6193 -198.871 0.586168 5.27552 -80 2 -25 10 49875 1 
131.048 -23.613 -198.555 0.586168 5.27552 -80 2 -25 10 49876 1 
131.029 -23.6068 -198.245 0.586168 5.27552 -80 2 -25 10 49877 1 
131.021 -23.6042 -198.62 0.586168 5.27552 -80 2 -25 10 49878 1 
131.002 -23.5979 -198.309 0.586168 5.27552 -80 2 -25 10 49879 1 
130.984 -23.5918 -198.002 0.586168 5.27552 -80 2 -25 10 49880 1 
130.976 -23.5892 -198.378 0.586168 5.27552 -80 2 -25 10 49881 1 
130.957 -23.583 -198.071 0.586168 5.27552 -80 2 -25 10 49882 1 
130.939 -23.5769 -197.768 0.586168 5.27552 -80 2 -25 10 49883 1 
130.931 -23.5743 -198.145 0.586168 5.27552 -80 2 -25 10 49884 1 
130.912 -23.5683 -197.841 0.586168 5.27552 -80 2 -25 10 49885 1 
130.893 -23.5623 -197.542 0.586168 5.27552 -80 2 -25 10 49886 1 
130.885 -23.5597 -197.919 0.586168 5.27552 -80 2 -25 10 49887 1 
130.867 -23.5537 -197.619 0.586168 5.27552 -80 2 -25 10 49888 1 
130.859 -23.5511 -197.994 0.586168 5.27552 -80 2 -25 10 49889 1 
130.84 -23.5451 -197.693 0.586168 5.27552 -80 2 -25 10 49890 1 
130.821 -23.5392 -197.397 0.586168 5.27552 -80 2 -25 10 49891 1 
130.813 -23.5366 -197.772 0.586168 5.27552 -80 2 -25 10 49892 1 
130.795 -23.5307 -197.475 0.586168 5.27552 -80 2 -25 10 49893 1 
130.776 -23.5248 -197.182 0.586168 5.27552 -80 2 -25 10 49894 1 
130.768 -23.5223 -197.558 0.586168 5.27552 -80 2 -25 10 49895 1 
130.749 -23.5164 -197.264 0.586168 5.27552 -80 2 -25 10 49896 1 
130.731 -23.5106 -196.975 0.586168 5.27552 -80 2 -25 10 49897 1 
130.723 -23.5081 -197.351 0.586168 5.27552 -80 2 -25 10 49898 1 
130.704 -23.5023 -197.06 0.586168 5.27552 -80 2 -25 10 49899 1 
130.685 -23.4966 -196.775 0.586168 5.27552 -80 2 -25 10 49900 1 
130.677 -23.4941 -197.151 0.586168 5.27552 -80 2 -25 10 49901 1 
130.659 -23.4884 -196.864 0.586168 5.27552 -80 2 -25 10 49902 1 
130.64 -23.4827 -196.581 0.586168 5.27552 -80 2 -25 10 49903 1 
130.632 -23.4803 -196.957 0.586168 5.27552 -80 2 -25 10 49904 1 
130.613 -23.4746 -196.673 0.586168 5.27552 -80 2 -25 10 49905 1 
130.594 -23.469 -196.394 0.586168 5.27552 -80 2 -25 10 49906 1 
130.586 -23.4666 -196.77 0.586168 5.27552 -80 2 -25 10 49907 1 
130.567 -23.4609 -196.49 0.586168 5.27552 -80 2 -25 10 49908 1 
130.549 -23.4554 -196.213 0.586168 5.27552 -80 2 -25 10 49909 1 
130.541 -23.453 -196.59 0.586168 5.27552 -80 2 -25 10 49910 1 
130.522 -23.4474 -196.312 0.586168 5.27552 -80 2 -25 10 49911 1 
130.503 -23.442 -196.038 0.586168 5.27552 -80 2 -25 10 49912 1 
130.495 -23.4396 -196.415 0.586168 5.27552 -80 2 -25 10 49913 1 
130.476 -23.4341 -196.14 0.586168 5.27552 -80 2 -25 10 49914 1 
130.457 -23.4287 -195.869 0.586168 5.27552 -80 2 -25 10 49915 1 
130.449 -23.4263 -196.246 0.586168 5.27552 -80 2 -25 10 49916 1 
130.431 -23.4209 -195.973 0.586168 5.27552 -80 2 -25 10 49917 1 
130.412 -23.4155 -195.706 0.586168 5.27552 -80 2 -25 10 49918 1 
130.404 -23.4132 -196.082 0.586168 5.27552 -80 2 -25 10 49919 1 
130.385 -23.4078 -195.812 0.586168 5.27552 -80 2 -25 10 49920 1 
130.366 -23.4025 -195.547 0.586168 5.27552 -80 2 -25 10 49921 1 
130.358 -23.4002 -195.923 0.586168 5.27552 -80 2 -25 10 49922 1 
130.339 -23.3948 -195.656 0.586168 5.27552 -80 2 -25 10 49923 1 
130.32 -23.3896 -195.394 0.586168 5.27552 -80 2 -25 10 49924 1 
130.312 -23.3873 -195.77 0.586168 5.27552 -80 2 -25 10 49925 1 
130.293 -23.382 -195.506 0.586168 5.27552 -80 2 -25 10 49926 1 
130.275 -23.3768 -195.246 0.586168 5.27552 -80 2 -25 10 49927 1 
130.266 -23.3746 -195.621 0.586168 5.27552 -80 2 -25 10 49928 1 
130.248 -23.3693 -195.359 0.586168 5.27552 -80 2 -25 10 49929 1 
130.229 -23.3641 -195.102 0.586168 5.27552 -80 2 -25 10 49930 1 
130.221 -23.3619 -195.477 0.586168 5.27552 -80 2 -25 10 49931 1 
130.202 -23.3567 -195.218 0.586168 5.27552 -80 2 -25 10 49932 1 
130.183 -23.3516 -194.963 0.586168 5.27552 -80 2 -25 10 49933 1 
130.175 -23.3494 -195.338 0.586168 5.27552 -80 2 -25 10 49934 1 
130.156 -23.3442 -195.081 0.586168 5.27552 -80 2 -25 10 49935 1 
130.137 -23.3391 -194.828 0.586168 5.27552 -80 2 -25 10 49936 1 
130.118 -23.3341 -194.579 0.586168 5.27552 -80 2 -25 10 49937 1 
130.11 -23.332 -194.955 0.586168 5.27552 -80 2 -25 10 49938 1 
130.091 -23.327 -194.705 0.586168 5.27552 -80 2 -25 10 49939 1 
130.072 -23.322 -194.458 0.586168 5.27552 -80 2 -25 10 49940 1 
130.064 -23.3199 -194.834 0.586168 5.27552 -80 2 -25 10 49941 1 
130.045 -23.3149 -194.585 0.586168 5.27552 -80 2 -25 10 49942 1 
130.026 -23.31 -194.34 0.586168 5.27552 -80 2 -25 10 49943 1 
130.018 -23.3079 -194.716 0.586168 5.27552 -80 2 -25 10 49944 1 
129.999 -23.3029 -194.469 0.586168 5.27552 -80 2 -25 10 49945 1 
129.98 -23.298 -194.226 0.586168 5.27552 -80 2 -25 10 49946 1 
129.961 -23.2932 -193.988 0.586168 5.27552 -80 2 -25 10 49947 1 
129.953 -23.2912 -194.364 0.586168 5.27552 -80 2 -25 10 49948 1 
129.934 -23.2864 -194.123 0.586168 5.27552 -80 2 -25 10 49949 1 
129.915 -23.2816 -193.886 0.586168 5.27552 -80 2 -25 10 49950 1 
129.907 -23.2796 -194.262 0.586168 5.27552 -80 2 -25 10 49951 1 
129.888 -23.2748 -194.022 0.586168 5.27552 -80 2 -25 10 49952 1 
129.869 -23.27 -193.787 0.586168 5.27552 -80 2 -25 10 49953 1 
129.861 -23.268 -194.162 0.586168 5.27552 -80 2 -25 10 49954 1 
129.842 -23.2632 -193.925 0.586168 5.27552 -80 2 -25 10 49955 1 
129.823 -23.2585 -193.691 0.586168 5.27552 -80 2 -25 10 49956 1 
129.804 -23.2539 -193.461 0.586168 5.27552 -80 2 -25 10 49957 1 
129.796 -23.2519 -193.837 0.586168 5.27552 -80 2 -25 10 49958 1 
129.777 -23.2473 -193.605 0.586168 5.27552 -80 2 -25 10 49959 1 
129.758 -23.2427 -193.376 0.586168 5.27552 -80 2 -25 10 49960 1 
129.75 -23.2407 -193.752 0.586168 5.27552 -80 2 -25 10 49961 1 
129.731 -23.2361 -193.521 0.586168 5.27552 -80 2 -25 10 49962 1 
129.712 -23.2315 -193.294 0.586168 5.27552 -80 2 -25 10 49963 1 
129.693 -23.227 -193.071 0.586168 5.27552 -80 2 -25 10 49964 1 
129.684 -23.2251 -193.446 0.586168 5.27552 -80 2 -25 10 49965 1 
129.665 -23.2206 -193.221 0.586168 5.27552 -80 2 -25 10 49966 1 
129.646 -23.2161 -192.999 0.586168 5.27552 -80 2 -25 10 49967 1 
129.627 -23.2117 -192.78 0.586168 5.27552 -80 2 -25 10 49968 1 
129.619 -23.2099 -193.157 0.586168 5.27552 -80 2 -25 10 49969 1 
129.6 -23.2054 -192.936 0.586168 5.27552 -80 2 -25 10 49970 1 
129.581 -23.201 -192.718 0.586168 5.27552 -80 2 -25 10 49971 1 
129.573 -23.1992 -193.094 0.586168 5.27552 -80 2 -25 10 49972 1 
129.554 -23.1948 -192.874 0.586168 5.27552 -80 2 -25 10 49973 1 
129.535 -23.1904 -192.658 0.586168 5.27552 -80 2 -25 10 49974 1 
129.516 -23.1861 -192.445 0.586168 5.27552 -80 2 -25 10 49975 1 
129.508 -23.1843 -192.821 0.586168 5.27552 -80 2 -25 10 49976 1 
129.489 -23.18 -192.605 0.586168 5.27552 -80 2 -25 10 49977 1 
129.469 -23.1757 -192.393 0.586168 5.27552 -80 2 -25 10 49978 1 
129.45 -23.1715 -192.185 0.586168 5.27552 -80 2 -25 10 49979 1 
129.442 -23.1697 -192.561 0.586168 5.27552 -80 2 -25 10 49980 1 
129.423 -23.1655 -192.35 0.586168 5.27552 -80 2 -25 10 49981 1 
129.404 -23.1613 -192.142 0.586168 5.27552 -80 2 -25 10 49982 1 
129.385 -23.1572 -191.938 0.586168 5.27552 -80 2 -25 10 49983 1 
129.377 -23.1555 -192.314 0.586168 5.27552 -80 2 -25 10 49984 1 
129.358 -23.1513 -192.107 0.586168 5.27552 -80 2 -25 10 49985 1 
129.339 -23.1472 -191.904 0.586168 5.27552 -80 2 -25 10 49986 1 
129.319 -23.1432 -191.704 0.586168 5.27552 -80 2 -25 10 49987 1 
129.311 -23.1415 -192.08 0.586168 5.27552 -80 2 -25 10 49988 1 
129.292 -23.1374 -191.877 0.586168 5.27552 -80 2 -25 10 49989 1 
129.273 -23.1334 -191.677 0.586168 5.27552 -80 2 -25 10 49990 1 
129.254 -23.1294 -191.481 0.586168 5.27552 -80 2 -25 10 49991 1 
129.246 -23.1278 -191.857 0.586168 5.27552 -80 2 -25 10 49992 1 
129.227 -23.1237 -191.657 0.586168 5.27552 -80 2 -25 10 49993 1 
129.207 -23.1198 -191.461 0.586168 5.27552 -80 2 -25 10 49994 1 
129.188 -23.1159 -191.268 0.586168 5.27552 -80 2 -25 10 49995 1 
129.18 -23.1143 -191.644 0.586168 5.27552 -80 2 -25 10 49996 1 
129.161 -23.1103 -191.448 0.586168 5.27552 -80 2 -25 10 49997 1 
129.142 -23.1065 -191.256 0.586168 5.27552 -80 2 -25 10 49998 1 
129.123 -23.1026 -191.066 0.586168 5.27552 -80 2 -25 10 49999 1 
