184.043 -25.439 -179.886 0.293481 2.64133 -80 2 -25 10 48491 1 
184.033 -25.439 -179.888 0.293481 2.64133 -80 2 -25 10 48492 1 
184.023 -25.439 -179.891 0.293481 2.64133 -80 2 -25 10 48493 1 
184.013 -25.439 -179.893 0.293481 2.64133 -80 2 -25 10 48494 1 
184.004 -25.439 -179.895 0.293481 2.64133 -80 2 -25 10 48495 1 
183.994 -25.4391 -179.897 0.293481 2.64133 -80 2 -25 10 48496 1 
183.984 -25.4391 -179.899 0.293481 2.64133 -80 2 -25 10 48497 1 
183.974 -25.4391 -179.901 0.293481 2.64133 -80 2 -25 10 48498 1 
183.964 -25.4391 -179.903 0.293481 2.64133 -80 2 -25 10 48499 1 
183.955 -25.4391 -179.905 0.293481 2.64133 -80 2 -25 10 48500 1 
183.945 -25.4391 -179.907 0.293481 2.64133 -80 2 -25 10 48501 1 
183.935 -25.4392 -179.909 0.293481 2.64133 -80 2 -25 10 48502 1 
183.925 -25.4392 -179.911 0.293481 2.64133 -80 2 -25 10 48503 1 
183.916 -25.4392 -179.912 0.293481 2.64133 -80 2 -25 10 48504 1 
183.906 -25.4392 -179.914 0.293481 2.64133 -80 2 -25 10 48505 1 
183.896 -25.4392 -179.916 0.293481 2.64133 -80 2 -25 10 48506 1 
183.886 -25.4392 -179.918 0.293481 2.64133 -80 2 -25 10 48507 1 
183.876 -25.4392 -179.919 0.293481 2.64133 -80 2 -25 10 48508 1 
183.867 -25.4393 -179.921 0.293481 2.64133 -80 2 -25 10 48509 1 
183.857 -25.4393 -179.923 0.293481 2.64133 -80 2 -25 10 48510 1 
183.847 -25.4393 -179.924 0.293481 2.64133 -80 2 -25 10 48511 1 
183.837 -25.4393 -179.926 0.293481 2.64133 -80 2 -25 10 48512 1 
183.827 -25.4393 -179.927 0.293481 2.64133 -80 2 -25 10 48513 1 
183.818 -25.4393 -179.929 0.293481 2.64133 -80 2 -25 10 48514 1 
183.808 -25.4393 -179.93 0.293481 2.64133 -80 2 -25 10 48515 1 
183.798 -25.4393 -179.932 0.293481 2.64133 -80 2 -25 10 48516 1 
183.788 -25.4394 -179.933 0.293481 2.64133 -80 2 -25 10 48517 1 
183.779 -25.4394 -179.935 0.293481 2.64133 -80 2 -25 10 48518 1 
183.769 -25.4394 -179.936 0.293481 2.64133 -80 2 -25 10 48519 1 
183.759 -25.4394 -179.938 0.293481 2.64133 -80 2 -25 10 48520 1 
183.749 -25.4394 -179.939 0.293481 2.64133 -80 2 -25 10 48521 1 
183.739 -25.4394 -179.94 0.293481 2.64133 -80 2 -25 10 48522 1 
183.73 -25.4394 -179.942 0.293481 2.64133 -80 2 -25 10 48523 1 
183.72 -25.4394 -179.943 0.293481 2.64133 -80 2 -25 10 48524 1 
183.71 -25.4394 -179.944 0.293481 2.64133 -80 2 -25 10 48525 1 
183.7 -25.4394 -179.945 0.293481 2.64133 -80 2 -25 10 48526 1 
183.691 -25.4395 -179.947 0.293481 2.64133 -80 2 -25 10 48527 1 
183.681 -25.4395 -179.948 0.293481 2.64133 -80 2 -25 10 48528 1 
183.671 -25.4395 -179.949 0.293481 2.64133 -80 2 -25 10 48529 1 
183.661 -25.4395 -179.95 0.293481 2.64133 -80 2 -25 10 48530 1 
183.651 -25.4395 -179.951 0.293481 2.64133 -80 2 -25 10 48531 1 
183.642 -25.4395 -179.952 0.293481 2.64133 -80 2 -25 10 48532 1 
183.632 -25.4395 -179.954 0.293481 2.64133 -80 2 -25 10 48533 1 
183.622 -25.4395 -179.955 0.293481 2.64133 -80 2 -25 10 48534 1 
183.612 -25.4395 -179.956 0.293481 2.64133 -80 2 -25 10 48535 1 
183.603 -25.4395 -179.957 0.293481 2.64133 -80 2 -25 10 48536 1 
183.593 -25.4395 -179.958 0.293481 2.64133 -80 2 -25 10 48537 1 
183.583 -25.4395 -179.959 0.293481 2.64133 -80 2 -25 10 48538 1 
183.573 -25.4396 -179.96 0.293481 2.64133 -80 2 -25 10 48539 1 
183.563 -25.4396 -179.961 0.293481 2.64133 -80 2 -25 10 48540 1 
183.554 -25.4396 -179.962 0.293481 2.64133 -80 2 -25 10 48541 1 
183.544 -25.4396 -179.963 0.293481 2.64133 -80 2 -25 10 48542 1 
183.534 -25.4396 -179.964 0.293481 2.64133 -80 2 -25 10 48543 1 
183.524 -25.4396 -179.965 0.293481 2.64133 -80 2 -25 10 48544 1 
183.514 -25.4396 -179.966 0.293481 2.64133 -80 2 -25 10 48545 1 
183.505 -25.4396 -179.967 0.293481 2.64133 -80 2 -25 10 48546 1 
183.495 -25.4396 -179.967 0.293481 2.64133 -80 2 -25 10 48547 1 
183.485 -25.4396 -179.968 0.293481 2.64133 -80 2 -25 10 48548 1 
183.475 -25.4396 -179.969 0.293481 2.64133 -80 2 -25 10 48549 1 
183.466 -25.4396 -179.97 0.293481 2.64133 -80 2 -25 10 48550 1 
183.456 -25.4396 -179.971 0.293481 2.64133 -80 2 -25 10 48551 1 
183.446 -25.4396 -179.972 0.293481 2.64133 -80 2 -25 10 48552 1 
183.436 -25.4396 -179.972 0.293481 2.64133 -80 2 -25 10 48553 1 
183.426 -25.4396 -179.973 0.293481 2.64133 -80 2 -25 10 48554 1 
183.417 -25.4396 -179.974 0.293481 2.64133 -80 2 -25 10 48555 1 
183.407 -25.4397 -179.975 0.293481 2.64133 -80 2 -25 10 48556 1 
183.397 -25.4397 -179.975 0.293481 2.64133 -80 2 -25 10 48557 1 
183.387 -25.4397 -179.976 0.293481 2.64133 -80 2 -25 10 48558 1 
183.378 -25.4397 -179.977 0.293481 2.64133 -80 2 -25 10 48559 1 
183.368 -25.4397 -179.978 0.293481 2.64133 -80 2 -25 10 48560 1 
183.358 -25.4397 -179.978 0.293481 2.64133 -80 2 -25 10 48561 1 
183.348 -25.4397 -179.979 0.293481 2.64133 -80 2 -25 10 48562 1 
183.338 -25.4397 -179.98 0.293481 2.64133 -80 2 -25 10 48563 1 
183.329 -25.4397 -179.98 0.293481 2.64133 -80 2 -25 10 48564 1 
183.319 -25.4397 -179.981 0.293481 2.64133 -80 2 -25 10 48565 1 
183.309 -25.4397 -179.982 0.293481 2.64133 -80 2 -25 10 48566 1 
183.299 -25.4397 -179.982 0.293481 2.64133 -80 2 -25 10 48567 1 
183.29 -25.4397 -179.983 0.293481 2.64133 -80 2 -25 10 48568 1 
183.28 -25.4397 -179.983 0.293481 2.64133 -80 2 -25 10 48569 1 
183.27 -25.4397 -179.984 0.293481 2.64133 -80 2 -25 10 48570 1 
183.26 -25.4397 -179.985 0.293481 2.64133 -80 2 -25 10 48571 1 
183.25 -25.4397 -179.985 0.293481 2.64133 -80 2 -25 10 48572 1 
183.241 -25.4397 -179.986 0.293481 2.64133 -80 2 -25 10 48573 1 
183.231 -25.4397 -179.986 0.293481 2.64133 -80 2 -25 10 48574 1 
183.221 -25.4397 -179.987 0.293481 2.64133 -80 2 -25 10 48575 1 
183.211 -25.4397 -179.987 0.293481 2.64133 -80 2 -25 10 48576 1 
183.202 -25.4397 -179.988 0.293481 2.64133 -80 2 -25 10 48577 1 
183.192 -25.4397 -179.988 0.293481 2.64133 -80 2 -25 10 48578 1 
183.182 -25.4397 -179.989 0.293481 2.64133 -80 2 -25 10 48579 1 
183.172 -25.4397 -179.99 0.293481 2.64133 -80 2 -25 10 48580 1 
183.162 -25.4397 -179.99 0.293481 2.64133 -80 2 -25 10 48581 1 
183.153 -25.4397 -179.99 0.293481 2.64133 -80 2 -25 10 48582 1 
183.143 -25.4397 -179.991 0.293481 2.64133 -80 2 -25 10 48583 1 
183.133 -25.4397 -179.991 0.293481 2.64133 -80 2 -25 10 48584 1 
183.123 -25.4397 -179.992 0.293481 2.64133 -80 2 -25 10 48585 1 
183.113 -25.4397 -179.992 0.293481 2.64133 -80 2 -25 10 48586 1 
183.104 -25.4397 -179.993 0.293481 2.64133 -80 2 -25 10 48587 1 
183.094 -25.4397 -179.993 0.293481 2.64133 -80 2 -25 10 48588 1 
183.084 -25.4397 -179.994 0.293481 2.64133 -80 2 -25 10 48589 1 
183.074 -25.4397 -179.994 0.293481 2.64133 -80 2 -25 10 48590 1 
183.065 -25.4397 -179.995 0.293481 2.64133 -80 2 -25 10 48591 1 
183.055 -25.4397 -179.995 0.293481 2.64133 -80 2 -25 10 48592 1 
183.045 -25.4397 -179.995 0.293481 2.64133 -80 2 -25 10 48593 1 
183.035 -25.4397 -179.996 0.293481 2.64133 -80 2 -25 10 48594 1 
183.025 -25.4397 -179.996 0.293481 2.64133 -80 2 -25 10 48595 1 
183.016 -25.4397 -179.997 0.293481 2.64133 -80 2 -25 10 48596 1 
183.006 -25.4397 -179.997 0.293481 2.64133 -80 2 -25 10 48597 1 
182.996 -25.4397 -179.997 0.293481 2.64133 -80 2 -25 10 48598 1 
182.986 -25.4397 -179.998 0.293481 2.64133 -80 2 -25 10 48599 1 
182.977 -25.4397 -179.998 0.293481 2.64133 -80 2 -25 10 48600 1 
182.967 -25.4397 -179.998 0.293481 2.64133 -80 2 -25 10 48601 1 
182.957 -25.4397 -179.999 0.293481 2.64133 -80 2 -25 10 48602 1 
182.947 -25.4397 -179.999 0.293481 2.64133 -80 2 -25 10 48603 1 
182.937 -25.4397 -179.999 0.293481 2.64133 -80 2 -25 10 48604 1 
182.928 -25.4397 -180 0.293481 2.64133 -80 2 -25 10 48605 1 
182.918 -25.4397 -180 0.293481 2.64133 -80 2 -25 10 48606 1 
182.908 -25.4397 -180 0.293481 2.64133 -80 2 -25 10 48607 1 
182.898 -25.4397 -180.001 0.293481 2.64133 -80 2 -25 10 48608 1 
182.889 -25.4397 -180.001 0.293481 2.64133 -80 2 -25 10 48609 1 
182.879 -25.4397 -180.001 0.293481 2.64133 -80 2 -25 10 48610 1 
182.869 -25.4397 -180.002 0.293481 2.64133 -80 2 -25 10 48611 1 
182.859 -25.4397 -180.002 0.293481 2.64133 -80 2 -25 10 48612 1 
182.849 -25.4397 -180.002 0.293481 2.64133 -80 2 -25 10 48613 1 
182.84 -25.4397 -180.002 0.293481 2.64133 -80 2 -25 10 48614 1 
182.83 -25.4397 -180.003 0.293481 2.64133 -80 2 -25 10 48615 1 
182.82 -25.4397 -180.003 0.293481 2.64133 -80 2 -25 10 48616 1 
182.81 -25.4397 -180.003 0.293481 2.64133 -80 2 -25 10 48617 1 
182.8 -25.4397 -180.004 0.293481 2.64133 -80 2 -25 10 48618 1 
182.791 -25.4397 -180.004 0.293481 2.64133 -80 2 -25 10 48619 1 
182.781 -25.4397 -180.004 0.293481 2.64133 -80 2 -25 10 48620 1 
182.771 -25.4397 -180.004 0.293481 2.64133 -80 2 -25 10 48621 1 
182.761 -25.4397 -180.005 0.293481 2.64133 -80 2 -25 10 48622 1 
182.752 -25.4397 -180.005 0.293481 2.64133 -80 2 -25 10 48623 1 
182.742 -25.4397 -180.005 0.293481 2.64133 -80 2 -25 10 48624 1 
182.732 -25.4397 -180.005 0.293481 2.64133 -80 2 -25 10 48625 1 
182.722 -25.4397 -180.006 0.293481 2.64133 -80 2 -25 10 48626 1 
182.712 -25.4397 -180.006 0.293481 2.64133 -80 2 -25 10 48627 1 
182.703 -25.4397 -180.006 0.293481 2.64133 -80 2 -25 10 48628 1 
182.693 -25.4397 -180.006 0.293481 2.64133 -80 2 -25 10 48629 1 
182.683 -25.4397 -180.006 0.293481 2.64133 -80 2 -25 10 48630 1 
182.673 -25.4397 -180.007 0.293481 2.64133 -80 2 -25 10 48631 1 
182.664 -25.4397 -180.007 0.293481 2.64133 -80 2 -25 10 48632 1 
182.654 -25.4397 -180.007 0.293481 2.64133 -80 2 -25 10 48633 1 
182.644 -25.4397 -180.007 0.293481 2.64133 -80 2 -25 10 48634 1 
182.634 -25.4397 -180.007 0.293481 2.64133 -80 2 -25 10 48635 1 
182.624 -25.4397 -180.008 0.293481 2.64133 -80 2 -25 10 48636 1 
182.615 -25.4397 -180.008 0.293481 2.64133 -80 2 -25 10 48637 1 
182.605 -25.4397 -180.008 0.293481 2.64133 -80 2 -25 10 48638 1 
182.595 -25.4397 -180.008 0.293481 2.64133 -80 2 -25 10 48639 1 
182.585 -25.4397 -180.008 0.293481 2.64133 -80 2 -25 10 48640 1 
182.576 -25.4397 -180.009 0.293481 2.64133 -80 2 -25 10 48641 1 
182.566 -25.4397 -180.009 0.293481 2.64133 -80 2 -25 10 48642 1 
182.556 -25.4397 -180.009 0.293481 2.64133 -80 2 -25 10 48643 1 
182.546 -25.4397 -180.009 0.293481 2.64133 -80 2 -25 10 48644 1 
182.536 -25.4397 -180.009 0.293481 2.64133 -80 2 -25 10 48645 1 
182.527 -25.4397 -180.009 0.293481 2.64133 -80 2 -25 10 48646 1 
182.517 -25.4397 -180.01 0.293481 2.64133 -80 2 -25 10 48647 1 
182.507 -25.4397 -180.01 0.293481 2.64133 -80 2 -25 10 48648 1 
182.497 -25.4397 -180.01 0.293481 2.64133 -80 2 -25 10 48649 1 
182.488 -25.4397 -180.01 0.293481 2.64133 -80 2 -25 10 48650 1 
182.478 -25.4397 -180.01 0.293481 2.64133 -80 2 -25 10 48651 1 
182.468 -25.4397 -180.01 0.293481 2.64133 -80 2 -25 10 48652 1 
182.458 -25.4397 -180.011 0.293481 2.64133 -80 2 -25 10 48653 1 
182.448 -25.4397 -180.011 0.293481 2.64133 -80 2 -25 10 48654 1 
182.439 -25.4397 -180.011 0.293481 2.64133 -80 2 -25 10 48655 1 
182.429 -25.4397 -180.011 0.293481 2.64133 -80 2 -25 10 48656 1 
182.419 -25.4397 -180.011 0.293481 2.64133 -80 2 -25 10 48657 1 
182.409 -25.4397 -180.011 0.293481 2.64133 -80 2 -25 10 48658 1 
182.399 -25.4397 -180.011 0.293481 2.64133 -80 2 -25 10 48659 1 
182.39 -25.4397 -180.012 0.293481 2.64133 -80 2 -25 10 48660 1 
182.38 -25.4397 -180.012 0.293481 2.64133 -80 2 -25 10 48661 1 
182.37 -25.4397 -180.012 0.293481 2.64133 -80 2 -25 10 48662 1 
182.36 -25.4397 -180.012 0.293481 2.64133 -80 2 -25 10 48663 1 
182.351 -25.4397 -180.012 0.293481 2.64133 -80 2 -25 10 48664 1 
182.341 -25.4397 -180.012 0.293481 2.64133 -80 2 -25 10 48665 1 
182.331 -25.4397 -180.012 0.293481 2.64133 -80 2 -25 10 48666 1 
182.321 -25.4397 -180.012 0.293481 2.64133 -80 2 -25 10 48667 1 
182.311 -25.4397 -180.013 0.293481 2.64133 -80 2 -25 10 48668 1 
182.302 -25.4397 -180.013 0.293481 2.64133 -80 2 -25 10 48669 1 
182.292 -25.4397 -180.013 0.293481 2.64133 -80 2 -25 10 48670 1 
182.282 -25.4397 -180.013 0.293481 2.64133 -80 2 -25 10 48671 1 
182.272 -25.4397 -180.013 0.293481 2.64133 -80 2 -25 10 48672 1 
182.263 -25.4397 -180.013 0.293481 2.64133 -80 2 -25 10 48673 1 
182.253 -25.4397 -180.013 0.293481 2.64133 -80 2 -25 10 48674 1 
182.243 -25.4397 -180.013 0.293481 2.64133 -80 2 -25 10 48675 1 
182.233 -25.4396 -180.013 0.293481 2.64133 -80 2 -25 10 48676 1 
182.223 -25.4396 -180.014 0.293481 2.64133 -80 2 -25 10 48677 1 
182.214 -25.4396 -180.014 0.293481 2.64133 -80 2 -25 10 48678 1 
182.204 -25.4396 -180.014 0.293481 2.64133 -80 2 -25 10 48679 1 
182.194 -25.4396 -180.014 0.293481 2.64133 -80 2 -25 10 48680 1 
182.184 -25.4396 -180.014 0.293481 2.64133 -80 2 -25 10 48681 1 
182.175 -25.4396 -180.014 0.293481 2.64133 -80 2 -25 10 48682 1 
182.165 -25.4396 -180.014 0.293481 2.64133 -80 2 -25 10 48683 1 
182.155 -25.4396 -180.014 0.293481 2.64133 -80 2 -25 10 48684 1 
182.145 -25.4396 -180.014 0.293481 2.64133 -80 2 -25 10 48685 1 
182.135 -25.4396 -180.014 0.293481 2.64133 -80 2 -25 10 48686 1 
182.126 -25.4396 -180.014 0.293481 2.64133 -80 2 -25 10 48687 1 
182.116 -25.4396 -180.014 0.293481 2.64133 -80 2 -25 10 48688 1 
182.106 -25.4396 -180.015 0.293481 2.64133 -80 2 -25 10 48689 1 
182.096 -25.4396 -180.015 0.293481 2.64133 -80 2 -25 10 48690 1 
182.086 -25.4396 -180.015 0.293481 2.64133 -80 2 -25 10 48691 1 
182.077 -25.4396 -180.015 0.293481 2.64133 -80 2 -25 10 48692 1 
182.067 -25.4396 -180.015 0.293481 2.64133 -80 2 -25 10 48693 1 
182.057 -25.4396 -180.015 0.293481 2.64133 -80 2 -25 10 48694 1 
182.047 -25.4396 -180.015 0.293481 2.64133 -80 2 -25 10 48695 1 
182.038 -25.4396 -180.015 0.293481 2.64133 -80 2 -25 10 48696 1 
182.028 -25.4396 -180.015 0.293481 2.64133 -80 2 -25 10 48697 1 
182.018 -25.4396 -180.015 0.293481 2.64133 -80 2 -25 10 48698 1 
182.008 -25.4396 -180.015 0.293481 2.64133 -80 2 -25 10 48699 1 
181.998 -25.4396 -180.015 0.293481 2.64133 -80 2 -25 10 48700 1 
181.989 -25.4396 -180.015 0.293481 2.64133 -80 2 -25 10 48701 1 
181.979 -25.4396 -180.016 0.293481 2.64133 -80 2 -25 10 48702 1 
181.969 -25.4396 -180.016 0.293481 2.64133 -80 2 -25 10 48703 1 
181.959 -25.4396 -180.016 0.293481 2.64133 -80 2 -25 10 48704 1 
181.95 -25.4396 -180.016 0.293481 2.64133 -80 2 -25 10 48705 1 
181.94 -25.4396 -180.016 0.293481 2.64133 -80 2 -25 10 48706 1 
181.93 -25.4396 -180.016 0.293481 2.64133 -80 2 -25 10 48707 1 
181.92 -25.4396 -180.016 0.293481 2.64133 -80 2 -25 10 48708 1 
181.91 -25.4396 -180.016 0.293481 2.64133 -80 2 -25 10 48709 1 
181.901 -25.4396 -180.016 0.293481 2.64133 -80 2 -25 10 48710 1 
181.891 -25.4396 -180.016 0.293481 2.64133 -80 2 -25 10 48711 1 
181.881 -25.4396 -180.016 0.293481 2.64133 -80 2 -25 10 48712 1 
181.871 -25.4396 -180.016 0.293481 2.64133 -80 2 -25 10 48713 1 
181.862 -25.4396 -180.016 0.293481 2.64133 -80 2 -25 10 48714 1 
181.852 -25.4396 -180.016 0.293481 2.64133 -80 2 -25 10 48715 1 
181.842 -25.4396 -180.016 0.293481 2.64133 -80 2 -25 10 48716 1 
181.832 -25.4396 -180.016 0.293481 2.64133 -80 2 -25 10 48717 1 
181.822 -25.4396 -180.016 0.293481 2.64133 -80 2 -25 10 48718 1 
181.813 -25.4396 -180.016 0.293481 2.64133 -80 2 -25 10 48719 1 
181.803 -25.4396 -180.017 0.293481 2.64133 -80 2 -25 10 48720 1 
181.793 -25.4396 -180.017 0.293481 2.64133 -80 2 -25 10 48721 1 
181.783 -25.4396 -180.017 0.293481 2.64133 -80 2 -25 10 48722 1 
181.773 -25.4396 -180.017 0.293481 2.64133 -80 2 -25 10 48723 1 
181.764 -25.4396 -180.017 0.293481 2.64133 -80 2 -25 10 48724 1 
181.754 -25.4396 -180.017 0.293481 2.64133 -80 2 -25 10 48725 1 
181.744 -25.4396 -180.017 0.293481 2.64133 -80 2 -25 10 48726 1 
181.734 -25.4396 -180.017 0.293481 2.64133 -80 2 -25 10 48727 1 
181.725 -25.4395 -180.017 0.293481 2.64133 -80 2 -25 10 48728 1 
181.715 -25.4395 -180.017 0.293481 2.64133 -80 2 -25 10 48729 1 
181.705 -25.4395 -180.017 0.293481 2.64133 -80 2 -25 10 48730 1 
181.695 -25.4395 -180.017 0.293481 2.64133 -80 2 -25 10 48731 1 
181.685 -25.4395 -180.017 0.293481 2.64133 -80 2 -25 10 48732 1 
181.676 -25.4395 -180.017 0.293481 2.64133 -80 2 -25 10 48733 1 
181.666 -25.4395 -180.017 0.293481 2.64133 -80 2 -25 10 48734 1 
181.656 -25.4395 -180.017 0.293481 2.64133 -80 2 -25 10 48735 1 
181.646 -25.4395 -180.017 0.293481 2.64133 -80 2 -25 10 48736 1 
181.637 -25.4395 -180.017 0.293481 2.64133 -80 2 -25 10 48737 1 
181.627 -25.4395 -180.017 0.293481 2.64133 -80 2 -25 10 48738 1 
181.617 -25.4395 -180.017 0.293481 2.64133 -80 2 -25 10 48739 1 
181.607 -25.4395 -180.017 0.293481 2.64133 -80 2 -25 10 48740 1 
181.597 -25.4395 -180.017 0.293481 2.64133 -80 2 -25 10 48741 1 
181.588 -25.4395 -180.017 0.293481 2.64133 -80 2 -25 10 48742 1 
181.578 -25.4395 -180.017 0.293481 2.64133 -80 2 -25 10 48743 1 
181.568 -25.4395 -180.017 0.293481 2.64133 -80 2 -25 10 48744 1 
181.558 -25.4395 -180.017 0.293481 2.64133 -80 2 -25 10 48745 1 
181.549 -25.4395 -180.018 0.293481 2.64133 -80 2 -25 10 48746 1 
181.539 -25.4395 -180.018 0.293481 2.64133 -80 2 -25 10 48747 1 
181.529 -25.4395 -180.018 0.293481 2.64133 -80 2 -25 10 48748 1 
181.519 -25.4395 -180.018 0.293481 2.64133 -80 2 -25 10 48749 1 
181.509 -25.4395 -180.018 0.293481 2.64133 -80 2 -25 10 48750 1 
181.5 -25.4395 -180.018 0.293481 2.64133 -80 2 -25 10 48751 1 
181.49 -25.4395 -180.018 0.293481 2.64133 -80 2 -25 10 48752 1 
181.48 -25.4395 -180.018 0.293481 2.64133 -80 2 -25 10 48753 1 
181.47 -25.4394 -180.018 0.293481 2.64133 -80 2 -25 10 48754 1 
181.461 -25.4394 -180.018 0.293481 2.64133 -80 2 -25 10 48755 1 
181.451 -25.4394 -180.018 0.293481 2.64133 -80 2 -25 10 48756 1 
181.441 -25.4394 -180.018 0.293481 2.64133 -80 2 -25 10 48757 1 
181.431 -25.4394 -180.018 0.293481 2.64133 -80 2 -25 10 48758 1 
181.421 -25.4394 -180.018 0.293481 2.64133 -80 2 -25 10 48759 1 
181.412 -25.4394 -180.018 0.293481 2.64133 -80 2 -25 10 48760 1 
181.402 -25.4394 -180.018 0.293481 2.64133 -80 2 -25 10 48761 1 
181.392 -25.4394 -180.018 0.293481 2.64133 -80 2 -25 10 48762 1 
181.382 -25.4394 -180.018 0.293481 2.64133 -80 2 -25 10 48763 1 
181.372 -25.4394 -180.018 0.293481 2.64133 -80 2 -25 10 48764 1 
181.363 -25.4394 -180.018 0.293481 2.64133 -80 2 -25 10 48765 1 
181.353 -25.4394 -180.018 0.293481 2.64133 -80 2 -25 10 48766 1 
181.343 -25.4394 -180.018 0.293481 2.64133 -80 2 -25 10 48767 1 
181.333 -25.4394 -180.018 0.293481 2.64133 -80 2 -25 10 48768 1 
181.324 -25.4394 -180.018 0.293481 2.64133 -80 2 -25 10 48769 1 
181.314 -25.4394 -180.018 0.293481 2.64133 -80 2 -25 10 48770 1 
181.304 -25.4394 -180.018 0.293481 2.64133 -80 2 -25 10 48771 1 
181.294 -25.4394 -180.018 0.293481 2.64133 -80 2 -25 10 48772 1 
181.284 -25.4394 -180.018 0.293481 2.64133 -80 2 -25 10 48773 1 
181.275 -25.4394 -180.018 0.293481 2.64133 -80 2 -25 10 48774 1 
181.265 -25.4394 -180.018 0.293481 2.64133 -80 2 -25 10 48775 1 
181.255 -25.4394 -180.018 0.293481 2.64133 -80 2 -25 10 48776 1 
181.245 -25.4394 -180.018 0.293481 2.64133 -80 2 -25 10 48777 1 
181.236 -25.4394 -180.018 0.293481 2.64133 -80 2 -25 10 48778 1 
181.226 -25.4394 -180.018 0.293481 2.64133 -80 2 -25 10 48779 1 
181.216 -25.4393 -180.018 0.293481 2.64133 -80 2 -25 10 48780 1 
181.206 -25.4393 -180.018 0.293481 2.64133 -80 2 -25 10 48781 1 
181.196 -25.4393 -180.018 0.293481 2.64133 -80 2 -25 10 48782 1 
181.187 -25.4393 -180.018 0.293481 2.64133 -80 2 -25 10 48783 1 
181.177 -25.4393 -180.018 0.293481 2.64133 -80 2 -25 10 48784 1 
181.167 -25.4393 -180.018 0.293481 2.64133 -80 2 -25 10 48785 1 
181.157 -25.4393 -180.018 0.293481 2.64133 -80 2 -25 10 48786 1 
181.148 -25.4393 -180.018 0.293481 2.64133 -80 2 -25 10 48787 1 
181.138 -25.4393 -180.018 0.293481 2.64133 -80 2 -25 10 48788 1 
181.128 -25.4393 -180.018 0.293481 2.64133 -80 2 -25 10 48789 1 
181.118 -25.4393 -180.018 0.293481 2.64133 -80 2 -25 10 48790 1 
181.108 -25.4393 -180.018 0.293481 2.64133 -80 2 -25 10 48791 1 
181.099 -25.4393 -180.018 0.293481 2.64133 -80 2 -25 10 48792 1 
181.089 -25.4393 -180.019 0.293481 2.64133 -80 2 -25 10 48793 1 
181.079 -25.4393 -180.019 0.293481 2.64133 -80 2 -25 10 48794 1 
181.069 -25.4393 -180.019 0.293481 2.64133 -80 2 -25 10 48795 1 
181.059 -25.4393 -180.019 0.293481 2.64133 -80 2 -25 10 48796 1 
181.05 -25.4393 -180.019 0.293481 2.64133 -80 2 -25 10 48797 1 
181.04 -25.4393 -180.019 0.293481 2.64133 -80 2 -25 10 48798 1 
181.03 -25.4393 -180.019 0.293481 2.64133 -80 2 -25 10 48799 1 
181.02 -25.4393 -180.019 0.293481 2.64133 -80 2 -25 10 48800 1 
181.011 -25.4393 -180.019 0.293481 2.64133 -80 2 -25 10 48801 1 
181.001 -25.4393 -180.019 0.293481 2.64133 -80 2 -25 10 48802 1 
180.991 -25.4393 -180.019 0.293481 2.64133 -80 2 -25 10 48803 1 
180.981 -25.4393 -180.019 0.293481 2.64133 -80 2 -25 10 48804 1 
180.971 -25.4393 -180.019 0.293481 2.64133 -80 2 -25 10 48805 1 
180.962 -25.4392 -180.019 0.293481 2.64133 -80 2 -25 10 48806 1 
180.952 -25.4392 -180.019 0.293481 2.64133 -80 2 -25 10 48807 1 
180.942 -25.4392 -180.019 0.293481 2.64133 -80 2 -25 10 48808 1 
180.932 -25.4392 -180.019 0.293481 2.64133 -80 2 -25 10 48809 1 
180.923 -25.4392 -180.019 0.293481 2.64133 -80 2 -25 10 48810 1 
180.913 -25.4392 -180.019 0.293481 2.64133 -80 2 -25 10 48811 1 
180.903 -25.4392 -180.019 0.293481 2.64133 -80 2 -25 10 48812 1 
180.893 -25.4392 -180.019 0.293481 2.64133 -80 2 -25 10 48813 1 
180.883 -25.4392 -180.019 0.293481 2.64133 -80 2 -25 10 48814 1 
180.874 -25.4392 -180.019 0.293481 2.64133 -80 2 -25 10 48815 1 
180.864 -25.4392 -180.019 0.293481 2.64133 -80 2 -25 10 48816 1 
180.854 -25.4392 -180.019 0.293481 2.64133 -80 2 -25 10 48817 1 
180.844 -25.4392 -180.019 0.293481 2.64133 -80 2 -25 10 48818 1 
180.835 -25.4392 -180.019 0.293481 2.64133 -80 2 -25 10 48819 1 
180.825 -25.4392 -180.019 0.293481 2.64133 -80 2 -25 10 48820 1 
180.815 -25.4392 -180.019 0.293481 2.64133 -80 2 -25 10 48821 1 
180.805 -25.4392 -180.019 0.293481 2.64133 -80 2 -25 10 48822 1 
180.795 -25.4392 -180.019 0.293481 2.64133 -80 2 -25 10 48823 1 
180.786 -25.4392 -180.019 0.293481 2.64133 -80 2 -25 10 48824 1 
180.776 -25.4392 -180.019 0.293481 2.64133 -80 2 -25 10 48825 1 
180.766 -25.4392 -180.019 0.293481 2.64133 -80 2 -25 10 48826 1 
180.756 -25.4392 -180.019 0.293481 2.64133 -80 2 -25 10 48827 1 
180.747 -25.4392 -180.019 0.293481 2.64133 -80 2 -25 10 48828 1 
180.737 -25.4392 -180.019 0.293481 2.64133 -80 2 -25 10 48829 1 
180.727 -25.4392 -180.019 0.293481 2.64133 -80 2 -25 10 48830 1 
180.717 -25.4392 -180.019 0.293481 2.64133 -80 2 -25 10 48831 1 
180.707 -25.4391 -180.019 0.293481 2.64133 -80 2 -25 10 48832 1 
180.698 -25.4391 -180.019 0.293481 2.64133 -80 2 -25 10 48833 1 
180.688 -25.4391 -180.019 0.293481 2.64133 -80 2 -25 10 48834 1 
180.678 -25.4391 -180.019 0.293481 2.64133 -80 2 -25 10 48835 1 
180.668 -25.4391 -180.019 0.293481 2.64133 -80 2 -25 10 48836 1 
180.658 -25.4391 -180.019 0.293481 2.64133 -80 2 -25 10 48837 1 
180.649 -25.4391 -180.019 0.293481 2.64133 -80 2 -25 10 48838 1 
180.639 -25.4391 -180.019 0.293481 2.64133 -80 2 -25 10 48839 1 
180.629 -25.4391 -180.019 0.293481 2.64133 -80 2 -25 10 48840 1 
180.619 -25.4391 -180.019 0.293481 2.64133 -80 2 -25 10 48841 1 
180.61 -25.4391 -180.019 0.293481 2.64133 -80 2 -25 10 48842 1 
180.6 -25.4391 -180.019 0.293481 2.64133 -80 2 -25 10 48843 1 
180.59 -25.4391 -180.019 0.293481 2.64133 -80 2 -25 10 48844 1 
180.58 -25.4391 -180.019 0.293481 2.64133 -80 2 -25 10 48845 1 
180.57 -25.4391 -180.019 0.293481 2.64133 -80 2 -25 10 48846 1 
180.561 -25.4391 -180.019 0.293481 2.64133 -80 2 -25 10 48847 1 
180.551 -25.4391 -180.019 0.293481 2.64133 -80 2 -25 10 48848 1 
180.541 -25.4391 -180.019 0.293481 2.64133 -80 2 -25 10 48849 1 
180.531 -25.4391 -180.019 0.293481 2.64133 -80 2 -25 10 48850 1 
180.522 -25.4391 -180.019 0.293481 2.64133 -80 2 -25 10 48851 1 
180.512 -25.4391 -180.019 0.293481 2.64133 -80 2 -25 10 48852 1 
180.502 -25.4391 -180.019 0.293481 2.64133 -80 2 -25 10 48853 1 
180.492 -25.4391 -180.019 0.293481 2.64133 -80 2 -25 10 48854 1 
180.482 -25.4391 -180.019 0.293481 2.64133 -80 2 -25 10 48855 1 
180.473 -25.4391 -180.019 0.293481 2.64133 -80 2 -25 10 48856 1 
180.463 -25.4391 -180.019 0.293481 2.64133 -80 2 -25 10 48857 1 
180.453 -25.4391 -180.019 0.293481 2.64133 -80 2 -25 10 48858 1 
180.443 -25.439 -180.019 0.293481 2.64133 -80 2 -25 10 48859 1 
180.434 -25.439 -180.019 0.293481 2.64133 -80 2 -25 10 48860 1 
180.424 -25.439 -180.019 0.293481 2.64133 -80 2 -25 10 48861 1 
180.414 -25.439 -180.019 0.293481 2.64133 -80 2 -25 10 48862 1 
180.404 -25.439 -180.019 0.293481 2.64133 -80 2 -25 10 48863 1 
180.394 -25.439 -180.019 0.293481 2.64133 -80 2 -25 10 48864 1 
180.385 -25.439 -180.019 0.293481 2.64133 -80 2 -25 10 48865 1 
180.375 -25.439 -180.019 0.293481 2.64133 -80 2 -25 10 48866 1 
180.365 -25.439 -180.019 0.293481 2.64133 -80 2 -25 10 48867 1 
180.355 -25.439 -180.019 0.293481 2.64133 -80 2 -25 10 48868 1 
180.345 -25.439 -180.019 0.293481 2.64133 -80 2 -25 10 48869 1 
180.336 -25.439 -180.019 0.293481 2.64133 -80 2 -25 10 48870 1 
180.326 -25.439 -180.019 0.293481 2.64133 -80 2 -25 10 48871 1 
180.316 -25.439 -180.019 0.293481 2.64133 -80 2 -25 10 48872 1 
180.306 -25.439 -180.019 0.293481 2.64133 -80 2 -25 10 48873 1 
180.297 -25.439 -180.019 0.293481 2.64133 -80 2 -25 10 48874 1 
180.287 -25.439 -180.019 0.293481 2.64133 -80 2 -25 10 48875 1 
180.277 -25.439 -180.019 0.293481 2.64133 -80 2 -25 10 48876 1 
180.267 -25.439 -180.019 0.293481 2.64133 -80 2 -25 10 48877 1 
180.257 -25.439 -180.019 0.293481 2.64133 -80 2 -25 10 48878 1 
180.248 -25.439 -180.019 0.293481 2.64133 -80 2 -25 10 48879 1 
180.238 -25.439 -180.019 0.293481 2.64133 -80 2 -25 10 48880 1 
180.228 -25.439 -180.019 0.293481 2.64133 -80 2 -25 10 48881 1 
180.218 -25.439 -180.019 0.293481 2.64133 -80 2 -25 10 48882 1 
180.209 -25.439 -180.019 0.293481 2.64133 -80 2 -25 10 48883 1 
180.199 -25.439 -180.019 0.293481 2.64133 -80 2 -25 10 48884 1 
180.189 -25.4389 -180.019 0.293481 2.64133 -80 2 -25 10 48885 1 
180.179 -25.4389 -180.019 0.293481 2.64133 -80 2 -25 10 48886 1 
180.169 -25.4389 -180.019 0.293481 2.64133 -80 2 -25 10 48887 1 
180.16 -25.4389 -180.019 0.293481 2.64133 -80 2 -25 10 48888 1 
180.15 -25.4389 -180.019 0.293481 2.64133 -80 2 -25 10 48889 1 
180.14 -25.4389 -180.019 0.293481 2.64133 -80 2 -25 10 48890 1 
180.13 -25.4389 -180.019 0.293481 2.64133 -80 2 -25 10 48891 1 
180.121 -25.4389 -180.019 0.293481 2.64133 -80 2 -25 10 48892 1 
180.111 -25.4389 -180.019 0.293481 2.64133 -80 2 -25 10 48893 1 
180.101 -25.4389 -180.019 0.293481 2.64133 -80 2 -25 10 48894 1 
180.091 -25.4389 -180.019 0.293481 2.64133 -80 2 -25 10 48895 1 
180.081 -25.4389 -180.019 0.293481 2.64133 -80 2 -25 10 48896 1 
180.072 -25.4389 -180.019 0.293481 2.64133 -80 2 -25 10 48897 1 
180.062 -25.4389 -180.019 0.293481 2.64133 -80 2 -25 10 48898 1 
180.052 -25.4389 -180.019 0.293481 2.64133 -80 2 -25 10 48899 1 
180.042 -25.4389 -180.019 0.293481 2.64133 -80 2 -25 10 48900 1 
180.033 -25.4389 -180.019 0.293481 2.64133 -80 2 -25 10 48901 1 
180.023 -25.4389 -180.019 0.293481 2.64133 -80 2 -25 10 48902 1 
180.013 -25.4389 -180.019 0.293481 2.64133 -80 2 -25 10 48903 1 
180.003 -25.4389 -180.019 0.293481 2.64133 -80 2 -25 10 48904 1 
179.993 -25.4389 -180.019 0.293481 2.64133 -80 2 -25 10 48905 1 
179.984 -25.4389 -180.019 0.293481 2.64133 -80 2 -25 10 48906 1 
179.974 -25.4389 -180.019 0.293481 2.64133 -80 2 -25 10 48907 1 
179.964 -25.4389 -180.019 0.293481 2.64133 -80 2 -25 10 48908 1 
179.954 -25.4389 -180.019 0.293481 2.64133 -80 2 -25 10 48909 1 
179.944 -25.4389 -180.019 0.293481 2.64133 -80 2 -25 10 48910 1 
179.935 -25.4388 -180.019 0.293481 2.64133 -80 2 -25 10 48911 1 
179.925 -25.4388 -180.019 0.293481 2.64133 -80 2 -25 10 48912 1 
179.915 -25.4388 -180.019 0.293481 2.64133 -80 2 -25 10 48913 1 
179.905 -25.4388 -180.019 0.293481 2.64133 -80 2 -25 10 48914 1 
179.896 -25.4388 -180.019 0.293481 2.64133 -80 2 -25 10 48915 1 
179.886 -25.4388 -180.019 0.293481 2.64133 -80 2 -25 10 48916 1 
179.876 -25.4388 -180.019 0.293481 2.64133 -80 2 -25 10 48917 1 
179.866 -25.4388 -180.019 0.293481 2.64133 -80 2 -25 10 48918 1 
179.856 -25.4388 -180.019 0.293481 2.64133 -80 2 -25 10 48919 1 
179.847 -25.4388 -180.019 0.293481 2.64133 -80 2 -25 10 48920 1 
179.837 -25.4388 -180.019 0.293481 2.64133 -80 2 -25 10 48921 1 
179.827 -25.4388 -180.019 0.293481 2.64133 -80 2 -25 10 48922 1 
179.817 -25.4388 -180.019 0.293481 2.64133 -80 2 -25 10 48923 1 
179.808 -25.4388 -180.019 0.293481 2.64133 -80 2 -25 10 48924 1 
179.798 -25.4388 -180.019 0.293481 2.64133 -80 2 -25 10 48925 1 
179.788 -25.4388 -180.019 0.293481 2.64133 -80 2 -25 10 48926 1 
179.778 -25.4388 -180.019 0.293481 2.64133 -80 2 -25 10 48927 1 
179.768 -25.4388 -180.019 0.293481 2.64133 -80 2 -25 10 48928 1 
179.759 -25.4388 -180.019 0.293481 2.64133 -80 2 -25 10 48929 1 
179.749 -25.4388 -180.019 0.293481 2.64133 -80 2 -25 10 48930 1 
179.739 -25.4388 -180.019 0.293481 2.64133 -80 2 -25 10 48931 1 
179.729 -25.4388 -180.019 0.293481 2.64133 -80 2 -25 10 48932 1 
179.72 -25.4388 -180.019 0.293481 2.64133 -80 2 -25 10 48933 1 
179.71 -25.4388 -180.019 0.293481 2.64133 -80 2 -25 10 48934 1 
179.7 -25.4388 -180.019 0.293481 2.64133 -80 2 -25 10 48935 1 
179.69 -25.4388 -180.019 0.293481 2.64133 -80 2 -25 10 48936 1 
179.68 -25.4387 -180.019 0.293481 2.64133 -80 2 -25 10 48937 1 
179.671 -25.4387 -180.019 0.293481 2.64133 -80 2 -25 10 48938 1 
179.661 -25.4387 -180.019 0.293481 2.64133 -80 2 -25 10 48939 1 
179.651 -25.4387 -180.019 0.293481 2.64133 -80 2 -25 10 48940 1 
179.641 -25.4387 -180.019 0.293481 2.64133 -80 2 -25 10 48941 1 
179.631 -25.4387 -180.019 0.293481 2.64133 -80 2 -25 10 48942 1 
179.622 -25.4387 -180.019 0.293481 2.64133 -80 2 -25 10 48943 1 
179.612 -25.4387 -180.019 0.293481 2.64133 -80 2 -25 10 48944 1 
179.602 -25.4387 -180.019 0.293481 2.64133 -80 2 -25 10 48945 1 
179.592 -25.4387 -180.019 0.293481 2.64133 -80 2 -25 10 48946 1 
179.583 -25.4387 -180.019 0.293481 2.64133 -80 2 -25 10 48947 1 
179.573 -25.4387 -180.019 0.293481 2.64133 -80 2 -25 10 48948 1 
179.563 -25.4387 -180.019 0.293481 2.64133 -80 2 -25 10 48949 1 
179.553 -25.4387 -180.019 0.293481 2.64133 -80 2 -25 10 48950 1 
179.543 -25.4387 -180.019 0.293481 2.64133 -80 2 -25 10 48951 1 
179.534 -25.4387 -180.019 0.293481 2.64133 -80 2 -25 10 48952 1 
179.524 -25.4387 -180.019 0.293481 2.64133 -80 2 -25 10 48953 1 
179.514 -25.4387 -180.019 0.293481 2.64133 -80 2 -25 10 48954 1 
179.504 -25.4387 -180.019 0.293481 2.64133 -80 2 -25 10 48955 1 
179.495 -25.4387 -180.019 0.293481 2.64133 -80 2 -25 10 48956 1 
179.485 -25.4387 -180.019 0.293481 2.64133 -80 2 -25 10 48957 1 
179.475 -25.4387 -180.019 0.293481 2.64133 -80 2 -25 10 48958 1 
179.465 -25.4387 -180.019 0.293481 2.64133 -80 2 -25 10 48959 1 
179.455 -25.4387 -180.019 0.293481 2.64133 -80 2 -25 10 48960 1 
179.446 -25.4387 -180.019 0.293481 2.64133 -80 2 -25 10 48961 1 
179.436 -25.4387 -180.019 0.293481 2.64133 -80 2 -25 10 48962 1 
179.426 -25.4387 -180.019 0.293481 2.64133 -80 2 -25 10 48963 1 
179.416 -25.4386 -180.019 0.293481 2.64133 -80 2 -25 10 48964 1 
179.407 -25.4386 -180.019 0.293481 2.64133 -80 2 -25 10 48965 1 
179.397 -25.4386 -180.019 0.293481 2.64133 -80 2 -25 10 48966 1 
179.387 -25.4386 -180.019 0.293481 2.64133 -80 2 -25 10 48967 1 
179.377 -25.4386 -180.019 0.293481 2.64133 -80 2 -25 10 48968 1 
179.367 -25.4386 -180.019 0.293481 2.64133 -80 2 -25 10 48969 1 
179.358 -25.4386 -180.019 0.293481 2.64133 -80 2 -25 10 48970 1 
179.348 -25.4386 -180.019 0.293481 2.64133 -80 2 -25 10 48971 1 
179.338 -25.4386 -180.019 0.293481 2.64133 -80 2 -25 10 48972 1 
179.328 -25.4386 -180.019 0.293481 2.64133 -80 2 -25 10 48973 1 
179.318 -25.4386 -180.019 0.293481 2.64133 -80 2 -25 10 48974 1 
179.309 -25.4386 -180.019 0.293481 2.64133 -80 2 -25 10 48975 1 
179.299 -25.4386 -180.019 0.293481 2.64133 -80 2 -25 10 48976 1 
179.289 -25.4386 -180.019 0.293481 2.64133 -80 2 -25 10 48977 1 
179.279 -25.4386 -180.019 0.293481 2.64133 -80 2 -25 10 48978 1 
179.27 -25.4386 -180.019 0.293481 2.64133 -80 2 -25 10 48979 1 
179.26 -25.4386 -180.019 0.293481 2.64133 -80 2 -25 10 48980 1 
179.25 -25.4386 -180.019 0.293481 2.64133 -80 2 -25 10 48981 1 
179.24 -25.4386 -180.019 0.293481 2.64133 -80 2 -25 10 48982 1 
179.23 -25.4386 -180.019 0.293481 2.64133 -80 2 -25 10 48983 1 
179.221 -25.4386 -180.019 0.293481 2.64133 -80 2 -25 10 48984 1 
179.211 -25.4386 -180.019 0.293481 2.64133 -80 2 -25 10 48985 1 
179.201 -25.4386 -180.019 0.293481 2.64133 -80 2 -25 10 48986 1 
179.191 -25.4386 -180.019 0.293481 2.64133 -80 2 -25 10 48987 1 
179.182 -25.4386 -180.019 0.293481 2.64133 -80 2 -25 10 48988 1 
179.172 -25.4386 -180.019 0.293481 2.64133 -80 2 -25 10 48989 1 
179.162 -25.4385 -180.019 0.293481 2.64133 -80 2 -25 10 48990 1 
179.152 -25.4385 -180.019 0.293481 2.64133 -80 2 -25 10 48991 1 
179.142 -25.4385 -180.019 0.293481 2.64133 -80 2 -25 10 48992 1 
179.133 -25.4385 -180.019 0.293481 2.64133 -80 2 -25 10 48993 1 
179.123 -25.4385 -180.019 0.293481 2.64133 -80 2 -25 10 48994 1 
179.113 -25.4385 -180.019 0.293481 2.64133 -80 2 -25 10 48995 1 
179.103 -25.4385 -180.019 0.293481 2.64133 -80 2 -25 10 48996 1 
179.094 -25.4385 -180.019 0.293481 2.64133 -80 2 -25 10 48997 1 
179.084 -25.4385 -180.019 0.293481 2.64133 -80 2 -25 10 48998 1 
179.074 -25.4385 -180.019 0.293481 2.64133 -80 2 -25 10 48999 1 
179.064 -25.4385 -180.019 0.293481 2.64133 -80 2 -25 10 49000 1 
179.054 -25.4385 -180.019 0.293481 2.64133 -80 2 -25 10 49001 1 
179.045 -25.4385 -180.019 0.293481 2.64133 -80 2 -25 10 49002 1 
179.035 -25.4385 -180.019 0.293481 2.64133 -80 2 -25 10 49003 1 
179.025 -25.4385 -180.019 0.293481 2.64133 -80 2 -25 10 49004 1 
179.015 -25.4385 -180.019 0.293481 2.64133 -80 2 -25 10 49005 1 
179.006 -25.4385 -180.019 0.293481 2.64133 -80 2 -25 10 49006 1 
178.996 -25.4385 -180.019 0.293481 2.64133 -80 2 -25 10 49007 1 
178.986 -25.4385 -180.019 0.293481 2.64133 -80 2 -25 10 49008 1 
178.976 -25.4385 -180.019 0.293481 2.64133 -80 2 -25 10 49009 1 
178.966 -25.4385 -180.019 0.293481 2.64133 -80 2 -25 10 49010 1 
178.957 -25.4385 -180.019 0.293481 2.64133 -80 2 -25 10 49011 1 
178.947 -25.4385 -180.019 0.293481 2.64133 -80 2 -25 10 49012 1 
178.937 -25.4385 -180.019 0.293481 2.64133 -80 2 -25 10 49013 1 
178.927 -25.4385 -180.019 0.293481 2.64133 -80 2 -25 10 49014 1 
178.917 -25.4385 -180.019 0.293481 2.64133 -80 2 -25 10 49015 1 
178.908 -25.4384 -180.019 0.293481 2.64133 -80 2 -25 10 49016 1 
178.898 -25.4384 -180.019 0.293481 2.64133 -80 2 -25 10 49017 1 
178.888 -25.4384 -180.019 0.293481 2.64133 -80 2 -25 10 49018 1 
178.878 -25.4384 -180.019 0.293481 2.64133 -80 2 -25 10 49019 1 
178.869 -25.4384 -180.019 0.293481 2.64133 -80 2 -25 10 49020 1 
178.859 -25.4384 -180.019 0.293481 2.64133 -80 2 -25 10 49021 1 
178.849 -25.4384 -180.019 0.293481 2.64133 -80 2 -25 10 49022 1 
178.839 -25.4384 -180.019 0.293481 2.64133 -80 2 -25 10 49023 1 
178.829 -25.4384 -180.019 0.293481 2.64133 -80 2 -25 10 49024 1 
178.82 -25.4384 -180.019 0.293481 2.64133 -80 2 -25 10 49025 1 
178.81 -25.4384 -180.019 0.293481 2.64133 -80 2 -25 10 49026 1 
178.8 -25.4384 -180.019 0.293481 2.64133 -80 2 -25 10 49027 1 
178.79 -25.4384 -180.019 0.293481 2.64133 -80 2 -25 10 49028 1 
178.781 -25.4384 -180.019 0.293481 2.64133 -80 2 -25 10 49029 1 
178.771 -25.4384 -180.019 0.293481 2.64133 -80 2 -25 10 49030 1 
178.761 -25.4384 -180.019 0.293481 2.64133 -80 2 -25 10 49031 1 
178.751 -25.4384 -180.019 0.293481 2.64133 -80 2 -25 10 49032 1 
178.741 -25.4384 -180.019 0.293481 2.64133 -80 2 -25 10 49033 1 
178.732 -25.4384 -180.019 0.293481 2.64133 -80 2 -25 10 49034 1 
178.722 -25.4384 -180.019 0.293481 2.64133 -80 2 -25 10 49035 1 
178.712 -25.4384 -180.019 0.293481 2.64133 -80 2 -25 10 49036 1 
178.702 -25.4384 -180.019 0.293481 2.64133 -80 2 -25 10 49037 1 
178.693 -25.4384 -180.019 0.293481 2.64133 -80 2 -25 10 49038 1 
178.683 -25.4384 -180.019 0.293481 2.64133 -80 2 -25 10 49039 1 
178.673 -25.4384 -180.019 0.293481 2.64133 -80 2 -25 10 49040 1 
178.663 -25.4384 -180.019 0.293481 2.64133 -80 2 -25 10 49041 1 
178.653 -25.4383 -180.019 0.293481 2.64133 -80 2 -25 10 49042 1 
178.644 -25.4383 -180.019 0.293481 2.64133 -80 2 -25 10 49043 1 
178.634 -25.4383 -180.019 0.293481 2.64133 -80 2 -25 10 49044 1 
178.624 -25.4383 -180.019 0.293481 2.64133 -80 2 -25 10 49045 1 
178.614 -25.4383 -180.019 0.293481 2.64133 -80 2 -25 10 49046 1 
178.604 -25.4383 -180.019 0.293481 2.64133 -80 2 -25 10 49047 1 
178.595 -25.4383 -180.019 0.293481 2.64133 -80 2 -25 10 49048 1 
178.585 -25.4383 -180.019 0.293481 2.64133 -80 2 -25 10 49049 1 
178.575 -25.4383 -180.019 0.293481 2.64133 -80 2 -25 10 49050 1 
178.565 -25.4383 -180.019 0.293481 2.64133 -80 2 -25 10 49051 1 
178.556 -25.4383 -180.019 0.293481 2.64133 -80 2 -25 10 49052 1 
178.546 -25.4383 -180.019 0.293481 2.64133 -80 2 -25 10 49053 1 
178.536 -25.4383 -180.019 0.293481 2.64133 -80 2 -25 10 49054 1 
178.526 -25.4383 -180.019 0.293481 2.64133 -80 2 -25 10 49055 1 
178.516 -25.4383 -180.019 0.293481 2.64133 -80 2 -25 10 49056 1 
178.507 -25.4383 -180.019 0.293481 2.64133 -80 2 -25 10 49057 1 
178.497 -25.4383 -180.019 0.293481 2.64133 -80 2 -25 10 49058 1 
178.487 -25.4383 -180.019 0.293481 2.64133 -80 2 -25 10 49059 1 
178.477 -25.4383 -180.019 0.293481 2.64133 -80 2 -25 10 49060 1 
178.468 -25.4383 -180.019 0.293481 2.64133 -80 2 -25 10 49061 1 
178.458 -25.4383 -180.019 0.293481 2.64133 -80 2 -25 10 49062 1 
178.448 -25.4383 -180.019 0.293481 2.64133 -80 2 -25 10 49063 1 
178.438 -25.4383 -180.019 0.293481 2.64133 -80 2 -25 10 49064 1 
178.428 -25.4383 -180.019 0.293481 2.64133 -80 2 -25 10 49065 1 
178.419 -25.4383 -180.019 0.293481 2.64133 -80 2 -25 10 49066 1 
178.409 -25.4383 -180.019 0.293481 2.64133 -80 2 -25 10 49067 1 
178.399 -25.4382 -180.019 0.293481 2.64133 -80 2 -25 10 49068 1 
178.389 -25.4382 -180.019 0.293481 2.64133 -80 2 -25 10 49069 1 
178.38 -25.4382 -180.019 0.293481 2.64133 -80 2 -25 10 49070 1 
178.37 -25.4382 -180.019 0.293481 2.64133 -80 2 -25 10 49071 1 
178.36 -25.4382 -180.019 0.293481 2.64133 -80 2 -25 10 49072 1 
178.35 -25.4382 -180.019 0.293481 2.64133 -80 2 -25 10 49073 1 
178.34 -25.4382 -180.019 0.293481 2.64133 -80 2 -25 10 49074 1 
178.331 -25.4382 -180.019 0.293481 2.64133 -80 2 -25 10 49075 1 
178.321 -25.4382 -180.019 0.293481 2.64133 -80 2 -25 10 49076 1 
178.311 -25.4382 -180.019 0.293481 2.64133 -80 2 -25 10 49077 1 
178.301 -25.4382 -180.019 0.293481 2.64133 -80 2 -25 10 49078 1 
178.292 -25.4382 -180.019 0.293481 2.64133 -80 2 -25 10 49079 1 
178.282 -25.4382 -180.019 0.293481 2.64133 -80 2 -25 10 49080 1 
178.272 -25.4382 -180.019 0.293481 2.64133 -80 2 -25 10 49081 1 
178.262 -25.4382 -180.019 0.293481 2.64133 -80 2 -25 10 49082 1 
178.252 -25.4382 -180.019 0.293481 2.64133 -80 2 -25 10 49083 1 
178.243 -25.4382 -180.019 0.293481 2.64133 -80 2 -25 10 49084 1 
178.233 -25.4382 -180.019 0.293481 2.64133 -80 2 -25 10 49085 1 
178.223 -25.4382 -180.019 0.293481 2.64133 -80 2 -25 10 49086 1 
178.213 -25.4382 -180.019 0.293481 2.64133 -80 2 -25 10 49087 1 
178.203 -25.4382 -180.019 0.293481 2.64133 -80 2 -25 10 49088 1 
178.194 -25.4382 -180.019 0.293481 2.64133 -80 2 -25 10 49089 1 
178.184 -25.4382 -180.019 0.293481 2.64133 -80 2 -25 10 49090 1 
178.174 -25.4382 -180.019 0.293481 2.64133 -80 2 -25 10 49091 1 
178.164 -25.4382 -180.019 0.293481 2.64133 -80 2 -25 10 49092 1 
178.155 -25.4382 -180.019 0.293481 2.64133 -80 2 -25 10 49093 1 
178.145 -25.4382 -180.019 0.293481 2.64133 -80 2 -25 10 49094 1 
178.135 -25.4381 -180.019 0.293481 2.64133 -80 2 -25 10 49095 1 
178.125 -25.4381 -180.019 0.293481 2.64133 -80 2 -25 10 49096 1 
178.115 -25.4381 -180.019 0.293481 2.64133 -80 2 -25 10 49097 1 
178.106 -25.4381 -180.019 0.293481 2.64133 -80 2 -25 10 49098 1 
178.096 -25.4381 -180.019 0.293481 2.64133 -80 2 -25 10 49099 1 
178.086 -25.4381 -180.019 0.293481 2.64133 -80 2 -25 10 49100 1 
178.076 -25.4381 -180.019 0.293481 2.64133 -80 2 -25 10 49101 1 
178.067 -25.4381 -180.019 0.293481 2.64133 -80 2 -25 10 49102 1 
178.057 -25.4381 -180.019 0.293481 2.64133 -80 2 -25 10 49103 1 
178.047 -25.4381 -180.019 0.293481 2.64133 -80 2 -25 10 49104 1 
178.037 -25.4381 -180.019 0.293481 2.64133 -80 2 -25 10 49105 1 
178.027 -25.4381 -180.019 0.293481 2.64133 -80 2 -25 10 49106 1 
178.018 -25.4381 -180.019 0.293481 2.64133 -80 2 -25 10 49107 1 
178.008 -25.4381 -180.019 0.293481 2.64133 -80 2 -25 10 49108 1 
177.998 -25.4381 -180.019 0.293481 2.64133 -80 2 -25 10 49109 1 
177.988 -25.4381 -180.019 0.293481 2.64133 -80 2 -25 10 49110 1 
177.979 -25.4381 -180.019 0.293481 2.64133 -80 2 -25 10 49111 1 
177.969 -25.4381 -180.019 0.293481 2.64133 -80 2 -25 10 49112 1 
177.959 -25.4381 -180.019 0.293481 2.64133 -80 2 -25 10 49113 1 
177.949 -25.4381 -180.019 0.293481 2.64133 -80 2 -25 10 49114 1 
177.939 -25.4381 -180.019 0.293481 2.64133 -80 2 -25 10 49115 1 
177.93 -25.4381 -180.019 0.293481 2.64133 -80 2 -25 10 49116 1 
177.92 -25.4381 -180.019 0.293481 2.64133 -80 2 -25 10 49117 1 
177.91 -25.4381 -180.019 0.293481 2.64133 -80 2 -25 10 49118 1 
177.9 -25.4381 -180.019 0.293481 2.64133 -80 2 -25 10 49119 1 
177.89 -25.4381 -180.019 0.293481 2.64133 -80 2 -25 10 49120 1 
177.881 -25.438 -180.019 0.293481 2.64133 -80 2 -25 10 49121 1 
177.871 -25.438 -180.019 0.293481 2.64133 -80 2 -25 10 49122 1 
177.861 -25.438 -180.019 0.293481 2.64133 -80 2 -25 10 49123 1 
177.851 -25.438 -180.019 0.293481 2.64133 -80 2 -25 10 49124 1 
177.842 -25.438 -180.019 0.293481 2.64133 -80 2 -25 10 49125 1 
177.832 -25.438 -180.019 0.293481 2.64133 -80 2 -25 10 49126 1 
177.822 -25.438 -180.019 0.293481 2.64133 -80 2 -25 10 49127 1 
177.812 -25.438 -180.019 0.293481 2.64133 -80 2 -25 10 49128 1 
177.802 -25.438 -180.019 0.293481 2.64133 -80 2 -25 10 49129 1 
177.793 -25.438 -180.019 0.293481 2.64133 -80 2 -25 10 49130 1 
177.783 -25.438 -180.019 0.293481 2.64133 -80 2 -25 10 49131 1 
177.773 -25.438 -180.019 0.293481 2.64133 -80 2 -25 10 49132 1 
177.763 -25.438 -180.019 0.293481 2.64133 -80 2 -25 10 49133 1 
177.754 -25.438 -180.019 0.293481 2.64133 -80 2 -25 10 49134 1 
177.744 -25.438 -180.019 0.293481 2.64133 -80 2 -25 10 49135 1 
177.734 -25.438 -180.019 0.293481 2.64133 -80 2 -25 10 49136 1 
177.724 -25.438 -180.019 0.293481 2.64133 -80 2 -25 10 49137 1 
177.714 -25.438 -180.019 0.293481 2.64133 -80 2 -25 10 49138 1 
177.705 -25.438 -180.019 0.293481 2.64133 -80 2 -25 10 49139 1 
177.695 -25.438 -180.019 0.293481 2.64133 -80 2 -25 10 49140 1 
177.685 -25.438 -180.019 0.293481 2.64133 -80 2 -25 10 49141 1 
177.675 -25.438 -180.019 0.293481 2.64133 -80 2 -25 10 49142 1 
177.666 -25.438 -180.019 0.293481 2.64133 -80 2 -25 10 49143 1 
177.656 -25.438 -180.019 0.293481 2.64133 -80 2 -25 10 49144 1 
177.646 -25.438 -180.019 0.293481 2.64133 -80 2 -25 10 49145 1 
177.636 -25.438 -180.019 0.293481 2.64133 -80 2 -25 10 49146 1 
177.626 -25.4379 -180.019 0.293481 2.64133 -80 2 -25 10 49147 1 
177.617 -25.4379 -180.019 0.293481 2.64133 -80 2 -25 10 49148 1 
177.607 -25.4379 -180.019 0.293481 2.64133 -80 2 -25 10 49149 1 
177.597 -25.4379 -180.019 0.293481 2.64133 -80 2 -25 10 49150 1 
177.587 -25.4379 -180.019 0.293481 2.64133 -80 2 -25 10 49151 1 
177.577 -25.4379 -180.019 0.293481 2.64133 -80 2 -25 10 49152 1 
177.568 -25.4379 -180.019 0.293481 2.64133 -80 2 -25 10 49153 1 
177.558 -25.4379 -180.019 0.293481 2.64133 -80 2 -25 10 49154 1 
177.548 -25.4379 -180.019 0.293481 2.64133 -80 2 -25 10 49155 1 
177.538 -25.4379 -180.019 0.293481 2.64133 -80 2 -25 10 49156 1 
177.529 -25.4379 -180.019 0.293481 2.64133 -80 2 -25 10 49157 1 
177.519 -25.4379 -180.019 0.293481 2.64133 -80 2 -25 10 49158 1 
177.509 -25.4379 -180.019 0.293481 2.64133 -80 2 -25 10 49159 1 
177.499 -25.4379 -180.019 0.293481 2.64133 -80 2 -25 10 49160 1 
177.489 -25.4379 -180.019 0.293481 2.64133 -80 2 -25 10 49161 1 
177.48 -25.4379 -180.019 0.293481 2.64133 -80 2 -25 10 49162 1 
177.47 -25.4379 -180.019 0.293481 2.64133 -80 2 -25 10 49163 1 
177.46 -25.4379 -180.019 0.293481 2.64133 -80 2 -25 10 49164 1 
177.45 -25.4379 -180.019 0.293481 2.64133 -80 2 -25 10 49165 1 
177.441 -25.4379 -180.019 0.293481 2.64133 -80 2 -25 10 49166 1 
177.431 -25.4379 -180.019 0.293481 2.64133 -80 2 -25 10 49167 1 
177.421 -25.4379 -180.019 0.293481 2.64133 -80 2 -25 10 49168 1 
177.411 -25.4379 -180.019 0.293481 2.64133 -80 2 -25 10 49169 1 
177.401 -25.4379 -180.019 0.293481 2.64133 -80 2 -25 10 49170 1 
177.392 -25.4379 -180.019 0.293481 2.64133 -80 2 -25 10 49171 1 
177.382 -25.4379 -180.019 0.293481 2.64133 -80 2 -25 10 49172 1 
177.372 -25.4378 -180.019 0.293481 2.64133 -80 2 -25 10 49173 1 
177.362 -25.4378 -180.019 0.293481 2.64133 -80 2 -25 10 49174 1 
177.353 -25.4378 -180.019 0.293481 2.64133 -80 2 -25 10 49175 1 
177.343 -25.4378 -180.019 0.293481 2.64133 -80 2 -25 10 49176 1 
177.333 -25.4378 -180.019 0.293481 2.64133 -80 2 -25 10 49177 1 
177.323 -25.4378 -180.019 0.293481 2.64133 -80 2 -25 10 49178 1 
177.313 -25.4378 -180.019 0.293481 2.64133 -80 2 -25 10 49179 1 
177.304 -25.4378 -180.019 0.293481 2.64133 -80 2 -25 10 49180 1 
177.294 -25.4378 -180.019 0.293481 2.64133 -80 2 -25 10 49181 1 
177.284 -25.4378 -180.019 0.293481 2.64133 -80 2 -25 10 49182 1 
177.274 -25.4378 -180.019 0.293481 2.64133 -80 2 -25 10 49183 1 
177.265 -25.4378 -180.019 0.293481 2.64133 -80 2 -25 10 49184 1 
177.255 -25.4378 -180.019 0.293481 2.64133 -80 2 -25 10 49185 1 
177.245 -25.4378 -180.019 0.293481 2.64133 -80 2 -25 10 49186 1 
177.235 -25.4378 -180.019 0.293481 2.64133 -80 2 -25 10 49187 1 
177.225 -25.4378 -180.019 0.293481 2.64133 -80 2 -25 10 49188 1 
177.216 -25.4378 -180.019 0.293481 2.64133 -80 2 -25 10 49189 1 
177.206 -25.4378 -180.019 0.293481 2.64133 -80 2 -25 10 49190 1 
177.196 -25.4378 -180.019 0.293481 2.64133 -80 2 -25 10 49191 1 
177.186 -25.4378 -180.019 0.293481 2.64133 -80 2 -25 10 49192 1 
177.176 -25.4378 -180.019 0.293481 2.64133 -80 2 -25 10 49193 1 
177.167 -25.4378 -180.019 0.293481 2.64133 -80 2 -25 10 49194 1 
177.157 -25.4378 -180.019 0.293481 2.64133 -80 2 -25 10 49195 1 
177.147 -25.4378 -180.019 0.293481 2.64133 -80 2 -25 10 49196 1 
177.137 -25.4378 -180.019 0.293481 2.64133 -80 2 -25 10 49197 1 
177.128 -25.4378 -180.019 0.293481 2.64133 -80 2 -25 10 49198 1 
177.118 -25.4377 -180.019 0.293481 2.64133 -80 2 -25 10 49199 1 
177.108 -25.4377 -180.019 0.293481 2.64133 -80 2 -25 10 49200 1 
177.098 -25.4377 -180.019 0.293481 2.64133 -80 2 -25 10 49201 1 
177.088 -25.4377 -180.019 0.293481 2.64133 -80 2 -25 10 49202 1 
177.079 -25.4377 -180.019 0.293481 2.64133 -80 2 -25 10 49203 1 
177.069 -25.4377 -180.019 0.293481 2.64133 -80 2 -25 10 49204 1 
177.059 -25.4377 -180.019 0.293481 2.64133 -80 2 -25 10 49205 1 
177.049 -25.4377 -180.019 0.293481 2.64133 -80 2 -25 10 49206 1 
177.04 -25.4377 -180.019 0.293481 2.64133 -80 2 -25 10 49207 1 
177.03 -25.4377 -180.019 0.293481 2.64133 -80 2 -25 10 49208 1 
177.02 -25.4377 -180.019 0.293481 2.64133 -80 2 -25 10 49209 1 
177.01 -25.4377 -180.019 0.293481 2.64133 -80 2 -25 10 49210 1 
177 -25.4377 -180.019 0.293481 2.64133 -80 2 -25 10 49211 1 
176.991 -25.4377 -180.019 0.293481 2.64133 -80 2 -25 10 49212 1 
176.981 -25.4377 -180.019 0.293481 2.64133 -80 2 -25 10 49213 1 
176.971 -25.4377 -180.019 0.293481 2.64133 -80 2 -25 10 49214 1 
176.961 -25.4377 -180.019 0.293481 2.64133 -80 2 -25 10 49215 1 
176.952 -25.4377 -180.019 0.293481 2.64133 -80 2 -25 10 49216 1 
176.942 -25.4377 -180.019 0.293481 2.64133 -80 2 -25 10 49217 1 
176.932 -25.4377 -180.019 0.293481 2.64133 -80 2 -25 10 49218 1 
176.922 -25.4377 -180.019 0.293481 2.64133 -80 2 -25 10 49219 1 
176.912 -25.4377 -180.019 0.293481 2.64133 -80 2 -25 10 49220 1 
176.903 -25.4377 -180.019 0.293481 2.64133 -80 2 -25 10 49221 1 
176.893 -25.4377 -180.019 0.293481 2.64133 -80 2 -25 10 49222 1 
176.883 -25.4377 -180.019 0.293481 2.64133 -80 2 -25 10 49223 1 
176.873 -25.4377 -180.019 0.293481 2.64133 -80 2 -25 10 49224 1 
176.863 -25.4377 -180.019 0.293481 2.64133 -80 2 -25 10 49225 1 
176.854 -25.4376 -180.019 0.293481 2.64133 -80 2 -25 10 49226 1 
176.844 -25.4376 -180.019 0.293481 2.64133 -80 2 -25 10 49227 1 
176.834 -25.4376 -180.019 0.293481 2.64133 -80 2 -25 10 49228 1 
176.824 -25.4376 -180.019 0.293481 2.64133 -80 2 -25 10 49229 1 
176.815 -25.4376 -180.019 0.293481 2.64133 -80 2 -25 10 49230 1 
176.805 -25.4376 -180.019 0.293481 2.64133 -80 2 -25 10 49231 1 
176.795 -25.4376 -180.019 0.293481 2.64133 -80 2 -25 10 49232 1 
176.785 -25.4376 -180.019 0.293481 2.64133 -80 2 -25 10 49233 1 
176.775 -25.4376 -180.019 0.293481 2.64133 -80 2 -25 10 49234 1 
176.766 -25.4376 -180.019 0.293481 2.64133 -80 2 -25 10 49235 1 
176.756 -25.4376 -180.019 0.293481 2.64133 -80 2 -25 10 49236 1 
176.746 -25.4376 -180.019 0.293481 2.64133 -80 2 -25 10 49237 1 
176.736 -25.4376 -180.019 0.293481 2.64133 -80 2 -25 10 49238 1 
176.727 -25.4376 -180.019 0.293481 2.64133 -80 2 -25 10 49239 1 
176.717 -25.4376 -180.019 0.293481 2.64133 -80 2 -25 10 49240 1 
176.707 -25.4376 -180.019 0.293481 2.64133 -80 2 -25 10 49241 1 
176.697 -25.4376 -180.019 0.293481 2.64133 -80 2 -25 10 49242 1 
176.687 -25.4376 -180.019 0.293481 2.64133 -80 2 -25 10 49243 1 
176.678 -25.4376 -180.019 0.293481 2.64133 -80 2 -25 10 49244 1 
176.668 -25.4376 -180.019 0.293481 2.64133 -80 2 -25 10 49245 1 
176.658 -25.4376 -180.019 0.293481 2.64133 -80 2 -25 10 49246 1 
176.648 -25.4376 -180.019 0.293481 2.64133 -80 2 -25 10 49247 1 
176.639 -25.4376 -180.019 0.293481 2.64133 -80 2 -25 10 49248 1 
176.629 -25.4376 -180.019 0.293481 2.64133 -80 2 -25 10 49249 1 
176.619 -25.4376 -180.019 0.293481 2.64133 -80 2 -25 10 49250 1 
176.609 -25.4376 -180.019 0.293481 2.64133 -80 2 -25 10 49251 1 
176.599 -25.4375 -180.019 0.293481 2.64133 -80 2 -25 10 49252 1 
176.59 -25.4375 -180.019 0.293481 2.64133 -80 2 -25 10 49253 1 
176.58 -25.4375 -180.019 0.293481 2.64133 -80 2 -25 10 49254 1 
176.57 -25.4375 -180.019 0.293481 2.64133 -80 2 -25 10 49255 1 
176.56 -25.4375 -180.019 0.293481 2.64133 -80 2 -25 10 49256 1 
176.551 -25.4375 -180.019 0.293481 2.64133 -80 2 -25 10 49257 1 
176.541 -25.4375 -180.019 0.293481 2.64133 -80 2 -25 10 49258 1 
176.531 -25.4375 -180.019 0.293481 2.64133 -80 2 -25 10 49259 1 
176.521 -25.4375 -180.019 0.293481 2.64133 -80 2 -25 10 49260 1 
176.511 -25.4375 -180.019 0.293481 2.64133 -80 2 -25 10 49261 1 
176.502 -25.4375 -180.019 0.293481 2.64133 -80 2 -25 10 49262 1 
176.492 -25.4375 -180.019 0.293481 2.64133 -80 2 -25 10 49263 1 
176.482 -25.4375 -180.019 0.293481 2.64133 -80 2 -25 10 49264 1 
176.472 -25.4375 -180.019 0.293481 2.64133 -80 2 -25 10 49265 1 
176.462 -25.4375 -180.019 0.293481 2.64133 -80 2 -25 10 49266 1 
176.453 -25.4375 -180.019 0.293481 2.64133 -80 2 -25 10 49267 1 
176.443 -25.4375 -180.019 0.293481 2.64133 -80 2 -25 10 49268 1 
176.433 -25.4375 -180.019 0.293481 2.64133 -80 2 -25 10 49269 1 
176.423 -25.4375 -180.019 0.293481 2.64133 -80 2 -25 10 49270 1 
176.414 -25.4375 -180.019 0.293481 2.64133 -80 2 -25 10 49271 1 
176.404 -25.4375 -180.019 0.293481 2.64133 -80 2 -25 10 49272 1 
176.394 -25.4375 -180.019 0.293481 2.64133 -80 2 -25 10 49273 1 
176.384 -25.4375 -180.019 0.293481 2.64133 -80 2 -25 10 49274 1 
176.374 -25.4375 -180.019 0.293481 2.64133 -80 2 -25 10 49275 1 
176.365 -25.4375 -180.019 0.293481 2.64133 -80 2 -25 10 49276 1 
176.355 -25.4375 -180.019 0.293481 2.64133 -80 2 -25 10 49277 1 
176.345 -25.4374 -180.019 0.293481 2.64133 -80 2 -25 10 49278 1 
176.335 -25.4374 -180.019 0.293481 2.64133 -80 2 -25 10 49279 1 
176.326 -25.4374 -180.019 0.293481 2.64133 -80 2 -25 10 49280 1 
176.316 -25.4374 -180.019 0.293481 2.64133 -80 2 -25 10 49281 1 
176.306 -25.4374 -180.019 0.293481 2.64133 -80 2 -25 10 49282 1 
176.296 -25.4374 -180.019 0.293481 2.64133 -80 2 -25 10 49283 1 
176.286 -25.4374 -180.019 0.293481 2.64133 -80 2 -25 10 49284 1 
176.277 -25.4374 -180.019 0.293481 2.64133 -80 2 -25 10 49285 1 
176.267 -25.4374 -180.019 0.293481 2.64133 -80 2 -25 10 49286 1 
176.257 -25.4374 -180.019 0.293481 2.64133 -80 2 -25 10 49287 1 
176.247 -25.4374 -180.019 0.293481 2.64133 -80 2 -25 10 49288 1 
176.238 -25.4374 -180.019 0.293481 2.64133 -80 2 -25 10 49289 1 
176.228 -25.4374 -180.019 0.293481 2.64133 -80 2 -25 10 49290 1 
176.218 -25.4374 -180.019 0.293481 2.64133 -80 2 -25 10 49291 1 
176.208 -25.4374 -180.019 0.293481 2.64133 -80 2 -25 10 49292 1 
176.198 -25.4374 -180.019 0.293481 2.64133 -80 2 -25 10 49293 1 
176.189 -25.4374 -180.019 0.293481 2.64133 -80 2 -25 10 49294 1 
176.179 -25.4374 -180.019 0.293481 2.64133 -80 2 -25 10 49295 1 
176.169 -25.4374 -180.019 0.293481 2.64133 -80 2 -25 10 49296 1 
176.159 -25.4374 -180.019 0.293481 2.64133 -80 2 -25 10 49297 1 
176.149 -25.4374 -180.019 0.293481 2.64133 -80 2 -25 10 49298 1 
176.14 -25.4374 -180.019 0.293481 2.64133 -80 2 -25 10 49299 1 
176.13 -25.4374 -180.019 0.293481 2.64133 -80 2 -25 10 49300 1 
176.12 -25.4374 -180.019 0.293481 2.64133 -80 2 -25 10 49301 1 
176.11 -25.4374 -180.019 0.293481 2.64133 -80 2 -25 10 49302 1 
176.101 -25.4374 -180.019 0.293481 2.64133 -80 2 -25 10 49303 1 
176.091 -25.4373 -180.019 0.293481 2.64133 -80 2 -25 10 49304 1 
176.081 -25.4373 -180.019 0.293481 2.64133 -80 2 -25 10 49305 1 
176.071 -25.4373 -180.019 0.293481 2.64133 -80 2 -25 10 49306 1 
176.061 -25.4373 -180.019 0.293481 2.64133 -80 2 -25 10 49307 1 
176.052 -25.4373 -180.019 0.293481 2.64133 -80 2 -25 10 49308 1 
176.042 -25.4373 -180.019 0.293481 2.64133 -80 2 -25 10 49309 1 
176.032 -25.4373 -180.019 0.293481 2.64133 -80 2 -25 10 49310 1 
176.022 -25.4373 -180.019 0.293481 2.64133 -80 2 -25 10 49311 1 
176.013 -25.4373 -180.019 0.293481 2.64133 -80 2 -25 10 49312 1 
176.003 -25.4373 -180.019 0.293481 2.64133 -80 2 -25 10 49313 1 
175.993 -25.4373 -180.019 0.293481 2.64133 -80 2 -25 10 49314 1 
175.983 -25.4373 -180.019 0.293481 2.64133 -80 2 -25 10 49315 1 
175.973 -25.4373 -180.019 0.293481 2.64133 -80 2 -25 10 49316 1 
175.964 -25.4373 -180.019 0.293481 2.64133 -80 2 -25 10 49317 1 
175.954 -25.4373 -180.019 0.293481 2.64133 -80 2 -25 10 49318 1 
175.944 -25.4373 -180.019 0.293481 2.64133 -80 2 -25 10 49319 1 
175.934 -25.4373 -180.019 0.293481 2.64133 -80 2 -25 10 49320 1 
175.925 -25.4373 -180.019 0.293481 2.64133 -80 2 -25 10 49321 1 
175.915 -25.4373 -180.019 0.293481 2.64133 -80 2 -25 10 49322 1 
175.905 -25.4373 -180.019 0.293481 2.64133 -80 2 -25 10 49323 1 
175.895 -25.4373 -180.019 0.293481 2.64133 -80 2 -25 10 49324 1 
175.885 -25.4373 -180.019 0.293481 2.64133 -80 2 -25 10 49325 1 
175.876 -25.4373 -180.019 0.293481 2.64133 -80 2 -25 10 49326 1 
175.866 -25.4373 -180.019 0.293481 2.64133 -80 2 -25 10 49327 1 
175.856 -25.4373 -180.019 0.293481 2.64133 -80 2 -25 10 49328 1 
175.846 -25.4373 -180.019 0.293481 2.64133 -80 2 -25 10 49329 1 
175.837 -25.4373 -180.019 0.293481 2.64133 -80 2 -25 10 49330 1 
175.827 -25.4372 -180.019 0.293481 2.64133 -80 2 -25 10 49331 1 
175.817 -25.4372 -180.019 0.293481 2.64133 -80 2 -25 10 49332 1 
175.807 -25.4372 -180.019 0.293481 2.64133 -80 2 -25 10 49333 1 
175.797 -25.4372 -180.019 0.293481 2.64133 -80 2 -25 10 49334 1 
175.788 -25.4372 -180.019 0.293481 2.64133 -80 2 -25 10 49335 1 
175.778 -25.4372 -180.019 0.293481 2.64133 -80 2 -25 10 49336 1 
175.768 -25.4372 -180.019 0.293481 2.64133 -80 2 -25 10 49337 1 
175.758 -25.4372 -180.019 0.293481 2.64133 -80 2 -25 10 49338 1 
175.748 -25.4372 -180.019 0.293481 2.64133 -80 2 -25 10 49339 1 
175.739 -25.4372 -180.019 0.293481 2.64133 -80 2 -25 10 49340 1 
175.729 -25.4372 -180.019 0.293481 2.64133 -80 2 -25 10 49341 1 
175.719 -25.4372 -180.019 0.293481 2.64133 -80 2 -25 10 49342 1 
175.709 -25.4372 -180.019 0.293481 2.64133 -80 2 -25 10 49343 1 
175.7 -25.4372 -180.019 0.293481 2.64133 -80 2 -25 10 49344 1 
175.69 -25.4372 -180.019 0.293481 2.64133 -80 2 -25 10 49345 1 
175.68 -25.4372 -180.019 0.293481 2.64133 -80 2 -25 10 49346 1 
175.67 -25.4372 -180.019 0.293481 2.64133 -80 2 -25 10 49347 1 
175.66 -25.4372 -180.019 0.293481 2.64133 -80 2 -25 10 49348 1 
175.651 -25.4372 -180.019 0.293481 2.64133 -80 2 -25 10 49349 1 
175.641 -25.4372 -180.019 0.293481 2.64133 -80 2 -25 10 49350 1 
175.631 -25.4372 -180.019 0.293481 2.64133 -80 2 -25 10 49351 1 
175.621 -25.4372 -180.019 0.293481 2.64133 -80 2 -25 10 49352 1 
175.612 -25.4372 -180.019 0.293481 2.64133 -80 2 -25 10 49353 1 
175.602 -25.4372 -180.019 0.293481 2.64133 -80 2 -25 10 49354 1 
175.592 -25.4372 -180.019 0.293481 2.64133 -80 2 -25 10 49355 1 
175.582 -25.4372 -180.019 0.293481 2.64133 -80 2 -25 10 49356 1 
175.572 -25.4371 -180.019 0.293481 2.64133 -80 2 -25 10 49357 1 
175.563 -25.4371 -180.019 0.293481 2.64133 -80 2 -25 10 49358 1 
175.553 -25.4371 -180.019 0.293481 2.64133 -80 2 -25 10 49359 1 
175.543 -25.4371 -180.019 0.293481 2.64133 -80 2 -25 10 49360 1 
175.533 -25.4371 -180.019 0.293481 2.64133 -80 2 -25 10 49361 1 
175.524 -25.4371 -180.019 0.293481 2.64133 -80 2 -25 10 49362 1 
175.514 -25.4371 -180.019 0.293481 2.64133 -80 2 -25 10 49363 1 
175.504 -25.4371 -180.019 0.293481 2.64133 -80 2 -25 10 49364 1 
175.494 -25.4371 -180.019 0.293481 2.64133 -80 2 -25 10 49365 1 
175.484 -25.4371 -180.019 0.293481 2.64133 -80 2 -25 10 49366 1 
175.475 -25.4371 -180.019 0.293481 2.64133 -80 2 -25 10 49367 1 
175.465 -25.4371 -180.019 0.293481 2.64133 -80 2 -25 10 49368 1 
175.455 -25.4371 -180.019 0.293481 2.64133 -80 2 -25 10 49369 1 
175.445 -25.4371 -180.019 0.293481 2.64133 -80 2 -25 10 49370 1 
175.435 -25.4371 -180.019 0.293481 2.64133 -80 2 -25 10 49371 1 
175.426 -25.4371 -180.019 0.293481 2.64133 -80 2 -25 10 49372 1 
175.416 -25.4371 -180.019 0.293481 2.64133 -80 2 -25 10 49373 1 
175.406 -25.4371 -180.019 0.293481 2.64133 -80 2 -25 10 49374 1 
175.396 -25.4371 -180.019 0.293481 2.64133 -80 2 -25 10 49375 1 
175.387 -25.4371 -180.019 0.293481 2.64133 -80 2 -25 10 49376 1 
175.377 -25.4371 -180.019 0.293481 2.64133 -80 2 -25 10 49377 1 
175.367 -25.4371 -180.019 0.293481 2.64133 -80 2 -25 10 49378 1 
175.357 -25.4371 -180.019 0.293481 2.64133 -80 2 -25 10 49379 1 
175.347 -25.4371 -180.019 0.293481 2.64133 -80 2 -25 10 49380 1 
175.338 -25.4371 -180.019 0.293481 2.64133 -80 2 -25 10 49381 1 
175.328 -25.4371 -180.019 0.293481 2.64133 -80 2 -25 10 49382 1 
175.318 -25.437 -180.019 0.293481 2.64133 -80 2 -25 10 49383 1 
175.308 -25.437 -180.019 0.293481 2.64133 -80 2 -25 10 49384 1 
175.299 -25.437 -180.019 0.293481 2.64133 -80 2 -25 10 49385 1 
175.289 -25.437 -180.019 0.293481 2.64133 -80 2 -25 10 49386 1 
175.279 -25.437 -180.019 0.293481 2.64133 -80 2 -25 10 49387 1 
175.269 -25.437 -180.019 0.293481 2.64133 -80 2 -25 10 49388 1 
175.259 -25.437 -180.019 0.293481 2.64133 -80 2 -25 10 49389 1 
175.25 -25.437 -180.019 0.293481 2.64133 -80 2 -25 10 49390 1 
175.24 -25.437 -180.019 0.293481 2.64133 -80 2 -25 10 49391 1 
175.23 -25.437 -180.019 0.293481 2.64133 -80 2 -25 10 49392 1 
175.22 -25.437 -180.019 0.293481 2.64133 -80 2 -25 10 49393 1 
175.211 -25.437 -180.019 0.293481 2.64133 -80 2 -25 10 49394 1 
175.201 -25.437 -180.019 0.293481 2.64133 -80 2 -25 10 49395 1 
175.191 -25.437 -180.019 0.293481 2.64133 -80 2 -25 10 49396 1 
175.181 -25.437 -180.019 0.293481 2.64133 -80 2 -25 10 49397 1 
175.171 -25.437 -180.019 0.293481 2.64133 -80 2 -25 10 49398 1 
175.162 -25.437 -180.019 0.293481 2.64133 -80 2 -25 10 49399 1 
175.152 -25.437 -180.019 0.293481 2.64133 -80 2 -25 10 49400 1 
175.142 -25.437 -180.019 0.293481 2.64133 -80 2 -25 10 49401 1 
175.132 -25.437 -180.019 0.293481 2.64133 -80 2 -25 10 49402 1 
175.122 -25.437 -180.019 0.293481 2.64133 -80 2 -25 10 49403 1 
175.113 -25.437 -180.019 0.293481 2.64133 -80 2 -25 10 49404 1 
175.103 -25.437 -180.019 0.293481 2.64133 -80 2 -25 10 49405 1 
175.093 -25.437 -180.019 0.293481 2.64133 -80 2 -25 10 49406 1 
175.083 -25.437 -180.019 0.293481 2.64133 -80 2 -25 10 49407 1 
175.074 -25.437 -180.019 0.293481 2.64133 -80 2 -25 10 49408 1 
175.064 -25.4369 -180.019 0.293481 2.64133 -80 2 -25 10 49409 1 
175.054 -25.4369 -180.019 0.293481 2.64133 -80 2 -25 10 49410 1 
175.044 -25.4369 -180.019 0.293481 2.64133 -80 2 -25 10 49411 1 
175.034 -25.4369 -180.019 0.293481 2.64133 -80 2 -25 10 49412 1 
175.025 -25.4369 -180.019 0.293481 2.64133 -80 2 -25 10 49413 1 
175.015 -25.4369 -180.019 0.293481 2.64133 -80 2 -25 10 49414 1 
175.005 -25.4369 -180.019 0.293481 2.64133 -80 2 -25 10 49415 1 
174.995 -25.4369 -180.019 0.293481 2.64133 -80 2 -25 10 49416 1 
174.986 -25.4369 -180.019 0.293481 2.64133 -80 2 -25 10 49417 1 
174.976 -25.4369 -180.019 0.293481 2.64133 -80 2 -25 10 49418 1 
174.966 -25.4369 -180.019 0.293481 2.64133 -80 2 -25 10 49419 1 
174.956 -25.4369 -180.019 0.293481 2.64133 -80 2 -25 10 49420 1 
174.946 -25.4369 -180.019 0.293481 2.64133 -80 2 -25 10 49421 1 
174.937 -25.4369 -180.019 0.293481 2.64133 -80 2 -25 10 49422 1 
174.927 -25.4369 -180.019 0.293481 2.64133 -80 2 -25 10 49423 1 
174.917 -25.4369 -180.019 0.293481 2.64133 -80 2 -25 10 49424 1 
174.907 -25.4369 -180.019 0.293481 2.64133 -80 2 -25 10 49425 1 
174.898 -25.4369 -180.019 0.293481 2.64133 -80 2 -25 10 49426 1 
174.888 -25.4369 -180.019 0.293481 2.64133 -80 2 -25 10 49427 1 
174.878 -25.4369 -180.019 0.293481 2.64133 -80 2 -25 10 49428 1 
174.868 -25.4369 -180.019 0.293481 2.64133 -80 2 -25 10 49429 1 
174.858 -25.4369 -180.019 0.293481 2.64133 -80 2 -25 10 49430 1 
174.849 -25.4369 -180.019 0.293481 2.64133 -80 2 -25 10 49431 1 
174.839 -25.4369 -180.019 0.293481 2.64133 -80 2 -25 10 49432 1 
174.829 -25.4369 -180.019 0.293481 2.64133 -80 2 -25 10 49433 1 
174.819 -25.4369 -180.019 0.293481 2.64133 -80 2 -25 10 49434 1 
174.81 -25.4368 -180.019 0.293481 2.64133 -80 2 -25 10 49435 1 
174.8 -25.4368 -180.019 0.293481 2.64133 -80 2 -25 10 49436 1 
174.79 -25.4368 -180.019 0.293481 2.64133 -80 2 -25 10 49437 1 
174.78 -25.4368 -180.019 0.293481 2.64133 -80 2 -25 10 49438 1 
174.77 -25.4368 -180.019 0.293481 2.64133 -80 2 -25 10 49439 1 
174.761 -25.4368 -180.019 0.293481 2.64133 -80 2 -25 10 49440 1 
174.751 -25.4368 -180.019 0.293481 2.64133 -80 2 -25 10 49441 1 
174.741 -25.4368 -180.019 0.293481 2.64133 -80 2 -25 10 49442 1 
174.731 -25.4368 -180.019 0.293481 2.64133 -80 2 -25 10 49443 1 
174.721 -25.4368 -180.019 0.293481 2.64133 -80 2 -25 10 49444 1 
174.712 -25.4368 -180.019 0.293481 2.64133 -80 2 -25 10 49445 1 
174.702 -25.4368 -180.019 0.293481 2.64133 -80 2 -25 10 49446 1 
174.692 -25.4368 -180.019 0.293481 2.64133 -80 2 -25 10 49447 1 
174.682 -25.4368 -180.019 0.293481 2.64133 -80 2 -25 10 49448 1 
174.673 -25.4368 -180.019 0.293481 2.64133 -80 2 -25 10 49449 1 
174.663 -25.4368 -180.019 0.293481 2.64133 -80 2 -25 10 49450 1 
174.653 -25.4368 -180.019 0.293481 2.64133 -80 2 -25 10 49451 1 
174.643 -25.4368 -180.019 0.293481 2.64133 -80 2 -25 10 49452 1 
174.633 -25.4368 -180.019 0.293481 2.64133 -80 2 -25 10 49453 1 
174.624 -25.4368 -180.019 0.293481 2.64133 -80 2 -25 10 49454 1 
174.614 -25.4368 -180.019 0.293481 2.64133 -80 2 -25 10 49455 1 
174.604 -25.4368 -180.019 0.293481 2.64133 -80 2 -25 10 49456 1 
174.594 -25.4368 -180.019 0.293481 2.64133 -80 2 -25 10 49457 1 
174.585 -25.4368 -180.019 0.293481 2.64133 -80 2 -25 10 49458 1 
174.575 -25.4368 -180.019 0.293481 2.64133 -80 2 -25 10 49459 1 
174.565 -25.4368 -180.019 0.293481 2.64133 -80 2 -25 10 49460 1 
174.555 -25.4368 -180.019 0.293481 2.64133 -80 2 -25 10 49461 1 
174.545 -25.4367 -180.019 0.293481 2.64133 -80 2 -25 10 49462 1 
174.536 -25.4367 -180.019 0.293481 2.64133 -80 2 -25 10 49463 1 
174.526 -25.4367 -180.019 0.293481 2.64133 -80 2 -25 10 49464 1 
174.516 -25.4367 -180.019 0.293481 2.64133 -80 2 -25 10 49465 1 
174.506 -25.4367 -180.019 0.293481 2.64133 -80 2 -25 10 49466 1 
174.497 -25.4367 -180.019 0.293481 2.64133 -80 2 -25 10 49467 1 
174.487 -25.4367 -180.019 0.293481 2.64133 -80 2 -25 10 49468 1 
174.477 -25.4367 -180.019 0.293481 2.64133 -80 2 -25 10 49469 1 
174.467 -25.4367 -180.019 0.293481 2.64133 -80 2 -25 10 49470 1 
174.457 -25.4367 -180.019 0.293481 2.64133 -80 2 -25 10 49471 1 
174.448 -25.4367 -180.019 0.293481 2.64133 -80 2 -25 10 49472 1 
174.438 -25.4367 -180.019 0.293481 2.64133 -80 2 -25 10 49473 1 
174.428 -25.4367 -180.019 0.293481 2.64133 -80 2 -25 10 49474 1 
174.418 -25.4367 -180.019 0.293481 2.64133 -80 2 -25 10 49475 1 
174.408 -25.4367 -180.019 0.293481 2.64133 -80 2 -25 10 49476 1 
174.399 -25.4367 -180.019 0.293481 2.64133 -80 2 -25 10 49477 1 
174.389 -25.4367 -180.019 0.293481 2.64133 -80 2 -25 10 49478 1 
174.379 -25.4367 -180.019 0.293481 2.64133 -80 2 -25 10 49479 1 
174.369 -25.4367 -180.019 0.293481 2.64133 -80 2 -25 10 49480 1 
174.36 -25.4367 -180.019 0.293481 2.64133 -80 2 -25 10 49481 1 
174.35 -25.4367 -180.019 0.293481 2.64133 -80 2 -25 10 49482 1 
174.34 -25.4367 -180.019 0.293481 2.64133 -80 2 -25 10 49483 1 
174.33 -25.4367 -180.019 0.293481 2.64133 -80 2 -25 10 49484 1 
174.32 -25.4367 -180.019 0.293481 2.64133 -80 2 -25 10 49485 1 
174.311 -25.4367 -180.019 0.293481 2.64133 -80 2 -25 10 49486 1 
174.301 -25.4367 -180.019 0.293481 2.64133 -80 2 -25 10 49487 1 
174.291 -25.4366 -180.019 0.293481 2.64133 -80 2 -25 10 49488 1 
174.281 -25.4366 -180.019 0.293481 2.64133 -80 2 -25 10 49489 1 
174.272 -25.4366 -180.019 0.293481 2.64133 -80 2 -25 10 49490 1 
174.262 -25.4366 -180.019 0.293481 2.64133 -80 2 -25 10 49491 1 
174.252 -25.4366 -180.019 0.293481 2.64133 -80 2 -25 10 49492 1 
174.242 -25.4366 -180.019 0.293481 2.64133 -80 2 -25 10 49493 1 
174.232 -25.4366 -180.019 0.293481 2.64133 -80 2 -25 10 49494 1 
174.223 -25.4366 -180.019 0.293481 2.64133 -80 2 -25 10 49495 1 
174.213 -25.4366 -180.019 0.293481 2.64133 -80 2 -25 10 49496 1 
174.203 -25.4366 -180.019 0.293481 2.64133 -80 2 -25 10 49497 1 
174.193 -25.4366 -180.019 0.293481 2.64133 -80 2 -25 10 49498 1 
174.184 -25.4366 -180.019 0.293481 2.64133 -80 2 -25 10 49499 1 
174.174 -25.4366 -180.019 0.293481 2.64133 -80 2 -25 10 49500 1 
174.164 -25.4366 -180.019 0.293481 2.64133 -80 2 -25 10 49501 1 
174.154 -25.4366 -180.019 0.293481 2.64133 -80 2 -25 10 49502 1 
174.144 -25.4366 -180.019 0.293481 2.64133 -80 2 -25 10 49503 1 
174.135 -25.4366 -180.019 0.293481 2.64133 -80 2 -25 10 49504 1 
174.125 -25.4366 -180.019 0.293481 2.64133 -80 2 -25 10 49505 1 
174.115 -25.4366 -180.019 0.293481 2.64133 -80 2 -25 10 49506 1 
174.105 -25.4366 -180.019 0.293481 2.64133 -80 2 -25 10 49507 1 
174.096 -25.4366 -180.019 0.293481 2.64133 -80 2 -25 10 49508 1 
174.086 -25.4366 -180.019 0.293481 2.64133 -80 2 -25 10 49509 1 
174.076 -25.4366 -180.019 0.293481 2.64133 -80 2 -25 10 49510 1 
174.066 -25.4366 -180.019 0.293481 2.64133 -80 2 -25 10 49511 1 
174.056 -25.4366 -180.019 0.293481 2.64133 -80 2 -25 10 49512 1 
174.047 -25.4366 -180.019 0.293481 2.64133 -80 2 -25 10 49513 1 
174.037 -25.4365 -180.019 0.293481 2.64133 -80 2 -25 10 49514 1 
174.027 -25.4365 -180.019 0.293481 2.64133 -80 2 -25 10 49515 1 
174.017 -25.4365 -180.019 0.293481 2.64133 -80 2 -25 10 49516 1 
174.007 -25.4365 -180.019 0.293481 2.64133 -80 2 -25 10 49517 1 
173.998 -25.4365 -180.019 0.293481 2.64133 -80 2 -25 10 49518 1 
173.988 -25.4365 -180.019 0.293481 2.64133 -80 2 -25 10 49519 1 
173.978 -25.4365 -180.019 0.293481 2.64133 -80 2 -25 10 49520 1 
173.968 -25.4365 -180.019 0.293481 2.64133 -80 2 -25 10 49521 1 
173.959 -25.4365 -180.019 0.293481 2.64133 -80 2 -25 10 49522 1 
173.949 -25.4365 -180.019 0.293481 2.64133 -80 2 -25 10 49523 1 
173.939 -25.4365 -180.019 0.293481 2.64133 -80 2 -25 10 49524 1 
173.929 -25.4365 -180.019 0.293481 2.64133 -80 2 -25 10 49525 1 
173.919 -25.4365 -180.019 0.293481 2.64133 -80 2 -25 10 49526 1 
173.91 -25.4365 -180.019 0.293481 2.64133 -80 2 -25 10 49527 1 
173.9 -25.4365 -180.019 0.293481 2.64133 -80 2 -25 10 49528 1 
173.89 -25.4365 -180.019 0.293481 2.64133 -80 2 -25 10 49529 1 
173.88 -25.4365 -180.019 0.293481 2.64133 -80 2 -25 10 49530 1 
173.871 -25.4365 -180.019 0.293481 2.64133 -80 2 -25 10 49531 1 
173.861 -25.4365 -180.019 0.293481 2.64133 -80 2 -25 10 49532 1 
173.851 -25.4365 -180.019 0.293481 2.64133 -80 2 -25 10 49533 1 
173.841 -25.4365 -180.019 0.293481 2.64133 -80 2 -25 10 49534 1 
173.831 -25.4365 -180.019 0.293481 2.64133 -80 2 -25 10 49535 1 
173.822 -25.4365 -180.019 0.293481 2.64133 -80 2 -25 10 49536 1 
173.812 -25.4365 -180.019 0.293481 2.64133 -80 2 -25 10 49537 1 
173.802 -25.4365 -180.019 0.293481 2.64133 -80 2 -25 10 49538 1 
173.792 -25.4365 -180.019 0.293481 2.64133 -80 2 -25 10 49539 1 
173.783 -25.4364 -180.019 0.293481 2.64133 -80 2 -25 10 49540 1 
173.773 -25.4364 -180.019 0.293481 2.64133 -80 2 -25 10 49541 1 
173.763 -25.4364 -180.019 0.293481 2.64133 -80 2 -25 10 49542 1 
173.753 -25.4364 -180.019 0.293481 2.64133 -80 2 -25 10 49543 1 
173.743 -25.4364 -180.019 0.293481 2.64133 -80 2 -25 10 49544 1 
173.734 -25.4364 -180.019 0.293481 2.64133 -80 2 -25 10 49545 1 
173.724 -25.4364 -180.019 0.293481 2.64133 -80 2 -25 10 49546 1 
173.714 -25.4364 -180.019 0.293481 2.64133 -80 2 -25 10 49547 1 
173.704 -25.4364 -180.019 0.293481 2.64133 -80 2 -25 10 49548 1 
173.694 -25.4364 -180.019 0.293481 2.64133 -80 2 -25 10 49549 1 
173.685 -25.4364 -180.019 0.293481 2.64133 -80 2 -25 10 49550 1 
173.675 -25.4364 -180.019 0.293481 2.64133 -80 2 -25 10 49551 1 
173.665 -25.4364 -180.019 0.293481 2.64133 -80 2 -25 10 49552 1 
173.655 -25.4364 -180.019 0.293481 2.64133 -80 2 -25 10 49553 1 
173.646 -25.4364 -180.019 0.293481 2.64133 -80 2 -25 10 49554 1 
173.636 -25.4364 -180.019 0.293481 2.64133 -80 2 -25 10 49555 1 
173.626 -25.4364 -180.019 0.293481 2.64133 -80 2 -25 10 49556 1 
173.616 -25.4364 -180.019 0.293481 2.64133 -80 2 -25 10 49557 1 
173.606 -25.4364 -180.019 0.293481 2.64133 -80 2 -25 10 49558 1 
173.597 -25.4364 -180.019 0.293481 2.64133 -80 2 -25 10 49559 1 
173.587 -25.4364 -180.019 0.293481 2.64133 -80 2 -25 10 49560 1 
173.577 -25.4364 -180.019 0.293481 2.64133 -80 2 -25 10 49561 1 
173.567 -25.4364 -180.019 0.293481 2.64133 -80 2 -25 10 49562 1 
173.558 -25.4364 -180.019 0.293481 2.64133 -80 2 -25 10 49563 1 
173.548 -25.4364 -180.019 0.293481 2.64133 -80 2 -25 10 49564 1 
173.538 -25.4364 -180.019 0.293481 2.64133 -80 2 -25 10 49565 1 
173.528 -25.4363 -180.019 0.293481 2.64133 -80 2 -25 10 49566 1 
173.518 -25.4363 -180.019 0.293481 2.64133 -80 2 -25 10 49567 1 
173.509 -25.4363 -180.019 0.293481 2.64133 -80 2 -25 10 49568 1 
173.499 -25.4363 -180.019 0.293481 2.64133 -80 2 -25 10 49569 1 
173.489 -25.4363 -180.019 0.293481 2.64133 -80 2 -25 10 49570 1 
173.479 -25.4363 -180.019 0.293481 2.64133 -80 2 -25 10 49571 1 
173.47 -25.4363 -180.019 0.293481 2.64133 -80 2 -25 10 49572 1 
173.46 -25.4363 -180.019 0.293481 2.64133 -80 2 -25 10 49573 1 
173.45 -25.4363 -180.019 0.293481 2.64133 -80 2 -25 10 49574 1 
173.44 -25.4363 -180.019 0.293481 2.64133 -80 2 -25 10 49575 1 
173.43 -25.4363 -180.019 0.293481 2.64133 -80 2 -25 10 49576 1 
173.421 -25.4363 -180.019 0.293481 2.64133 -80 2 -25 10 49577 1 
173.411 -25.4363 -180.019 0.293481 2.64133 -80 2 -25 10 49578 1 
173.401 -25.4363 -180.019 0.293481 2.64133 -80 2 -25 10 49579 1 
173.391 -25.4363 -180.019 0.293481 2.64133 -80 2 -25 10 49580 1 
173.382 -25.4363 -180.019 0.293481 2.64133 -80 2 -25 10 49581 1 
173.372 -25.4363 -180.019 0.293481 2.64133 -80 2 -25 10 49582 1 
173.362 -25.4363 -180.019 0.293481 2.64133 -80 2 -25 10 49583 1 
173.352 -25.4363 -180.019 0.293481 2.64133 -80 2 -25 10 49584 1 
173.342 -25.4363 -180.019 0.293481 2.64133 -80 2 -25 10 49585 1 
173.333 -25.4363 -180.019 0.293481 2.64133 -80 2 -25 10 49586 1 
173.323 -25.4363 -180.019 0.293481 2.64133 -80 2 -25 10 49587 1 
173.313 -25.4363 -180.019 0.293481 2.64133 -80 2 -25 10 49588 1 
173.303 -25.4363 -180.019 0.293481 2.64133 -80 2 -25 10 49589 1 
173.293 -25.4363 -180.019 0.293481 2.64133 -80 2 -25 10 49590 1 
173.284 -25.4363 -180.019 0.293481 2.64133 -80 2 -25 10 49591 1 
173.274 -25.4363 -180.019 0.293481 2.64133 -80 2 -25 10 49592 1 
173.264 -25.4362 -180.019 0.293481 2.64133 -80 2 -25 10 49593 1 
173.254 -25.4362 -180.019 0.293481 2.64133 -80 2 -25 10 49594 1 
173.245 -25.4362 -180.019 0.293481 2.64133 -80 2 -25 10 49595 1 
173.235 -25.4362 -180.019 0.293481 2.64133 -80 2 -25 10 49596 1 
173.225 -25.4362 -180.019 0.293481 2.64133 -80 2 -25 10 49597 1 
173.215 -25.4362 -180.019 0.293481 2.64133 -80 2 -25 10 49598 1 
173.205 -25.4362 -180.019 0.293481 2.64133 -80 2 -25 10 49599 1 
173.196 -25.4362 -180.019 0.293481 2.64133 -80 2 -25 10 49600 1 
173.186 -25.4362 -180.019 0.293481 2.64133 -80 2 -25 10 49601 1 
173.176 -25.4362 -180.019 0.293481 2.64133 -80 2 -25 10 49602 1 
173.166 -25.4362 -180.019 0.293481 2.64133 -80 2 -25 10 49603 1 
173.157 -25.4362 -180.019 0.293481 2.64133 -80 2 -25 10 49604 1 
173.147 -25.4362 -180.019 0.293481 2.64133 -80 2 -25 10 49605 1 
173.137 -25.4362 -180.019 0.293481 2.64133 -80 2 -25 10 49606 1 
173.127 -25.4362 -180.019 0.293481 2.64133 -80 2 -25 10 49607 1 
173.117 -25.4362 -180.019 0.293481 2.64133 -80 2 -25 10 49608 1 
173.108 -25.4362 -180.019 0.293481 2.64133 -80 2 -25 10 49609 1 
173.098 -25.4362 -180.019 0.293481 2.64133 -80 2 -25 10 49610 1 
173.088 -25.4362 -180.019 0.293481 2.64133 -80 2 -25 10 49611 1 
173.078 -25.4362 -180.019 0.293481 2.64133 -80 2 -25 10 49612 1 
173.069 -25.4362 -180.019 0.293481 2.64133 -80 2 -25 10 49613 1 
173.059 -25.4362 -180.019 0.293481 2.64133 -80 2 -25 10 49614 1 
173.049 -25.4362 -180.019 0.293481 2.64133 -80 2 -25 10 49615 1 
173.039 -25.4362 -180.019 0.293481 2.64133 -80 2 -25 10 49616 1 
173.029 -25.4362 -180.019 0.293481 2.64133 -80 2 -25 10 49617 1 
173.02 -25.4362 -180.019 0.293481 2.64133 -80 2 -25 10 49618 1 
173.01 -25.4361 -180.019 0.293481 2.64133 -80 2 -25 10 49619 1 
173 -25.4361 -180.019 0.293481 2.64133 -80 2 -25 10 49620 1 
172.99 -25.4361 -180.019 0.293481 2.64133 -80 2 -25 10 49621 1 
172.98 -25.4361 -180.019 0.293481 2.64133 -80 2 -25 10 49622 1 
172.971 -25.4361 -180.019 0.293481 2.64133 -80 2 -25 10 49623 1 
172.961 -25.4361 -180.019 0.293481 2.64133 -80 2 -25 10 49624 1 
172.951 -25.4361 -180.019 0.293481 2.64133 -80 2 -25 10 49625 1 
172.941 -25.4361 -180.019 0.293481 2.64133 -80 2 -25 10 49626 1 
172.932 -25.4361 -180.019 0.293481 2.64133 -80 2 -25 10 49627 1 
172.922 -25.4361 -180.019 0.293481 2.64133 -80 2 -25 10 49628 1 
172.912 -25.4361 -180.019 0.293481 2.64133 -80 2 -25 10 49629 1 
172.902 -25.4361 -180.019 0.293481 2.64133 -80 2 -25 10 49630 1 
172.892 -25.4361 -180.019 0.293481 2.64133 -80 2 -25 10 49631 1 
172.883 -25.4361 -180.019 0.293481 2.64133 -80 2 -25 10 49632 1 
172.873 -25.4361 -180.019 0.293481 2.64133 -80 2 -25 10 49633 1 
172.863 -25.4361 -180.019 0.293481 2.64133 -80 2 -25 10 49634 1 
172.853 -25.4361 -180.019 0.293481 2.64133 -80 2 -25 10 49635 1 
172.844 -25.4361 -180.019 0.293481 2.64133 -80 2 -25 10 49636 1 
172.834 -25.4361 -180.019 0.293481 2.64133 -80 2 -25 10 49637 1 
172.824 -25.4361 -180.019 0.293481 2.64133 -80 2 -25 10 49638 1 
172.814 -25.4361 -180.019 0.293481 2.64133 -80 2 -25 10 49639 1 
172.804 -25.4361 -180.019 0.293481 2.64133 -80 2 -25 10 49640 1 
172.795 -25.4361 -180.019 0.293481 2.64133 -80 2 -25 10 49641 1 
172.785 -25.4361 -180.019 0.293481 2.64133 -80 2 -25 10 49642 1 
172.775 -25.4361 -180.019 0.293481 2.64133 -80 2 -25 10 49643 1 
172.765 -25.4361 -180.019 0.293481 2.64133 -80 2 -25 10 49644 1 
172.756 -25.436 -180.019 0.293481 2.64133 -80 2 -25 10 49645 1 
172.746 -25.436 -180.019 0.293481 2.64133 -80 2 -25 10 49646 1 
172.736 -25.436 -180.019 0.293481 2.64133 -80 2 -25 10 49647 1 
172.726 -25.436 -180.019 0.293481 2.64133 -80 2 -25 10 49648 1 
172.716 -25.436 -180.019 0.293481 2.64133 -80 2 -25 10 49649 1 
172.707 -25.436 -180.019 0.293481 2.64133 -80 2 -25 10 49650 1 
172.697 -25.436 -180.019 0.293481 2.64133 -80 2 -25 10 49651 1 
172.687 -25.436 -180.019 0.293481 2.64133 -80 2 -25 10 49652 1 
172.677 -25.436 -180.019 0.293481 2.64133 -80 2 -25 10 49653 1 
172.667 -25.436 -180.019 0.293481 2.64133 -80 2 -25 10 49654 1 
172.658 -25.436 -180.019 0.293481 2.64133 -80 2 -25 10 49655 1 
172.648 -25.436 -180.019 0.293481 2.64133 -80 2 -25 10 49656 1 
172.638 -25.436 -180.019 0.293481 2.64133 -80 2 -25 10 49657 1 
172.628 -25.436 -180.019 0.293481 2.64133 -80 2 -25 10 49658 1 
172.619 -25.436 -180.019 0.293481 2.64133 -80 2 -25 10 49659 1 
172.609 -25.436 -180.019 0.293481 2.64133 -80 2 -25 10 49660 1 
172.599 -25.436 -180.019 0.293481 2.64133 -80 2 -25 10 49661 1 
172.589 -25.436 -180.019 0.293481 2.64133 -80 2 -25 10 49662 1 
172.579 -25.436 -180.019 0.293481 2.64133 -80 2 -25 10 49663 1 
172.57 -25.436 -180.019 0.293481 2.64133 -80 2 -25 10 49664 1 
172.56 -25.436 -180.019 0.293481 2.64133 -80 2 -25 10 49665 1 
172.55 -25.436 -180.019 0.293481 2.64133 -80 2 -25 10 49666 1 
172.54 -25.436 -180.019 0.293481 2.64133 -80 2 -25 10 49667 1 
172.531 -25.436 -180.019 0.293481 2.64133 -80 2 -25 10 49668 1 
172.521 -25.436 -180.019 0.293481 2.64133 -80 2 -25 10 49669 1 
172.511 -25.436 -180.019 0.293481 2.64133 -80 2 -25 10 49670 1 
172.501 -25.4359 -180.019 0.293481 2.64133 -80 2 -25 10 49671 1 
172.491 -25.4359 -180.019 0.293481 2.64133 -80 2 -25 10 49672 1 
172.482 -25.4359 -180.02 0.293481 2.64133 -80 2 -25 10 49673 1 
172.472 -25.4359 -180.02 0.293481 2.64133 -80 2 -25 10 49674 1 
172.462 -25.4359 -180.02 0.293481 2.64133 -80 2 -25 10 49675 1 
172.452 -25.4359 -180.02 0.293481 2.64133 -80 2 -25 10 49676 1 
172.443 -25.4359 -180.02 0.293481 2.64133 -80 2 -25 10 49677 1 
172.433 -25.4359 -180.02 0.293481 2.64133 -80 2 -25 10 49678 1 
172.423 -25.4359 -180.02 0.293481 2.64133 -80 2 -25 10 49679 1 
172.413 -25.4359 -180.02 0.293481 2.64133 -80 2 -25 10 49680 1 
172.403 -25.4359 -180.02 0.293481 2.64133 -80 2 -25 10 49681 1 
172.394 -25.4359 -180.02 0.293481 2.64133 -80 2 -25 10 49682 1 
172.384 -25.4359 -180.02 0.293481 2.64133 -80 2 -25 10 49683 1 
172.374 -25.4359 -180.02 0.293481 2.64133 -80 2 -25 10 49684 1 
172.364 -25.4359 -180.02 0.293481 2.64133 -80 2 -25 10 49685 1 
172.355 -25.4359 -180.02 0.293481 2.64133 -80 2 -25 10 49686 1 
172.345 -25.4359 -180.02 0.293481 2.64133 -80 2 -25 10 49687 1 
172.335 -25.4359 -180.02 0.293481 2.64133 -80 2 -25 10 49688 1 
172.325 -25.4359 -180.02 0.293481 2.64133 -80 2 -25 10 49689 1 
172.315 -25.4359 -180.02 0.293481 2.64133 -80 2 -25 10 49690 1 
172.306 -25.4359 -180.02 0.293481 2.64133 -80 2 -25 10 49691 1 
172.296 -25.4359 -180.02 0.293481 2.64133 -80 2 -25 10 49692 1 
172.286 -25.4359 -180.02 0.293481 2.64133 -80 2 -25 10 49693 1 
172.276 -25.4359 -180.02 0.293481 2.64133 -80 2 -25 10 49694 1 
172.266 -25.4359 -180.02 0.293481 2.64133 -80 2 -25 10 49695 1 
172.257 -25.4359 -180.02 0.293481 2.64133 -80 2 -25 10 49696 1 
172.247 -25.4359 -180.02 0.293481 2.64133 -80 2 -25 10 49697 1 
172.237 -25.4358 -180.02 0.293481 2.64133 -80 2 -25 10 49698 1 
172.227 -25.4358 -180.02 0.293481 2.64133 -80 2 -25 10 49699 1 
172.218 -25.4358 -180.02 0.293481 2.64133 -80 2 -25 10 49700 1 
172.208 -25.4358 -180.02 0.293481 2.64133 -80 2 -25 10 49701 1 
172.198 -25.4358 -180.02 0.293481 2.64133 -80 2 -25 10 49702 1 
172.188 -25.4358 -180.02 0.293481 2.64133 -80 2 -25 10 49703 1 
172.178 -25.4358 -180.02 0.293481 2.64133 -80 2 -25 10 49704 1 
172.169 -25.4358 -180.02 0.293481 2.64133 -80 2 -25 10 49705 1 
172.159 -25.4358 -180.02 0.293481 2.64133 -80 2 -25 10 49706 1 
172.149 -25.4358 -180.02 0.293481 2.64133 -80 2 -25 10 49707 1 
172.139 -25.4358 -180.02 0.293481 2.64133 -80 2 -25 10 49708 1 
172.13 -25.4358 -180.02 0.293481 2.64133 -80 2 -25 10 49709 1 
172.12 -25.4358 -180.02 0.293481 2.64133 -80 2 -25 10 49710 1 
172.11 -25.4358 -180.02 0.293481 2.64133 -80 2 -25 10 49711 1 
172.1 -25.4358 -180.02 0.293481 2.64133 -80 2 -25 10 49712 1 
172.09 -25.4358 -180.02 0.293481 2.64133 -80 2 -25 10 49713 1 
172.081 -25.4358 -180.02 0.293481 2.64133 -80 2 -25 10 49714 1 
172.071 -25.4358 -180.02 0.293481 2.64133 -80 2 -25 10 49715 1 
172.061 -25.4358 -180.02 0.293481 2.64133 -80 2 -25 10 49716 1 
172.051 -25.4358 -180.02 0.293481 2.64133 -80 2 -25 10 49717 1 
172.042 -25.4358 -180.02 0.293481 2.64133 -80 2 -25 10 49718 1 
172.032 -25.4358 -180.02 0.293481 2.64133 -80 2 -25 10 49719 1 
172.022 -25.4358 -180.02 0.293481 2.64133 -80 2 -25 10 49720 1 
172.012 -25.4358 -180.02 0.293481 2.64133 -80 2 -25 10 49721 1 
172.002 -25.4358 -180.02 0.293481 2.64133 -80 2 -25 10 49722 1 
171.993 -25.4358 -180.02 0.293481 2.64133 -80 2 -25 10 49723 1 
171.983 -25.4357 -180.02 0.293481 2.64133 -80 2 -25 10 49724 1 
171.973 -25.4357 -180.02 0.293481 2.64133 -80 2 -25 10 49725 1 
171.963 -25.4357 -180.02 0.293481 2.64133 -80 2 -25 10 49726 1 
171.953 -25.4357 -180.02 0.293481 2.64133 -80 2 -25 10 49727 1 
171.944 -25.4357 -180.02 0.293481 2.64133 -80 2 -25 10 49728 1 
171.934 -25.4357 -180.02 0.293481 2.64133 -80 2 -25 10 49729 1 
171.924 -25.4357 -180.02 0.293481 2.64133 -80 2 -25 10 49730 1 
171.914 -25.4357 -180.02 0.293481 2.64133 -80 2 -25 10 49731 1 
171.905 -25.4357 -180.02 0.293481 2.64133 -80 2 -25 10 49732 1 
171.895 -25.4357 -180.02 0.293481 2.64133 -80 2 -25 10 49733 1 
171.885 -25.4357 -180.02 0.293481 2.64133 -80 2 -25 10 49734 1 
171.875 -25.4357 -180.02 0.293481 2.64133 -80 2 -25 10 49735 1 
171.865 -25.4357 -180.02 0.293481 2.64133 -80 2 -25 10 49736 1 
171.856 -25.4357 -180.02 0.293481 2.64133 -80 2 -25 10 49737 1 
171.846 -25.4357 -180.02 0.293481 2.64133 -80 2 -25 10 49738 1 
171.836 -25.4357 -180.02 0.293481 2.64133 -80 2 -25 10 49739 1 
171.826 -25.4357 -180.02 0.293481 2.64133 -80 2 -25 10 49740 1 
171.817 -25.4357 -180.02 0.293481 2.64133 -80 2 -25 10 49741 1 
171.807 -25.4357 -180.02 0.293481 2.64133 -80 2 -25 10 49742 1 
171.797 -25.4357 -180.02 0.293481 2.64133 -80 2 -25 10 49743 1 
171.787 -25.4357 -180.02 0.293481 2.64133 -80 2 -25 10 49744 1 
171.777 -25.4357 -180.02 0.293481 2.64133 -80 2 -25 10 49745 1 
171.768 -25.4357 -180.02 0.293481 2.64133 -80 2 -25 10 49746 1 
171.758 -25.4357 -180.02 0.293481 2.64133 -80 2 -25 10 49747 1 
171.748 -25.4357 -180.02 0.293481 2.64133 -80 2 -25 10 49748 1 
171.738 -25.4357 -180.02 0.293481 2.64133 -80 2 -25 10 49749 1 
171.729 -25.4356 -180.02 0.293481 2.64133 -80 2 -25 10 49750 1 
171.719 -25.4356 -180.02 0.293481 2.64133 -80 2 -25 10 49751 1 
171.709 -25.4356 -180.02 0.293481 2.64133 -80 2 -25 10 49752 1 
171.699 -25.4356 -180.02 0.293481 2.64133 -80 2 -25 10 49753 1 
171.689 -25.4356 -180.02 0.293481 2.64133 -80 2 -25 10 49754 1 
171.68 -25.4356 -180.02 0.293481 2.64133 -80 2 -25 10 49755 1 
171.67 -25.4356 -180.02 0.293481 2.64133 -80 2 -25 10 49756 1 
171.66 -25.4356 -180.02 0.293481 2.64133 -80 2 -25 10 49757 1 
171.65 -25.4356 -180.02 0.293481 2.64133 -80 2 -25 10 49758 1 
171.641 -25.4356 -180.02 0.293481 2.64133 -80 2 -25 10 49759 1 
171.631 -25.4356 -180.02 0.293481 2.64133 -80 2 -25 10 49760 1 
171.621 -25.4356 -180.02 0.293481 2.64133 -80 2 -25 10 49761 1 
171.611 -25.4356 -180.02 0.293481 2.64133 -80 2 -25 10 49762 1 
171.601 -25.4356 -180.02 0.293481 2.64133 -80 2 -25 10 49763 1 
171.592 -25.4356 -180.02 0.293481 2.64133 -80 2 -25 10 49764 1 
171.582 -25.4356 -180.02 0.293481 2.64133 -80 2 -25 10 49765 1 
171.572 -25.4356 -180.02 0.293481 2.64133 -80 2 -25 10 49766 1 
171.562 -25.4356 -180.02 0.293481 2.64133 -80 2 -25 10 49767 1 
171.552 -25.4356 -180.02 0.293481 2.64133 -80 2 -25 10 49768 1 
171.543 -25.4356 -180.02 0.293481 2.64133 -80 2 -25 10 49769 1 
171.533 -25.4356 -180.02 0.293481 2.64133 -80 2 -25 10 49770 1 
171.523 -25.4356 -180.02 0.293481 2.64133 -80 2 -25 10 49771 1 
171.513 -25.4356 -180.02 0.293481 2.64133 -80 2 -25 10 49772 1 
171.504 -25.4356 -180.02 0.293481 2.64133 -80 2 -25 10 49773 1 
171.494 -25.4356 -180.02 0.293481 2.64133 -80 2 -25 10 49774 1 
171.484 -25.4356 -180.02 0.293481 2.64133 -80 2 -25 10 49775 1 
171.474 -25.4355 -180.02 0.293481 2.64133 -80 2 -25 10 49776 1 
171.464 -25.4355 -180.02 0.293481 2.64133 -80 2 -25 10 49777 1 
171.455 -25.4355 -180.02 0.293481 2.64133 -80 2 -25 10 49778 1 
171.445 -25.4355 -180.02 0.293481 2.64133 -80 2 -25 10 49779 1 
171.435 -25.4355 -180.02 0.293481 2.64133 -80 2 -25 10 49780 1 
171.425 -25.4355 -180.02 0.293481 2.64133 -80 2 -25 10 49781 1 
171.416 -25.4355 -180.02 0.293481 2.64133 -80 2 -25 10 49782 1 
171.406 -25.4355 -180.02 0.293481 2.64133 -80 2 -25 10 49783 1 
171.396 -25.4355 -180.02 0.293481 2.64133 -80 2 -25 10 49784 1 
171.386 -25.4355 -180.02 0.293481 2.64133 -80 2 -25 10 49785 1 
171.376 -25.4355 -180.02 0.293481 2.64133 -80 2 -25 10 49786 1 
171.367 -25.4355 -180.02 0.293481 2.64133 -80 2 -25 10 49787 1 
171.357 -25.4355 -180.02 0.293481 2.64133 -80 2 -25 10 49788 1 
171.347 -25.4355 -180.02 0.293481 2.64133 -80 2 -25 10 49789 1 
171.337 -25.4355 -180.02 0.293481 2.64133 -80 2 -25 10 49790 1 
171.328 -25.4355 -180.02 0.293481 2.64133 -80 2 -25 10 49791 1 
171.318 -25.4355 -180.02 0.293481 2.64133 -80 2 -25 10 49792 1 
171.308 -25.4355 -180.02 0.293481 2.64133 -80 2 -25 10 49793 1 
171.298 -25.4355 -180.02 0.293481 2.64133 -80 2 -25 10 49794 1 
171.288 -25.4355 -180.02 0.293481 2.64133 -80 2 -25 10 49795 1 
171.279 -25.4355 -180.02 0.293481 2.64133 -80 2 -25 10 49796 1 
171.269 -25.4355 -180.02 0.293481 2.64133 -80 2 -25 10 49797 1 
171.259 -25.4355 -180.02 0.293481 2.64133 -80 2 -25 10 49798 1 
171.249 -25.4355 -180.02 0.293481 2.64133 -80 2 -25 10 49799 1 
171.239 -25.4355 -180.02 0.293481 2.64133 -80 2 -25 10 49800 1 
171.23 -25.4355 -180.02 0.293481 2.64133 -80 2 -25 10 49801 1 
171.22 -25.4354 -180.02 0.293481 2.64133 -80 2 -25 10 49802 1 
171.21 -25.4354 -180.02 0.293481 2.64133 -80 2 -25 10 49803 1 
171.2 -25.4354 -180.02 0.293481 2.64133 -80 2 -25 10 49804 1 
171.191 -25.4354 -180.02 0.293481 2.64133 -80 2 -25 10 49805 1 
171.181 -25.4354 -180.02 0.293481 2.64133 -80 2 -25 10 49806 1 
171.171 -25.4354 -180.02 0.293481 2.64133 -80 2 -25 10 49807 1 
171.161 -25.4354 -180.02 0.293481 2.64133 -80 2 -25 10 49808 1 
171.151 -25.4354 -180.02 0.293481 2.64133 -80 2 -25 10 49809 1 
171.142 -25.4354 -180.02 0.293481 2.64133 -80 2 -25 10 49810 1 
171.132 -25.4354 -180.02 0.293481 2.64133 -80 2 -25 10 49811 1 
171.122 -25.4354 -180.02 0.293481 2.64133 -80 2 -25 10 49812 1 
171.112 -25.4354 -180.02 0.293481 2.64133 -80 2 -25 10 49813 1 
171.103 -25.4354 -180.02 0.293481 2.64133 -80 2 -25 10 49814 1 
171.093 -25.4354 -180.02 0.293481 2.64133 -80 2 -25 10 49815 1 
171.083 -25.4354 -180.02 0.293481 2.64133 -80 2 -25 10 49816 1 
171.073 -25.4354 -180.02 0.293481 2.64133 -80 2 -25 10 49817 1 
171.063 -25.4354 -180.02 0.293481 2.64133 -80 2 -25 10 49818 1 
171.054 -25.4354 -180.02 0.293481 2.64133 -80 2 -25 10 49819 1 
171.044 -25.4354 -180.02 0.293481 2.64133 -80 2 -25 10 49820 1 
171.034 -25.4354 -180.02 0.293481 2.64133 -80 2 -25 10 49821 1 
171.024 -25.4354 -180.02 0.293481 2.64133 -80 2 -25 10 49822 1 
171.015 -25.4354 -180.02 0.293481 2.64133 -80 2 -25 10 49823 1 
171.005 -25.4354 -180.02 0.293481 2.64133 -80 2 -25 10 49824 1 
170.995 -25.4354 -180.02 0.293481 2.64133 -80 2 -25 10 49825 1 
170.985 -25.4354 -180.02 0.293481 2.64133 -80 2 -25 10 49826 1 
170.975 -25.4354 -180.02 0.293481 2.64133 -80 2 -25 10 49827 1 
170.966 -25.4354 -180.02 0.293481 2.64133 -80 2 -25 10 49828 1 
170.956 -25.4353 -180.02 0.293481 2.64133 -80 2 -25 10 49829 1 
170.946 -25.4353 -180.02 0.293481 2.64133 -80 2 -25 10 49830 1 
170.936 -25.4353 -180.02 0.293481 2.64133 -80 2 -25 10 49831 1 
170.926 -25.4353 -180.02 0.293481 2.64133 -80 2 -25 10 49832 1 
170.917 -25.4353 -180.02 0.293481 2.64133 -80 2 -25 10 49833 1 
170.907 -25.4353 -180.02 0.293481 2.64133 -80 2 -25 10 49834 1 
170.897 -25.4353 -180.02 0.293481 2.64133 -80 2 -25 10 49835 1 
170.887 -25.4353 -180.02 0.293481 2.64133 -80 2 -25 10 49836 1 
170.878 -25.4353 -180.02 0.293481 2.64133 -80 2 -25 10 49837 1 
170.868 -25.4353 -180.02 0.293481 2.64133 -80 2 -25 10 49838 1 
170.858 -25.4353 -180.02 0.293481 2.64133 -80 2 -25 10 49839 1 
170.848 -25.4353 -180.02 0.293481 2.64133 -80 2 -25 10 49840 1 
170.838 -25.4353 -180.02 0.293481 2.64133 -80 2 -25 10 49841 1 
170.829 -25.4353 -180.02 0.293481 2.64133 -80 2 -25 10 49842 1 
170.819 -25.4353 -180.02 0.293481 2.64133 -80 2 -25 10 49843 1 
170.809 -25.4353 -180.02 0.293481 2.64133 -80 2 -25 10 49844 1 
170.799 -25.4353 -180.02 0.293481 2.64133 -80 2 -25 10 49845 1 
170.79 -25.4353 -180.02 0.293481 2.64133 -80 2 -25 10 49846 1 
170.78 -25.4353 -180.02 0.293481 2.64133 -80 2 -25 10 49847 1 
170.77 -25.4353 -180.02 0.293481 2.64133 -80 2 -25 10 49848 1 
170.76 -25.4353 -180.02 0.293481 2.64133 -80 2 -25 10 49849 1 
170.75 -25.4353 -180.02 0.293481 2.64133 -80 2 -25 10 49850 1 
170.741 -25.4353 -180.02 0.293481 2.64133 -80 2 -25 10 49851 1 
170.731 -25.4353 -180.02 0.293481 2.64133 -80 2 -25 10 49852 1 
170.721 -25.4353 -180.02 0.293481 2.64133 -80 2 -25 10 49853 1 
170.711 -25.4353 -180.02 0.293481 2.64133 -80 2 -25 10 49854 1 
170.702 -25.4352 -180.02 0.293481 2.64133 -80 2 -25 10 49855 1 
170.692 -25.4352 -180.02 0.293481 2.64133 -80 2 -25 10 49856 1 
170.682 -25.4352 -180.02 0.293481 2.64133 -80 2 -25 10 49857 1 
170.672 -25.4352 -180.02 0.293481 2.64133 -80 2 -25 10 49858 1 
170.662 -25.4352 -180.02 0.293481 2.64133 -80 2 -25 10 49859 1 
170.653 -25.4352 -180.02 0.293481 2.64133 -80 2 -25 10 49860 1 
170.643 -25.4352 -180.02 0.293481 2.64133 -80 2 -25 10 49861 1 
170.633 -25.4352 -180.02 0.293481 2.64133 -80 2 -25 10 49862 1 
170.623 -25.4352 -180.02 0.293481 2.64133 -80 2 -25 10 49863 1 
170.614 -25.4352 -180.02 0.293481 2.64133 -80 2 -25 10 49864 1 
170.604 -25.4352 -180.02 0.293481 2.64133 -80 2 -25 10 49865 1 
170.594 -25.4352 -180.02 0.293481 2.64133 -80 2 -25 10 49866 1 
170.584 -25.4352 -180.02 0.293481 2.64133 -80 2 -25 10 49867 1 
170.574 -25.4352 -180.02 0.293481 2.64133 -80 2 -25 10 49868 1 
170.565 -25.4352 -180.02 0.293481 2.64133 -80 2 -25 10 49869 1 
170.555 -25.4352 -180.02 0.293481 2.64133 -80 2 -25 10 49870 1 
170.545 -25.4352 -180.02 0.293481 2.64133 -80 2 -25 10 49871 1 
170.535 -25.4352 -180.02 0.293481 2.64133 -80 2 -25 10 49872 1 
170.525 -25.4352 -180.02 0.293481 2.64133 -80 2 -25 10 49873 1 
170.516 -25.4352 -180.02 0.293481 2.64133 -80 2 -25 10 49874 1 
170.506 -25.4352 -180.02 0.293481 2.64133 -80 2 -25 10 49875 1 
170.496 -25.4352 -180.02 0.293481 2.64133 -80 2 -25 10 49876 1 
170.486 -25.4352 -180.02 0.293481 2.64133 -80 2 -25 10 49877 1 
170.477 -25.4352 -180.02 0.293481 2.64133 -80 2 -25 10 49878 1 
170.467 -25.4352 -180.02 0.293481 2.64133 -80 2 -25 10 49879 1 
170.457 -25.4352 -180.02 0.293481 2.64133 -80 2 -25 10 49880 1 
170.447 -25.4351 -180.02 0.293481 2.64133 -80 2 -25 10 49881 1 
170.437 -25.4351 -180.02 0.293481 2.64133 -80 2 -25 10 49882 1 
170.428 -25.4351 -180.02 0.293481 2.64133 -80 2 -25 10 49883 1 
170.418 -25.4351 -180.02 0.293481 2.64133 -80 2 -25 10 49884 1 
170.408 -25.4351 -180.02 0.293481 2.64133 -80 2 -25 10 49885 1 
170.398 -25.4351 -180.02 0.293481 2.64133 -80 2 -25 10 49886 1 
170.389 -25.4351 -180.02 0.293481 2.64133 -80 2 -25 10 49887 1 
170.379 -25.4351 -180.02 0.293481 2.64133 -80 2 -25 10 49888 1 
170.369 -25.4351 -180.02 0.293481 2.64133 -80 2 -25 10 49889 1 
170.359 -25.4351 -180.02 0.293481 2.64133 -80 2 -25 10 49890 1 
170.349 -25.4351 -180.02 0.293481 2.64133 -80 2 -25 10 49891 1 
170.34 -25.4351 -180.02 0.293481 2.64133 -80 2 -25 10 49892 1 
170.33 -25.4351 -180.02 0.293481 2.64133 -80 2 -25 10 49893 1 
170.32 -25.4351 -180.02 0.293481 2.64133 -80 2 -25 10 49894 1 
170.31 -25.4351 -180.02 0.293481 2.64133 -80 2 -25 10 49895 1 
170.301 -25.4351 -180.02 0.293481 2.64133 -80 2 -25 10 49896 1 
170.291 -25.4351 -180.02 0.293481 2.64133 -80 2 -25 10 49897 1 
170.281 -25.4351 -180.02 0.293481 2.64133 -80 2 -25 10 49898 1 
170.271 -25.4351 -180.02 0.293481 2.64133 -80 2 -25 10 49899 1 
170.261 -25.4351 -180.02 0.293481 2.64133 -80 2 -25 10 49900 1 
170.252 -25.4351 -180.02 0.293481 2.64133 -80 2 -25 10 49901 1 
170.242 -25.4351 -180.02 0.293481 2.64133 -80 2 -25 10 49902 1 
170.232 -25.4351 -180.02 0.293481 2.64133 -80 2 -25 10 49903 1 
170.222 -25.4351 -180.02 0.293481 2.64133 -80 2 -25 10 49904 1 
170.212 -25.4351 -180.02 0.293481 2.64133 -80 2 -25 10 49905 1 
170.203 -25.4351 -180.02 0.293481 2.64133 -80 2 -25 10 49906 1 
170.193 -25.435 -180.02 0.293481 2.64133 -80 2 -25 10 49907 1 
170.183 -25.435 -180.02 0.293481 2.64133 -80 2 -25 10 49908 1 
170.173 -25.435 -180.02 0.293481 2.64133 -80 2 -25 10 49909 1 
170.164 -25.435 -180.02 0.293481 2.64133 -80 2 -25 10 49910 1 
170.154 -25.435 -180.02 0.293481 2.64133 -80 2 -25 10 49911 1 
170.144 -25.435 -180.02 0.293481 2.64133 -80 2 -25 10 49912 1 
170.134 -25.435 -180.02 0.293481 2.64133 -80 2 -25 10 49913 1 
170.124 -25.435 -180.02 0.293481 2.64133 -80 2 -25 10 49914 1 
170.115 -25.435 -180.02 0.293481 2.64133 -80 2 -25 10 49915 1 
170.105 -25.435 -180.02 0.293481 2.64133 -80 2 -25 10 49916 1 
170.095 -25.435 -180.02 0.293481 2.64133 -80 2 -25 10 49917 1 
170.085 -25.435 -180.02 0.293481 2.64133 -80 2 -25 10 49918 1 
170.076 -25.435 -180.02 0.293481 2.64133 -80 2 -25 10 49919 1 
170.066 -25.435 -180.02 0.293481 2.64133 -80 2 -25 10 49920 1 
170.056 -25.435 -180.02 0.293481 2.64133 -80 2 -25 10 49921 1 
170.046 -25.435 -180.02 0.293481 2.64133 -80 2 -25 10 49922 1 
170.036 -25.435 -180.02 0.293481 2.64133 -80 2 -25 10 49923 1 
170.027 -25.435 -180.02 0.293481 2.64133 -80 2 -25 10 49924 1 
170.017 -25.435 -180.02 0.293481 2.64133 -80 2 -25 10 49925 1 
170.007 -25.435 -180.02 0.293481 2.64133 -80 2 -25 10 49926 1 
169.997 -25.435 -180.02 0.293481 2.64133 -80 2 -25 10 49927 1 
169.988 -25.435 -180.02 0.293481 2.64133 -80 2 -25 10 49928 1 
169.978 -25.435 -180.02 0.293481 2.64133 -80 2 -25 10 49929 1 
169.968 -25.435 -180.02 0.293481 2.64133 -80 2 -25 10 49930 1 
169.958 -25.435 -180.02 0.293481 2.64133 -80 2 -25 10 49931 1 
169.948 -25.435 -180.02 0.293481 2.64133 -80 2 -25 10 49932 1 
169.939 -25.4349 -180.02 0.293481 2.64133 -80 2 -25 10 49933 1 
169.929 -25.4349 -180.02 0.293481 2.64133 -80 2 -25 10 49934 1 
169.919 -25.4349 -180.02 0.293481 2.64133 -80 2 -25 10 49935 1 
169.909 -25.4349 -180.02 0.293481 2.64133 -80 2 -25 10 49936 1 
169.9 -25.4349 -180.02 0.293481 2.64133 -80 2 -25 10 49937 1 
169.89 -25.4349 -180.02 0.293481 2.64133 -80 2 -25 10 49938 1 
169.88 -25.4349 -180.02 0.293481 2.64133 -80 2 -25 10 49939 1 
169.87 -25.4349 -180.02 0.293481 2.64133 -80 2 -25 10 49940 1 
169.86 -25.4349 -180.02 0.293481 2.64133 -80 2 -25 10 49941 1 
169.851 -25.4349 -180.02 0.293481 2.64133 -80 2 -25 10 49942 1 
169.841 -25.4349 -180.02 0.293481 2.64133 -80 2 -25 10 49943 1 
169.831 -25.4349 -180.02 0.293481 2.64133 -80 2 -25 10 49944 1 
169.821 -25.4349 -180.02 0.293481 2.64133 -80 2 -25 10 49945 1 
169.811 -25.4349 -180.02 0.293481 2.64133 -80 2 -25 10 49946 1 
169.802 -25.4349 -180.02 0.293481 2.64133 -80 2 -25 10 49947 1 
169.792 -25.4349 -180.02 0.293481 2.64133 -80 2 -25 10 49948 1 
169.782 -25.4349 -180.02 0.293481 2.64133 -80 2 -25 10 49949 1 
169.772 -25.4349 -180.02 0.293481 2.64133 -80 2 -25 10 49950 1 
169.763 -25.4349 -180.02 0.293481 2.64133 -80 2 -25 10 49951 1 
169.753 -25.4349 -180.02 0.293481 2.64133 -80 2 -25 10 49952 1 
169.743 -25.4349 -180.02 0.293481 2.64133 -80 2 -25 10 49953 1 
169.733 -25.4349 -180.02 0.293481 2.64133 -80 2 -25 10 49954 1 
169.723 -25.4349 -180.02 0.293481 2.64133 -80 2 -25 10 49955 1 
169.714 -25.4349 -180.02 0.293481 2.64133 -80 2 -25 10 49956 1 
169.704 -25.4349 -180.02 0.293481 2.64133 -80 2 -25 10 49957 1 
169.694 -25.4349 -180.02 0.293481 2.64133 -80 2 -25 10 49958 1 
169.684 -25.4349 -180.02 0.293481 2.64133 -80 2 -25 10 49959 1 
169.675 -25.4348 -180.02 0.293481 2.64133 -80 2 -25 10 49960 1 
169.665 -25.4348 -180.02 0.293481 2.64133 -80 2 -25 10 49961 1 
169.655 -25.4348 -180.02 0.293481 2.64133 -80 2 -25 10 49962 1 
169.645 -25.4348 -180.02 0.293481 2.64133 -80 2 -25 10 49963 1 
169.635 -25.4348 -180.02 0.293481 2.64133 -80 2 -25 10 49964 1 
169.626 -25.4348 -180.02 0.293481 2.64133 -80 2 -25 10 49965 1 
169.616 -25.4348 -180.02 0.293481 2.64133 -80 2 -25 10 49966 1 
169.606 -25.4348 -180.02 0.293481 2.64133 -80 2 -25 10 49967 1 
169.596 -25.4348 -180.02 0.293481 2.64133 -80 2 -25 10 49968 1 
169.587 -25.4348 -180.02 0.293481 2.64133 -80 2 -25 10 49969 1 
169.577 -25.4348 -180.02 0.293481 2.64133 -80 2 -25 10 49970 1 
169.567 -25.4348 -180.02 0.293481 2.64133 -80 2 -25 10 49971 1 
169.557 -25.4348 -180.02 0.293481 2.64133 -80 2 -25 10 49972 1 
169.547 -25.4348 -180.02 0.293481 2.64133 -80 2 -25 10 49973 1 
169.538 -25.4348 -180.02 0.293481 2.64133 -80 2 -25 10 49974 1 
169.528 -25.4348 -180.02 0.293481 2.64133 -80 2 -25 10 49975 1 
169.518 -25.4348 -180.02 0.293481 2.64133 -80 2 -25 10 49976 1 
169.508 -25.4348 -180.02 0.293481 2.64133 -80 2 -25 10 49977 1 
169.498 -25.4348 -180.02 0.293481 2.64133 -80 2 -25 10 49978 1 
169.489 -25.4348 -180.02 0.293481 2.64133 -80 2 -25 10 49979 1 
169.479 -25.4348 -180.02 0.293481 2.64133 -80 2 -25 10 49980 1 
169.469 -25.4348 -180.02 0.293481 2.64133 -80 2 -25 10 49981 1 
169.459 -25.4348 -180.02 0.293481 2.64133 -80 2 -25 10 49982 1 
169.45 -25.4348 -180.02 0.293481 2.64133 -80 2 -25 10 49983 1 
169.44 -25.4348 -180.02 0.293481 2.64133 -80 2 -25 10 49984 1 
169.43 -25.4348 -180.02 0.293481 2.64133 -80 2 -25 10 49985 1 
169.42 -25.4347 -180.02 0.293481 2.64133 -80 2 -25 10 49986 1 
169.41 -25.4347 -180.02 0.293481 2.64133 -80 2 -25 10 49987 1 
169.401 -25.4347 -180.02 0.293481 2.64133 -80 2 -25 10 49988 1 
169.391 -25.4347 -180.02 0.293481 2.64133 -80 2 -25 10 49989 1 
169.381 -25.4347 -180.02 0.293481 2.64133 -80 2 -25 10 49990 1 
169.371 -25.4347 -180.02 0.293481 2.64133 -80 2 -25 10 49991 1 
169.362 -25.4347 -180.02 0.293481 2.64133 -80 2 -25 10 49992 1 
169.352 -25.4347 -180.02 0.293481 2.64133 -80 2 -25 10 49993 1 
169.342 -25.4347 -180.02 0.293481 2.64133 -80 2 -25 10 49994 1 
169.332 -25.4347 -180.02 0.293481 2.64133 -80 2 -25 10 49995 1 
169.322 -25.4347 -180.02 0.293481 2.64133 -80 2 -25 10 49996 1 
169.313 -25.4347 -180.02 0.293481 2.64133 -80 2 -25 10 49997 1 
169.303 -25.4347 -180.02 0.293481 2.64133 -80 2 -25 10 49998 1 
169.293 -25.4347 -180.02 0.293481 2.64133 -80 2 -25 10 49999 1 
