128.404 -25.911 -181.495 0.371798 3.34618 -80 2 -25 10 49722 1 
128.391 -25.9106 -181.471 0.371798 3.34618 -80 2 -25 10 49723 1 
128.379 -25.9103 -181.447 0.371798 3.34618 -80 2 -25 10 49724 1 
128.366 -25.91 -181.424 0.371798 3.34618 -80 2 -25 10 49725 1 
128.354 -25.9097 -181.401 0.371798 3.34618 -80 2 -25 10 49726 1 
128.342 -25.9094 -181.378 0.371798 3.34618 -80 2 -25 10 49727 1 
128.329 -25.9091 -181.356 0.371798 3.34618 -80 2 -25 10 49728 1 
128.317 -25.9088 -181.334 0.371798 3.34618 -80 2 -25 10 49729 1 
128.304 -25.9085 -181.313 0.371798 3.34618 -80 2 -25 10 49730 1 
128.292 -25.9082 -181.292 0.371798 3.34618 -80 2 -25 10 49731 1 
128.28 -25.908 -181.271 0.371798 3.34618 -80 2 -25 10 49732 1 
128.267 -25.9077 -181.251 0.371798 3.34618 -80 2 -25 10 49733 1 
128.255 -25.9074 -181.231 0.371798 3.34618 -80 2 -25 10 49734 1 
128.243 -25.9071 -181.211 0.371798 3.34618 -80 2 -25 10 49735 1 
128.23 -25.9069 -181.192 0.371798 3.34618 -80 2 -25 10 49736 1 
128.218 -25.9066 -181.173 0.371798 3.34618 -80 2 -25 10 49737 1 
128.205 -25.9064 -181.154 0.371798 3.34618 -80 2 -25 10 49738 1 
128.193 -25.9061 -181.136 0.371798 3.34618 -80 2 -25 10 49739 1 
128.181 -25.9059 -181.118 0.371798 3.34618 -80 2 -25 10 49740 1 
128.168 -25.9056 -181.1 0.371798 3.34618 -80 2 -25 10 49741 1 
128.156 -25.9054 -181.082 0.371798 3.34618 -80 2 -25 10 49742 1 
128.143 -25.9052 -181.065 0.371798 3.34618 -80 2 -25 10 49743 1 
128.131 -25.9049 -181.048 0.371798 3.34618 -80 2 -25 10 49744 1 
128.119 -25.9047 -181.032 0.371798 3.34618 -80 2 -25 10 49745 1 
128.106 -25.9045 -181.015 0.371798 3.34618 -80 2 -25 10 49746 1 
128.094 -25.9043 -180.999 0.371798 3.34618 -80 2 -25 10 49747 1 
128.081 -25.904 -180.983 0.371798 3.34618 -80 2 -25 10 49748 1 
128.069 -25.9038 -180.968 0.371798 3.34618 -80 2 -25 10 49749 1 
128.057 -25.9036 -180.953 0.371798 3.34618 -80 2 -25 10 49750 1 
128.044 -25.9034 -180.937 0.371798 3.34618 -80 2 -25 10 49751 1 
128.032 -25.9032 -180.923 0.371798 3.34618 -80 2 -25 10 49752 1 
128.019 -25.903 -180.908 0.371798 3.34618 -80 2 -25 10 49753 1 
128.007 -25.9028 -180.894 0.371798 3.34618 -80 2 -25 10 49754 1 
127.995 -25.9026 -180.88 0.371798 3.34618 -80 2 -25 10 49755 1 
127.982 -25.9024 -180.866 0.371798 3.34618 -80 2 -25 10 49756 1 
127.97 -25.9022 -180.852 0.371798 3.34618 -80 2 -25 10 49757 1 
127.958 -25.9021 -180.839 0.371798 3.34618 -80 2 -25 10 49758 1 
127.945 -25.9019 -180.826 0.371798 3.34618 -80 2 -25 10 49759 1 
127.933 -25.9017 -180.813 0.371798 3.34618 -80 2 -25 10 49760 1 
127.92 -25.9015 -180.8 0.371798 3.34618 -80 2 -25 10 49761 1 
127.908 -25.9013 -180.788 0.371798 3.34618 -80 2 -25 10 49762 1 
127.896 -25.9012 -180.775 0.371798 3.34618 -80 2 -25 10 49763 1 
127.883 -25.901 -180.763 0.371798 3.34618 -80 2 -25 10 49764 1 
127.871 -25.9008 -180.751 0.371798 3.34618 -80 2 -25 10 49765 1 
127.858 -25.9007 -180.74 0.371798 3.34618 -80 2 -25 10 49766 1 
127.846 -25.9005 -180.728 0.371798 3.34618 -80 2 -25 10 49767 1 
127.834 -25.9004 -180.717 0.371798 3.34618 -80 2 -25 10 49768 1 
127.821 -25.9002 -180.706 0.371798 3.34618 -80 2 -25 10 49769 1 
127.809 -25.9001 -180.695 0.371798 3.34618 -80 2 -25 10 49770 1 
127.796 -25.8999 -180.684 0.371798 3.34618 -80 2 -25 10 49771 1 
127.784 -25.8998 -180.674 0.371798 3.34618 -80 2 -25 10 49772 1 
127.772 -25.8996 -180.663 0.371798 3.34618 -80 2 -25 10 49773 1 
127.759 -25.8995 -180.653 0.371798 3.34618 -80 2 -25 10 49774 1 
127.747 -25.8993 -180.643 0.371798 3.34618 -80 2 -25 10 49775 1 
127.735 -25.8992 -180.633 0.371798 3.34618 -80 2 -25 10 49776 1 
127.722 -25.899 -180.623 0.371798 3.34618 -80 2 -25 10 49777 1 
127.71 -25.8989 -180.614 0.371798 3.34618 -80 2 -25 10 49778 1 
127.697 -25.8988 -180.604 0.371798 3.34618 -80 2 -25 10 49779 1 
127.685 -25.8986 -180.595 0.371798 3.34618 -80 2 -25 10 49780 1 
127.673 -25.8985 -180.586 0.371798 3.34618 -80 2 -25 10 49781 1 
127.66 -25.8984 -180.577 0.371798 3.34618 -80 2 -25 10 49782 1 
127.648 -25.8983 -180.568 0.371798 3.34618 -80 2 -25 10 49783 1 
127.635 -25.8981 -180.56 0.371798 3.34618 -80 2 -25 10 49784 1 
127.623 -25.898 -180.551 0.371798 3.34618 -80 2 -25 10 49785 1 
127.611 -25.8979 -180.543 0.371798 3.34618 -80 2 -25 10 49786 1 
127.598 -25.8978 -180.535 0.371798 3.34618 -80 2 -25 10 49787 1 
127.586 -25.8977 -180.527 0.371798 3.34618 -80 2 -25 10 49788 1 
127.573 -25.8976 -180.519 0.371798 3.34618 -80 2 -25 10 49789 1 
127.561 -25.8974 -180.511 0.371798 3.34618 -80 2 -25 10 49790 1 
127.549 -25.8973 -180.503 0.371798 3.34618 -80 2 -25 10 49791 1 
127.536 -25.8972 -180.496 0.371798 3.34618 -80 2 -25 10 49792 1 
127.524 -25.8971 -180.488 0.371798 3.34618 -80 2 -25 10 49793 1 
127.511 -25.897 -180.481 0.371798 3.34618 -80 2 -25 10 49794 1 
127.499 -25.8969 -180.474 0.371798 3.34618 -80 2 -25 10 49795 1 
127.487 -25.8968 -180.467 0.371798 3.34618 -80 2 -25 10 49796 1 
127.474 -25.8967 -180.46 0.371798 3.34618 -80 2 -25 10 49797 1 
127.462 -25.8966 -180.453 0.371798 3.34618 -80 2 -25 10 49798 1 
127.45 -25.8965 -180.446 0.371798 3.34618 -80 2 -25 10 49799 1 
127.437 -25.8964 -180.44 0.371798 3.34618 -80 2 -25 10 49800 1 
127.425 -25.8963 -180.433 0.371798 3.34618 -80 2 -25 10 49801 1 
127.412 -25.8962 -180.427 0.371798 3.34618 -80 2 -25 10 49802 1 
127.4 -25.8961 -180.42 0.371798 3.34618 -80 2 -25 10 49803 1 
127.388 -25.896 -180.414 0.371798 3.34618 -80 2 -25 10 49804 1 
127.375 -25.896 -180.408 0.371798 3.34618 -80 2 -25 10 49805 1 
127.363 -25.8959 -180.402 0.371798 3.34618 -80 2 -25 10 49806 1 
127.35 -25.8958 -180.396 0.371798 3.34618 -80 2 -25 10 49807 1 
127.338 -25.8957 -180.391 0.371798 3.34618 -80 2 -25 10 49808 1 
127.326 -25.8956 -180.385 0.371798 3.34618 -80 2 -25 10 49809 1 
127.313 -25.8955 -180.379 0.371798 3.34618 -80 2 -25 10 49810 1 
127.301 -25.8954 -180.374 0.371798 3.34618 -80 2 -25 10 49811 1 
127.288 -25.8954 -180.368 0.371798 3.34618 -80 2 -25 10 49812 1 
127.276 -25.8953 -180.363 0.371798 3.34618 -80 2 -25 10 49813 1 
127.264 -25.8952 -180.358 0.371798 3.34618 -80 2 -25 10 49814 1 
127.251 -25.8951 -180.353 0.371798 3.34618 -80 2 -25 10 49815 1 
127.239 -25.895 -180.348 0.371798 3.34618 -80 2 -25 10 49816 1 
127.227 -25.895 -180.343 0.371798 3.34618 -80 2 -25 10 49817 1 
127.214 -25.8949 -180.338 0.371798 3.34618 -80 2 -25 10 49818 1 
127.202 -25.8948 -180.333 0.371798 3.34618 -80 2 -25 10 49819 1 
127.189 -25.8948 -180.328 0.371798 3.34618 -80 2 -25 10 49820 1 
127.177 -25.8947 -180.324 0.371798 3.34618 -80 2 -25 10 49821 1 
127.165 -25.8946 -180.319 0.371798 3.34618 -80 2 -25 10 49822 1 
127.152 -25.8945 -180.315 0.371798 3.34618 -80 2 -25 10 49823 1 
127.14 -25.8945 -180.31 0.371798 3.34618 -80 2 -25 10 49824 1 
127.127 -25.8944 -180.306 0.371798 3.34618 -80 2 -25 10 49825 1 
127.115 -25.8943 -180.302 0.371798 3.34618 -80 2 -25 10 49826 1 
127.103 -25.8943 -180.297 0.371798 3.34618 -80 2 -25 10 49827 1 
127.09 -25.8942 -180.293 0.371798 3.34618 -80 2 -25 10 49828 1 
127.078 -25.8941 -180.289 0.371798 3.34618 -80 2 -25 10 49829 1 
127.065 -25.8941 -180.285 0.371798 3.34618 -80 2 -25 10 49830 1 
127.053 -25.894 -180.281 0.371798 3.34618 -80 2 -25 10 49831 1 
127.041 -25.894 -180.277 0.371798 3.34618 -80 2 -25 10 49832 1 
127.028 -25.8939 -180.274 0.371798 3.34618 -80 2 -25 10 49833 1 
127.016 -25.8938 -180.27 0.371798 3.34618 -80 2 -25 10 49834 1 
127.003 -25.8938 -180.266 0.371798 3.34618 -80 2 -25 10 49835 1 
126.991 -25.8937 -180.263 0.371798 3.34618 -80 2 -25 10 49836 1 
126.979 -25.8937 -180.259 0.371798 3.34618 -80 2 -25 10 49837 1 
126.966 -25.8936 -180.256 0.371798 3.34618 -80 2 -25 10 49838 1 
126.954 -25.8936 -180.252 0.371798 3.34618 -80 2 -25 10 49839 1 
126.942 -25.8935 -180.249 0.371798 3.34618 -80 2 -25 10 49840 1 
126.929 -25.8935 -180.246 0.371798 3.34618 -80 2 -25 10 49841 1 
126.917 -25.8934 -180.242 0.371798 3.34618 -80 2 -25 10 49842 1 
126.904 -25.8933 -180.239 0.371798 3.34618 -80 2 -25 10 49843 1 
126.892 -25.8933 -180.236 0.371798 3.34618 -80 2 -25 10 49844 1 
126.88 -25.8932 -180.233 0.371798 3.34618 -80 2 -25 10 49845 1 
126.867 -25.8932 -180.23 0.371798 3.34618 -80 2 -25 10 49846 1 
126.855 -25.8931 -180.227 0.371798 3.34618 -80 2 -25 10 49847 1 
126.842 -25.8931 -180.224 0.371798 3.34618 -80 2 -25 10 49848 1 
126.83 -25.893 -180.221 0.371798 3.34618 -80 2 -25 10 49849 1 
126.818 -25.893 -180.218 0.371798 3.34618 -80 2 -25 10 49850 1 
126.805 -25.893 -180.215 0.371798 3.34618 -80 2 -25 10 49851 1 
126.793 -25.8929 -180.213 0.371798 3.34618 -80 2 -25 10 49852 1 
126.78 -25.8929 -180.21 0.371798 3.34618 -80 2 -25 10 49853 1 
126.768 -25.8928 -180.207 0.371798 3.34618 -80 2 -25 10 49854 1 
126.756 -25.8928 -180.205 0.371798 3.34618 -80 2 -25 10 49855 1 
126.743 -25.8927 -180.202 0.371798 3.34618 -80 2 -25 10 49856 1 
126.731 -25.8927 -180.199 0.371798 3.34618 -80 2 -25 10 49857 1 
126.719 -25.8926 -180.197 0.371798 3.34618 -80 2 -25 10 49858 1 
126.706 -25.8926 -180.194 0.371798 3.34618 -80 2 -25 10 49859 1 
126.694 -25.8926 -180.192 0.371798 3.34618 -80 2 -25 10 49860 1 
126.681 -25.8925 -180.19 0.371798 3.34618 -80 2 -25 10 49861 1 
126.669 -25.8925 -180.187 0.371798 3.34618 -80 2 -25 10 49862 1 
126.657 -25.8924 -180.185 0.371798 3.34618 -80 2 -25 10 49863 1 
126.644 -25.8924 -180.183 0.371798 3.34618 -80 2 -25 10 49864 1 
126.632 -25.8924 -180.181 0.371798 3.34618 -80 2 -25 10 49865 1 
126.619 -25.8923 -180.178 0.371798 3.34618 -80 2 -25 10 49866 1 
126.607 -25.8923 -180.176 0.371798 3.34618 -80 2 -25 10 49867 1 
126.595 -25.8922 -180.174 0.371798 3.34618 -80 2 -25 10 49868 1 
126.582 -25.8922 -180.172 0.371798 3.34618 -80 2 -25 10 49869 1 
126.57 -25.8922 -180.17 0.371798 3.34618 -80 2 -25 10 49870 1 
126.557 -25.8921 -180.168 0.371798 3.34618 -80 2 -25 10 49871 1 
126.545 -25.8921 -180.166 0.371798 3.34618 -80 2 -25 10 49872 1 
126.533 -25.8921 -180.164 0.371798 3.34618 -80 2 -25 10 49873 1 
126.52 -25.892 -180.162 0.371798 3.34618 -80 2 -25 10 49874 1 
126.508 -25.892 -180.16 0.371798 3.34618 -80 2 -25 10 49875 1 
126.495 -25.8919 -180.159 0.371798 3.34618 -80 2 -25 10 49876 1 
126.483 -25.8919 -180.157 0.371798 3.34618 -80 2 -25 10 49877 1 
126.471 -25.8919 -180.155 0.371798 3.34618 -80 2 -25 10 49878 1 
126.458 -25.8918 -180.153 0.371798 3.34618 -80 2 -25 10 49879 1 
126.446 -25.8918 -180.151 0.371798 3.34618 -80 2 -25 10 49880 1 
126.434 -25.8918 -180.15 0.371798 3.34618 -80 2 -25 10 49881 1 
126.421 -25.8917 -180.148 0.371798 3.34618 -80 2 -25 10 49882 1 
126.409 -25.8917 -180.146 0.371798 3.34618 -80 2 -25 10 49883 1 
126.396 -25.8917 -180.145 0.371798 3.34618 -80 2 -25 10 49884 1 
126.384 -25.8917 -180.143 0.371798 3.34618 -80 2 -25 10 49885 1 
126.372 -25.8916 -180.142 0.371798 3.34618 -80 2 -25 10 49886 1 
126.359 -25.8916 -180.14 0.371798 3.34618 -80 2 -25 10 49887 1 
126.347 -25.8916 -180.139 0.371798 3.34618 -80 2 -25 10 49888 1 
126.334 -25.8915 -180.137 0.371798 3.34618 -80 2 -25 10 49889 1 
126.322 -25.8915 -180.136 0.371798 3.34618 -80 2 -25 10 49890 1 
126.31 -25.8915 -180.134 0.371798 3.34618 -80 2 -25 10 49891 1 
126.297 -25.8914 -180.133 0.371798 3.34618 -80 2 -25 10 49892 1 
126.285 -25.8914 -180.132 0.371798 3.34618 -80 2 -25 10 49893 1 
126.272 -25.8914 -180.13 0.371798 3.34618 -80 2 -25 10 49894 1 
126.26 -25.8914 -180.129 0.371798 3.34618 -80 2 -25 10 49895 1 
126.248 -25.8913 -180.128 0.371798 3.34618 -80 2 -25 10 49896 1 
126.235 -25.8913 -180.126 0.371798 3.34618 -80 2 -25 10 49897 1 
126.223 -25.8913 -180.125 0.371798 3.34618 -80 2 -25 10 49898 1 
126.211 -25.8912 -180.124 0.371798 3.34618 -80 2 -25 10 49899 1 
126.198 -25.8912 -180.122 0.371798 3.34618 -80 2 -25 10 49900 1 
126.186 -25.8912 -180.121 0.371798 3.34618 -80 2 -25 10 49901 1 
126.173 -25.8912 -180.12 0.371798 3.34618 -80 2 -25 10 49902 1 
126.161 -25.8911 -180.119 0.371798 3.34618 -80 2 -25 10 49903 1 
126.149 -25.8911 -180.118 0.371798 3.34618 -80 2 -25 10 49904 1 
126.136 -25.8911 -180.117 0.371798 3.34618 -80 2 -25 10 49905 1 
126.124 -25.8911 -180.116 0.371798 3.34618 -80 2 -25 10 49906 1 
126.111 -25.891 -180.114 0.371798 3.34618 -80 2 -25 10 49907 1 
126.099 -25.891 -180.113 0.371798 3.34618 -80 2 -25 10 49908 1 
126.087 -25.891 -180.112 0.371798 3.34618 -80 2 -25 10 49909 1 
126.074 -25.891 -180.111 0.371798 3.34618 -80 2 -25 10 49910 1 
126.062 -25.8909 -180.11 0.371798 3.34618 -80 2 -25 10 49911 1 
126.049 -25.8909 -180.109 0.371798 3.34618 -80 2 -25 10 49912 1 
126.037 -25.8909 -180.108 0.371798 3.34618 -80 2 -25 10 49913 1 
126.025 -25.8909 -180.107 0.371798 3.34618 -80 2 -25 10 49914 1 
126.012 -25.8909 -180.106 0.371798 3.34618 -80 2 -25 10 49915 1 
126 -25.8908 -180.105 0.371798 3.34618 -80 2 -25 10 49916 1 
125.988 -25.8908 -180.104 0.371798 3.34618 -80 2 -25 10 49917 1 
125.975 -25.8908 -180.104 0.371798 3.34618 -80 2 -25 10 49918 1 
125.963 -25.8908 -180.103 0.371798 3.34618 -80 2 -25 10 49919 1 
125.95 -25.8907 -180.102 0.371798 3.34618 -80 2 -25 10 49920 1 
125.938 -25.8907 -180.101 0.371798 3.34618 -80 2 -25 10 49921 1 
125.926 -25.8907 -180.1 0.371798 3.34618 -80 2 -25 10 49922 1 
125.913 -25.8907 -180.099 0.371798 3.34618 -80 2 -25 10 49923 1 
125.901 -25.8906 -180.098 0.371798 3.34618 -80 2 -25 10 49924 1 
125.888 -25.8906 -180.098 0.371798 3.34618 -80 2 -25 10 49925 1 
125.876 -25.8906 -180.097 0.371798 3.34618 -80 2 -25 10 49926 1 
125.864 -25.8906 -180.096 0.371798 3.34618 -80 2 -25 10 49927 1 
125.851 -25.8906 -180.095 0.371798 3.34618 -80 2 -25 10 49928 1 
125.839 -25.8905 -180.095 0.371798 3.34618 -80 2 -25 10 49929 1 
125.826 -25.8905 -180.094 0.371798 3.34618 -80 2 -25 10 49930 1 
125.814 -25.8905 -180.093 0.371798 3.34618 -80 2 -25 10 49931 1 
125.802 -25.8905 -180.092 0.371798 3.34618 -80 2 -25 10 49932 1 
125.789 -25.8905 -180.092 0.371798 3.34618 -80 2 -25 10 49933 1 
125.777 -25.8904 -180.091 0.371798 3.34618 -80 2 -25 10 49934 1 
125.764 -25.8904 -180.09 0.371798 3.34618 -80 2 -25 10 49935 1 
125.752 -25.8904 -180.09 0.371798 3.34618 -80 2 -25 10 49936 1 
125.74 -25.8904 -180.089 0.371798 3.34618 -80 2 -25 10 49937 1 
125.727 -25.8904 -180.088 0.371798 3.34618 -80 2 -25 10 49938 1 
125.715 -25.8903 -180.088 0.371798 3.34618 -80 2 -25 10 49939 1 
125.703 -25.8903 -180.087 0.371798 3.34618 -80 2 -25 10 49940 1 
125.69 -25.8903 -180.086 0.371798 3.34618 -80 2 -25 10 49941 1 
125.678 -25.8903 -180.086 0.371798 3.34618 -80 2 -25 10 49942 1 
125.665 -25.8903 -180.085 0.371798 3.34618 -80 2 -25 10 49943 1 
125.653 -25.8903 -180.085 0.371798 3.34618 -80 2 -25 10 49944 1 
125.641 -25.8902 -180.084 0.371798 3.34618 -80 2 -25 10 49945 1 
125.628 -25.8902 -180.083 0.371798 3.34618 -80 2 -25 10 49946 1 
125.616 -25.8902 -180.083 0.371798 3.34618 -80 2 -25 10 49947 1 
125.603 -25.8902 -180.082 0.371798 3.34618 -80 2 -25 10 49948 1 
125.591 -25.8902 -180.082 0.371798 3.34618 -80 2 -25 10 49949 1 
125.579 -25.8901 -180.081 0.371798 3.34618 -80 2 -25 10 49950 1 
125.566 -25.8901 -180.081 0.371798 3.34618 -80 2 -25 10 49951 1 
125.554 -25.8901 -180.08 0.371798 3.34618 -80 2 -25 10 49952 1 
125.541 -25.8901 -180.08 0.371798 3.34618 -80 2 -25 10 49953 1 
125.529 -25.8901 -180.079 0.371798 3.34618 -80 2 -25 10 49954 1 
125.517 -25.8901 -180.079 0.371798 3.34618 -80 2 -25 10 49955 1 
125.504 -25.89 -180.078 0.371798 3.34618 -80 2 -25 10 49956 1 
125.492 -25.89 -180.078 0.371798 3.34618 -80 2 -25 10 49957 1 
125.48 -25.89 -180.077 0.371798 3.34618 -80 2 -25 10 49958 1 
125.467 -25.89 -180.077 0.371798 3.34618 -80 2 -25 10 49959 1 
125.455 -25.89 -180.076 0.371798 3.34618 -80 2 -25 10 49960 1 
125.442 -25.89 -180.076 0.371798 3.34618 -80 2 -25 10 49961 1 
125.43 -25.8899 -180.076 0.371798 3.34618 -80 2 -25 10 49962 1 
125.418 -25.8899 -180.075 0.371798 3.34618 -80 2 -25 10 49963 1 
125.405 -25.8899 -180.075 0.371798 3.34618 -80 2 -25 10 49964 1 
125.393 -25.8899 -180.074 0.371798 3.34618 -80 2 -25 10 49965 1 
125.38 -25.8899 -180.074 0.371798 3.34618 -80 2 -25 10 49966 1 
125.368 -25.8899 -180.074 0.371798 3.34618 -80 2 -25 10 49967 1 
125.356 -25.8898 -180.073 0.371798 3.34618 -80 2 -25 10 49968 1 
125.343 -25.8898 -180.073 0.371798 3.34618 -80 2 -25 10 49969 1 
125.331 -25.8898 -180.072 0.371798 3.34618 -80 2 -25 10 49970 1 
125.318 -25.8898 -180.072 0.371798 3.34618 -80 2 -25 10 49971 1 
125.306 -25.8898 -180.072 0.371798 3.34618 -80 2 -25 10 49972 1 
125.294 -25.8898 -180.071 0.371798 3.34618 -80 2 -25 10 49973 1 
125.281 -25.8898 -180.071 0.371798 3.34618 -80 2 -25 10 49974 1 
125.269 -25.8897 -180.071 0.371798 3.34618 -80 2 -25 10 49975 1 
125.256 -25.8897 -180.07 0.371798 3.34618 -80 2 -25 10 49976 1 
125.244 -25.8897 -180.07 0.371798 3.34618 -80 2 -25 10 49977 1 
125.232 -25.8897 -180.07 0.371798 3.34618 -80 2 -25 10 49978 1 
125.219 -25.8897 -180.069 0.371798 3.34618 -80 2 -25 10 49979 1 
125.207 -25.8897 -180.069 0.371798 3.34618 -80 2 -25 10 49980 1 
125.195 -25.8896 -180.069 0.371798 3.34618 -80 2 -25 10 49981 1 
125.182 -25.8896 -180.068 0.371798 3.34618 -80 2 -25 10 49982 1 
125.17 -25.8896 -180.068 0.371798 3.34618 -80 2 -25 10 49983 1 
125.157 -25.8896 -180.068 0.371798 3.34618 -80 2 -25 10 49984 1 
125.145 -25.8896 -180.067 0.371798 3.34618 -80 2 -25 10 49985 1 
125.133 -25.8896 -180.067 0.371798 3.34618 -80 2 -25 10 49986 1 
125.12 -25.8896 -180.067 0.371798 3.34618 -80 2 -25 10 49987 1 
125.108 -25.8895 -180.067 0.371798 3.34618 -80 2 -25 10 49988 1 
125.095 -25.8895 -180.066 0.371798 3.34618 -80 2 -25 10 49989 1 
125.083 -25.8895 -180.066 0.371798 3.34618 -80 2 -25 10 49990 1 
125.071 -25.8895 -180.066 0.371798 3.34618 -80 2 -25 10 49991 1 
125.058 -25.8895 -180.066 0.371798 3.34618 -80 2 -25 10 49992 1 
125.046 -25.8895 -180.065 0.371798 3.34618 -80 2 -25 10 49993 1 
125.033 -25.8895 -180.065 0.371798 3.34618 -80 2 -25 10 49994 1 
125.021 -25.8894 -180.065 0.371798 3.34618 -80 2 -25 10 49995 1 
125.009 -25.8894 -180.065 0.371798 3.34618 -80 2 -25 10 49996 1 
124.996 -25.8894 -180.064 0.371798 3.34618 -80 2 -25 10 49997 1 
124.984 -25.8894 -180.064 0.371798 3.34618 -80 2 -25 10 49998 1 
124.972 -25.8894 -180.064 0.371798 3.34618 -80 2 -25 10 49999 1 
