157.682 -22.843 -183.199 0.289164 2.60247 -80 2 -25 10 49449 1 
157.672 -22.8425 -183.144 0.289164 2.60247 -80 2 -25 10 49450 1 
157.663 -22.842 -183.089 0.289164 2.60247 -80 2 -25 10 49451 1 
157.653 -22.8415 -183.036 0.289164 2.60247 -80 2 -25 10 49452 1 
157.643 -22.8409 -182.984 0.289164 2.60247 -80 2 -25 10 49453 1 
157.634 -22.8404 -182.932 0.289164 2.60247 -80 2 -25 10 49454 1 
157.624 -22.8399 -182.882 0.289164 2.60247 -80 2 -25 10 49455 1 
157.615 -22.8395 -182.832 0.289164 2.60247 -80 2 -25 10 49456 1 
157.605 -22.839 -182.783 0.289164 2.60247 -80 2 -25 10 49457 1 
157.595 -22.8385 -182.735 0.289164 2.60247 -80 2 -25 10 49458 1 
157.586 -22.8381 -182.687 0.289164 2.60247 -80 2 -25 10 49459 1 
157.576 -22.8376 -182.641 0.289164 2.60247 -80 2 -25 10 49460 1 
157.566 -22.8372 -182.595 0.289164 2.60247 -80 2 -25 10 49461 1 
157.557 -22.8367 -182.55 0.289164 2.60247 -80 2 -25 10 49462 1 
157.547 -22.8363 -182.506 0.289164 2.60247 -80 2 -25 10 49463 1 
157.537 -22.8359 -182.462 0.289164 2.60247 -80 2 -25 10 49464 1 
157.528 -22.8355 -182.42 0.289164 2.60247 -80 2 -25 10 49465 1 
157.518 -22.8351 -182.378 0.289164 2.60247 -80 2 -25 10 49466 1 
157.509 -22.8347 -182.336 0.289164 2.60247 -80 2 -25 10 49467 1 
157.499 -22.8343 -182.295 0.289164 2.60247 -80 2 -25 10 49468 1 
157.489 -22.8339 -182.255 0.289164 2.60247 -80 2 -25 10 49469 1 
157.48 -22.8335 -182.216 0.289164 2.60247 -80 2 -25 10 49470 1 
157.47 -22.8331 -182.177 0.289164 2.60247 -80 2 -25 10 49471 1 
157.46 -22.8328 -182.139 0.289164 2.60247 -80 2 -25 10 49472 1 
157.451 -22.8324 -182.102 0.289164 2.60247 -80 2 -25 10 49473 1 
157.441 -22.832 -182.065 0.289164 2.60247 -80 2 -25 10 49474 1 
157.432 -22.8317 -182.029 0.289164 2.60247 -80 2 -25 10 49475 1 
157.422 -22.8314 -181.993 0.289164 2.60247 -80 2 -25 10 49476 1 
157.412 -22.831 -181.958 0.289164 2.60247 -80 2 -25 10 49477 1 
157.403 -22.8307 -181.924 0.289164 2.60247 -80 2 -25 10 49478 1 
157.393 -22.8304 -181.89 0.289164 2.60247 -80 2 -25 10 49479 1 
157.383 -22.83 -181.857 0.289164 2.60247 -80 2 -25 10 49480 1 
157.374 -22.8297 -181.824 0.289164 2.60247 -80 2 -25 10 49481 1 
157.364 -22.8294 -181.792 0.289164 2.60247 -80 2 -25 10 49482 1 
157.355 -22.8291 -181.76 0.289164 2.60247 -80 2 -25 10 49483 1 
157.345 -22.8288 -181.729 0.289164 2.60247 -80 2 -25 10 49484 1 
157.335 -22.8285 -181.699 0.289164 2.60247 -80 2 -25 10 49485 1 
157.326 -22.8283 -181.669 0.289164 2.60247 -80 2 -25 10 49486 1 
157.316 -22.828 -181.639 0.289164 2.60247 -80 2 -25 10 49487 1 
157.306 -22.8277 -181.61 0.289164 2.60247 -80 2 -25 10 49488 1 
157.297 -22.8274 -181.581 0.289164 2.60247 -80 2 -25 10 49489 1 
157.287 -22.8272 -181.553 0.289164 2.60247 -80 2 -25 10 49490 1 
157.278 -22.8269 -181.526 0.289164 2.60247 -80 2 -25 10 49491 1 
157.268 -22.8266 -181.498 0.289164 2.60247 -80 2 -25 10 49492 1 
157.258 -22.8264 -181.472 0.289164 2.60247 -80 2 -25 10 49493 1 
157.249 -22.8261 -181.445 0.289164 2.60247 -80 2 -25 10 49494 1 
157.239 -22.8259 -181.42 0.289164 2.60247 -80 2 -25 10 49495 1 
157.229 -22.8257 -181.394 0.289164 2.60247 -80 2 -25 10 49496 1 
157.22 -22.8254 -181.369 0.289164 2.60247 -80 2 -25 10 49497 1 
157.21 -22.8252 -181.345 0.289164 2.60247 -80 2 -25 10 49498 1 
157.2 -22.825 -181.32 0.289164 2.60247 -80 2 -25 10 49499 1 
157.191 -22.8247 -181.297 0.289164 2.60247 -80 2 -25 10 49500 1 
157.181 -22.8245 -181.273 0.289164 2.60247 -80 2 -25 10 49501 1 
157.172 -22.8243 -181.25 0.289164 2.60247 -80 2 -25 10 49502 1 
157.162 -22.8241 -181.228 0.289164 2.60247 -80 2 -25 10 49503 1 
157.152 -22.8239 -181.205 0.289164 2.60247 -80 2 -25 10 49504 1 
157.143 -22.8237 -181.184 0.289164 2.60247 -80 2 -25 10 49505 1 
157.133 -22.8235 -181.162 0.289164 2.60247 -80 2 -25 10 49506 1 
157.123 -22.8233 -181.141 0.289164 2.60247 -80 2 -25 10 49507 1 
157.114 -22.8231 -181.12 0.289164 2.60247 -80 2 -25 10 49508 1 
157.104 -22.8229 -181.1 0.289164 2.60247 -80 2 -25 10 49509 1 
157.094 -22.8227 -181.08 0.289164 2.60247 -80 2 -25 10 49510 1 
157.085 -22.8226 -181.06 0.289164 2.60247 -80 2 -25 10 49511 1 
157.075 -22.8224 -181.04 0.289164 2.60247 -80 2 -25 10 49512 1 
157.065 -22.8222 -181.021 0.289164 2.60247 -80 2 -25 10 49513 1 
157.056 -22.822 -181.003 0.289164 2.60247 -80 2 -25 10 49514 1 
157.046 -22.8219 -180.984 0.289164 2.60247 -80 2 -25 10 49515 1 
157.036 -22.8217 -180.966 0.289164 2.60247 -80 2 -25 10 49516 1 
157.027 -22.8215 -180.948 0.289164 2.60247 -80 2 -25 10 49517 1 
157.017 -22.8214 -180.93 0.289164 2.60247 -80 2 -25 10 49518 1 
157.008 -22.8212 -180.913 0.289164 2.60247 -80 2 -25 10 49519 1 
156.998 -22.8211 -180.896 0.289164 2.60247 -80 2 -25 10 49520 1 
156.988 -22.8209 -180.879 0.289164 2.60247 -80 2 -25 10 49521 1 
156.979 -22.8208 -180.863 0.289164 2.60247 -80 2 -25 10 49522 1 
156.969 -22.8206 -180.847 0.289164 2.60247 -80 2 -25 10 49523 1 
156.959 -22.8205 -180.831 0.289164 2.60247 -80 2 -25 10 49524 1 
156.95 -22.8203 -180.815 0.289164 2.60247 -80 2 -25 10 49525 1 
156.94 -22.8202 -180.8 0.289164 2.60247 -80 2 -25 10 49526 1 
156.93 -22.8201 -180.785 0.289164 2.60247 -80 2 -25 10 49527 1 
156.921 -22.8199 -180.77 0.289164 2.60247 -80 2 -25 10 49528 1 
156.911 -22.8198 -180.755 0.289164 2.60247 -80 2 -25 10 49529 1 
156.901 -22.8197 -180.741 0.289164 2.60247 -80 2 -25 10 49530 1 
156.892 -22.8196 -180.727 0.289164 2.60247 -80 2 -25 10 49531 1 
156.882 -22.8194 -180.713 0.289164 2.60247 -80 2 -25 10 49532 1 
156.873 -22.8193 -180.699 0.289164 2.60247 -80 2 -25 10 49533 1 
156.863 -22.8192 -180.686 0.289164 2.60247 -80 2 -25 10 49534 1 
156.853 -22.8191 -180.673 0.289164 2.60247 -80 2 -25 10 49535 1 
156.844 -22.819 -180.66 0.289164 2.60247 -80 2 -25 10 49536 1 
156.834 -22.8189 -180.647 0.289164 2.60247 -80 2 -25 10 49537 1 
156.824 -22.8187 -180.634 0.289164 2.60247 -80 2 -25 10 49538 1 
156.815 -22.8186 -180.622 0.289164 2.60247 -80 2 -25 10 49539 1 
156.805 -22.8185 -180.61 0.289164 2.60247 -80 2 -25 10 49540 1 
156.795 -22.8184 -180.598 0.289164 2.60247 -80 2 -25 10 49541 1 
156.786 -22.8183 -180.586 0.289164 2.60247 -80 2 -25 10 49542 1 
156.776 -22.8182 -180.575 0.289164 2.60247 -80 2 -25 10 49543 1 
156.766 -22.8181 -180.563 0.289164 2.60247 -80 2 -25 10 49544 1 
156.757 -22.818 -180.552 0.289164 2.60247 -80 2 -25 10 49545 1 
156.747 -22.8179 -180.541 0.289164 2.60247 -80 2 -25 10 49546 1 
156.738 -22.8179 -180.53 0.289164 2.60247 -80 2 -25 10 49547 1 
156.728 -22.8178 -180.52 0.289164 2.60247 -80 2 -25 10 49548 1 
156.718 -22.8177 -180.509 0.289164 2.60247 -80 2 -25 10 49549 1 
156.709 -22.8176 -180.499 0.289164 2.60247 -80 2 -25 10 49550 1 
156.699 -22.8175 -180.489 0.289164 2.60247 -80 2 -25 10 49551 1 
156.689 -22.8174 -180.479 0.289164 2.60247 -80 2 -25 10 49552 1 
156.68 -22.8173 -180.469 0.289164 2.60247 -80 2 -25 10 49553 1 
156.67 -22.8173 -180.46 0.289164 2.60247 -80 2 -25 10 49554 1 
156.66 -22.8172 -180.45 0.289164 2.60247 -80 2 -25 10 49555 1 
156.651 -22.8171 -180.441 0.289164 2.60247 -80 2 -25 10 49556 1 
156.641 -22.817 -180.432 0.289164 2.60247 -80 2 -25 10 49557 1 
156.631 -22.817 -180.423 0.289164 2.60247 -80 2 -25 10 49558 1 
156.622 -22.8169 -180.414 0.289164 2.60247 -80 2 -25 10 49559 1 
156.612 -22.8168 -180.405 0.289164 2.60247 -80 2 -25 10 49560 1 
156.603 -22.8168 -180.397 0.289164 2.60247 -80 2 -25 10 49561 1 
156.593 -22.8167 -180.388 0.289164 2.60247 -80 2 -25 10 49562 1 
156.583 -22.8166 -180.38 0.289164 2.60247 -80 2 -25 10 49563 1 
156.574 -22.8166 -180.372 0.289164 2.60247 -80 2 -25 10 49564 1 
156.564 -22.8165 -180.364 0.289164 2.60247 -80 2 -25 10 49565 1 
156.554 -22.8164 -180.356 0.289164 2.60247 -80 2 -25 10 49566 1 
156.545 -22.8164 -180.349 0.289164 2.60247 -80 2 -25 10 49567 1 
156.535 -22.8163 -180.341 0.289164 2.60247 -80 2 -25 10 49568 1 
156.525 -22.8163 -180.333 0.289164 2.60247 -80 2 -25 10 49569 1 
156.516 -22.8162 -180.326 0.289164 2.60247 -80 2 -25 10 49570 1 
156.506 -22.8161 -180.319 0.289164 2.60247 -80 2 -25 10 49571 1 
156.496 -22.8161 -180.312 0.289164 2.60247 -80 2 -25 10 49572 1 
156.487 -22.816 -180.305 0.289164 2.60247 -80 2 -25 10 49573 1 
156.477 -22.816 -180.298 0.289164 2.60247 -80 2 -25 10 49574 1 
156.468 -22.8159 -180.291 0.289164 2.60247 -80 2 -25 10 49575 1 
156.458 -22.8159 -180.285 0.289164 2.60247 -80 2 -25 10 49576 1 
156.448 -22.8158 -180.278 0.289164 2.60247 -80 2 -25 10 49577 1 
156.439 -22.8158 -180.272 0.289164 2.60247 -80 2 -25 10 49578 1 
156.429 -22.8157 -180.265 0.289164 2.60247 -80 2 -25 10 49579 1 
156.419 -22.8157 -180.259 0.289164 2.60247 -80 2 -25 10 49580 1 
156.41 -22.8157 -180.253 0.289164 2.60247 -80 2 -25 10 49581 1 
156.4 -22.8156 -180.247 0.289164 2.60247 -80 2 -25 10 49582 1 
156.39 -22.8156 -180.241 0.289164 2.60247 -80 2 -25 10 49583 1 
156.381 -22.8155 -180.235 0.289164 2.60247 -80 2 -25 10 49584 1 
156.371 -22.8155 -180.23 0.289164 2.60247 -80 2 -25 10 49585 1 
156.361 -22.8155 -180.224 0.289164 2.60247 -80 2 -25 10 49586 1 
156.352 -22.8154 -180.219 0.289164 2.60247 -80 2 -25 10 49587 1 
156.342 -22.8154 -180.213 0.289164 2.60247 -80 2 -25 10 49588 1 
156.333 -22.8153 -180.208 0.289164 2.60247 -80 2 -25 10 49589 1 
156.323 -22.8153 -180.203 0.289164 2.60247 -80 2 -25 10 49590 1 
156.313 -22.8153 -180.197 0.289164 2.60247 -80 2 -25 10 49591 1 
156.304 -22.8152 -180.192 0.289164 2.60247 -80 2 -25 10 49592 1 
156.294 -22.8152 -180.187 0.289164 2.60247 -80 2 -25 10 49593 1 
156.284 -22.8152 -180.182 0.289164 2.60247 -80 2 -25 10 49594 1 
156.275 -22.8152 -180.178 0.289164 2.60247 -80 2 -25 10 49595 1 
156.265 -22.8151 -180.173 0.289164 2.60247 -80 2 -25 10 49596 1 
156.255 -22.8151 -180.168 0.289164 2.60247 -80 2 -25 10 49597 1 
156.246 -22.8151 -180.164 0.289164 2.60247 -80 2 -25 10 49598 1 
156.236 -22.815 -180.159 0.289164 2.60247 -80 2 -25 10 49599 1 
156.226 -22.815 -180.155 0.289164 2.60247 -80 2 -25 10 49600 1 
156.217 -22.815 -180.15 0.289164 2.60247 -80 2 -25 10 49601 1 
156.207 -22.815 -180.146 0.289164 2.60247 -80 2 -25 10 49602 1 
156.198 -22.8149 -180.142 0.289164 2.60247 -80 2 -25 10 49603 1 
156.188 -22.8149 -180.138 0.289164 2.60247 -80 2 -25 10 49604 1 
156.178 -22.8149 -180.134 0.289164 2.60247 -80 2 -25 10 49605 1 
156.169 -22.8149 -180.13 0.289164 2.60247 -80 2 -25 10 49606 1 
156.159 -22.8148 -180.126 0.289164 2.60247 -80 2 -25 10 49607 1 
156.149 -22.8148 -180.122 0.289164 2.60247 -80 2 -25 10 49608 1 
156.14 -22.8148 -180.118 0.289164 2.60247 -80 2 -25 10 49609 1 
156.13 -22.8148 -180.114 0.289164 2.60247 -80 2 -25 10 49610 1 
156.12 -22.8148 -180.111 0.289164 2.60247 -80 2 -25 10 49611 1 
156.111 -22.8147 -180.107 0.289164 2.60247 -80 2 -25 10 49612 1 
156.101 -22.8147 -180.103 0.289164 2.60247 -80 2 -25 10 49613 1 
156.091 -22.8147 -180.1 0.289164 2.60247 -80 2 -25 10 49614 1 
156.082 -22.8147 -180.096 0.289164 2.60247 -80 2 -25 10 49615 1 
156.072 -22.8147 -180.093 0.289164 2.60247 -80 2 -25 10 49616 1 
156.062 -22.8147 -180.09 0.289164 2.60247 -80 2 -25 10 49617 1 
156.053 -22.8146 -180.086 0.289164 2.60247 -80 2 -25 10 49618 1 
156.043 -22.8146 -180.083 0.289164 2.60247 -80 2 -25 10 49619 1 
156.034 -22.8146 -180.08 0.289164 2.60247 -80 2 -25 10 49620 1 
156.024 -22.8146 -180.077 0.289164 2.60247 -80 2 -25 10 49621 1 
156.014 -22.8146 -180.074 0.289164 2.60247 -80 2 -25 10 49622 1 
156.005 -22.8146 -180.071 0.289164 2.60247 -80 2 -25 10 49623 1 
155.995 -22.8146 -180.068 0.289164 2.60247 -80 2 -25 10 49624 1 
155.985 -22.8146 -180.065 0.289164 2.60247 -80 2 -25 10 49625 1 
155.976 -22.8145 -180.062 0.289164 2.60247 -80 2 -25 10 49626 1 
155.966 -22.8145 -180.059 0.289164 2.60247 -80 2 -25 10 49627 1 
155.956 -22.8145 -180.056 0.289164 2.60247 -80 2 -25 10 49628 1 
155.947 -22.8145 -180.054 0.289164 2.60247 -80 2 -25 10 49629 1 
155.937 -22.8145 -180.051 0.289164 2.60247 -80 2 -25 10 49630 1 
155.927 -22.8145 -180.048 0.289164 2.60247 -80 2 -25 10 49631 1 
155.918 -22.8145 -180.046 0.289164 2.60247 -80 2 -25 10 49632 1 
155.908 -22.8145 -180.043 0.289164 2.60247 -80 2 -25 10 49633 1 
155.899 -22.8145 -180.041 0.289164 2.60247 -80 2 -25 10 49634 1 
155.889 -22.8145 -180.038 0.289164 2.60247 -80 2 -25 10 49635 1 
155.879 -22.8145 -180.036 0.289164 2.60247 -80 2 -25 10 49636 1 
155.87 -22.8145 -180.033 0.289164 2.60247 -80 2 -25 10 49637 1 
155.86 -22.8144 -180.031 0.289164 2.60247 -80 2 -25 10 49638 1 
155.85 -22.8144 -180.029 0.289164 2.60247 -80 2 -25 10 49639 1 
155.841 -22.8144 -180.027 0.289164 2.60247 -80 2 -25 10 49640 1 
155.831 -22.8144 -180.024 0.289164 2.60247 -80 2 -25 10 49641 1 
155.821 -22.8144 -180.022 0.289164 2.60247 -80 2 -25 10 49642 1 
155.812 -22.8144 -180.02 0.289164 2.60247 -80 2 -25 10 49643 1 
155.802 -22.8144 -180.018 0.289164 2.60247 -80 2 -25 10 49644 1 
155.792 -22.8144 -180.016 0.289164 2.60247 -80 2 -25 10 49645 1 
155.783 -22.8144 -180.014 0.289164 2.60247 -80 2 -25 10 49646 1 
155.773 -22.8144 -180.012 0.289164 2.60247 -80 2 -25 10 49647 1 
155.764 -22.8144 -180.01 0.289164 2.60247 -80 2 -25 10 49648 1 
155.754 -22.8144 -180.008 0.289164 2.60247 -80 2 -25 10 49649 1 
155.744 -22.8144 -180.006 0.289164 2.60247 -80 2 -25 10 49650 1 
155.735 -22.8144 -180.004 0.289164 2.60247 -80 2 -25 10 49651 1 
155.725 -22.8144 -180.002 0.289164 2.60247 -80 2 -25 10 49652 1 
155.715 -22.8144 -180 0.289164 2.60247 -80 2 -25 10 49653 1 
155.706 -22.8144 -179.999 0.289164 2.60247 -80 2 -25 10 49654 1 
155.696 -22.8144 -179.997 0.289164 2.60247 -80 2 -25 10 49655 1 
155.686 -22.8144 -179.995 0.289164 2.60247 -80 2 -25 10 49656 1 
155.677 -22.8144 -179.993 0.289164 2.60247 -80 2 -25 10 49657 1 
155.667 -22.8144 -179.992 0.289164 2.60247 -80 2 -25 10 49658 1 
155.657 -22.8144 -179.99 0.289164 2.60247 -80 2 -25 10 49659 1 
155.648 -22.8144 -179.988 0.289164 2.60247 -80 2 -25 10 49660 1 
155.638 -22.8144 -179.987 0.289164 2.60247 -80 2 -25 10 49661 1 
155.629 -22.8144 -179.985 0.289164 2.60247 -80 2 -25 10 49662 1 
155.619 -22.8144 -179.984 0.289164 2.60247 -80 2 -25 10 49663 1 
155.609 -22.8144 -179.982 0.289164 2.60247 -80 2 -25 10 49664 1 
155.6 -22.8144 -179.981 0.289164 2.60247 -80 2 -25 10 49665 1 
155.59 -22.8144 -179.979 0.289164 2.60247 -80 2 -25 10 49666 1 
155.58 -22.8144 -179.978 0.289164 2.60247 -80 2 -25 10 49667 1 
155.571 -22.8144 -179.976 0.289164 2.60247 -80 2 -25 10 49668 1 
155.561 -22.8144 -179.975 0.289164 2.60247 -80 2 -25 10 49669 1 
155.551 -22.8144 -179.974 0.289164 2.60247 -80 2 -25 10 49670 1 
155.542 -22.8144 -179.972 0.289164 2.60247 -80 2 -25 10 49671 1 
155.532 -22.8144 -179.971 0.289164 2.60247 -80 2 -25 10 49672 1 
155.522 -22.8145 -179.97 0.289164 2.60247 -80 2 -25 10 49673 1 
155.513 -22.8145 -179.968 0.289164 2.60247 -80 2 -25 10 49674 1 
155.503 -22.8145 -179.967 0.289164 2.60247 -80 2 -25 10 49675 1 
155.494 -22.8145 -179.966 0.289164 2.60247 -80 2 -25 10 49676 1 
155.484 -22.8145 -179.965 0.289164 2.60247 -80 2 -25 10 49677 1 
155.474 -22.8145 -179.963 0.289164 2.60247 -80 2 -25 10 49678 1 
155.465 -22.8145 -179.962 0.289164 2.60247 -80 2 -25 10 49679 1 
155.455 -22.8145 -179.961 0.289164 2.60247 -80 2 -25 10 49680 1 
155.445 -22.8145 -179.96 0.289164 2.60247 -80 2 -25 10 49681 1 
155.436 -22.8145 -179.959 0.289164 2.60247 -80 2 -25 10 49682 1 
155.426 -22.8145 -179.958 0.289164 2.60247 -80 2 -25 10 49683 1 
155.416 -22.8145 -179.957 0.289164 2.60247 -80 2 -25 10 49684 1 
155.407 -22.8145 -179.956 0.289164 2.60247 -80 2 -25 10 49685 1 
155.397 -22.8145 -179.955 0.289164 2.60247 -80 2 -25 10 49686 1 
155.387 -22.8145 -179.953 0.289164 2.60247 -80 2 -25 10 49687 1 
155.378 -22.8146 -179.952 0.289164 2.60247 -80 2 -25 10 49688 1 
155.368 -22.8146 -179.951 0.289164 2.60247 -80 2 -25 10 49689 1 
155.359 -22.8146 -179.951 0.289164 2.60247 -80 2 -25 10 49690 1 
155.349 -22.8146 -179.95 0.289164 2.60247 -80 2 -25 10 49691 1 
155.339 -22.8146 -179.949 0.289164 2.60247 -80 2 -25 10 49692 1 
155.33 -22.8146 -179.948 0.289164 2.60247 -80 2 -25 10 49693 1 
155.32 -22.8146 -179.947 0.289164 2.60247 -80 2 -25 10 49694 1 
155.31 -22.8146 -179.946 0.289164 2.60247 -80 2 -25 10 49695 1 
155.301 -22.8146 -179.945 0.289164 2.60247 -80 2 -25 10 49696 1 
155.291 -22.8146 -179.944 0.289164 2.60247 -80 2 -25 10 49697 1 
155.281 -22.8146 -179.943 0.289164 2.60247 -80 2 -25 10 49698 1 
155.272 -22.8147 -179.942 0.289164 2.60247 -80 2 -25 10 49699 1 
155.262 -22.8147 -179.942 0.289164 2.60247 -80 2 -25 10 49700 1 
155.252 -22.8147 -179.941 0.289164 2.60247 -80 2 -25 10 49701 1 
155.243 -22.8147 -179.94 0.289164 2.60247 -80 2 -25 10 49702 1 
155.233 -22.8147 -179.939 0.289164 2.60247 -80 2 -25 10 49703 1 
155.224 -22.8147 -179.938 0.289164 2.60247 -80 2 -25 10 49704 1 
155.214 -22.8147 -179.938 0.289164 2.60247 -80 2 -25 10 49705 1 
155.204 -22.8147 -179.937 0.289164 2.60247 -80 2 -25 10 49706 1 
155.195 -22.8147 -179.936 0.289164 2.60247 -80 2 -25 10 49707 1 
155.185 -22.8147 -179.935 0.289164 2.60247 -80 2 -25 10 49708 1 
155.175 -22.8148 -179.935 0.289164 2.60247 -80 2 -25 10 49709 1 
155.166 -22.8148 -179.934 0.289164 2.60247 -80 2 -25 10 49710 1 
155.156 -22.8148 -179.933 0.289164 2.60247 -80 2 -25 10 49711 1 
155.146 -22.8148 -179.933 0.289164 2.60247 -80 2 -25 10 49712 1 
155.137 -22.8148 -179.932 0.289164 2.60247 -80 2 -25 10 49713 1 
155.127 -22.8148 -179.931 0.289164 2.60247 -80 2 -25 10 49714 1 
155.117 -22.8148 -179.931 0.289164 2.60247 -80 2 -25 10 49715 1 
155.108 -22.8148 -179.93 0.289164 2.60247 -80 2 -25 10 49716 1 
155.098 -22.8148 -179.929 0.289164 2.60247 -80 2 -25 10 49717 1 
155.089 -22.8149 -179.929 0.289164 2.60247 -80 2 -25 10 49718 1 
155.079 -22.8149 -179.928 0.289164 2.60247 -80 2 -25 10 49719 1 
155.069 -22.8149 -179.928 0.289164 2.60247 -80 2 -25 10 49720 1 
155.06 -22.8149 -179.927 0.289164 2.60247 -80 2 -25 10 49721 1 
155.05 -22.8149 -179.926 0.289164 2.60247 -80 2 -25 10 49722 1 
155.04 -22.8149 -179.926 0.289164 2.60247 -80 2 -25 10 49723 1 
155.031 -22.8149 -179.925 0.289164 2.60247 -80 2 -25 10 49724 1 
155.021 -22.8149 -179.925 0.289164 2.60247 -80 2 -25 10 49725 1 
155.011 -22.815 -179.924 0.289164 2.60247 -80 2 -25 10 49726 1 
155.002 -22.815 -179.924 0.289164 2.60247 -80 2 -25 10 49727 1 
154.992 -22.815 -179.923 0.289164 2.60247 -80 2 -25 10 49728 1 
154.982 -22.815 -179.923 0.289164 2.60247 -80 2 -25 10 49729 1 
154.973 -22.815 -179.922 0.289164 2.60247 -80 2 -25 10 49730 1 
154.963 -22.815 -179.922 0.289164 2.60247 -80 2 -25 10 49731 1 
154.953 -22.815 -179.921 0.289164 2.60247 -80 2 -25 10 49732 1 
154.944 -22.815 -179.921 0.289164 2.60247 -80 2 -25 10 49733 1 
154.934 -22.8151 -179.92 0.289164 2.60247 -80 2 -25 10 49734 1 
154.925 -22.8151 -179.92 0.289164 2.60247 -80 2 -25 10 49735 1 
154.915 -22.8151 -179.919 0.289164 2.60247 -80 2 -25 10 49736 1 
154.905 -22.8151 -179.919 0.289164 2.60247 -80 2 -25 10 49737 1 
154.896 -22.8151 -179.918 0.289164 2.60247 -80 2 -25 10 49738 1 
154.886 -22.8151 -179.918 0.289164 2.60247 -80 2 -25 10 49739 1 
154.876 -22.8151 -179.918 0.289164 2.60247 -80 2 -25 10 49740 1 
154.867 -22.8152 -179.917 0.289164 2.60247 -80 2 -25 10 49741 1 
154.857 -22.8152 -179.917 0.289164 2.60247 -80 2 -25 10 49742 1 
154.847 -22.8152 -179.916 0.289164 2.60247 -80 2 -25 10 49743 1 
154.838 -22.8152 -179.916 0.289164 2.60247 -80 2 -25 10 49744 1 
154.828 -22.8152 -179.916 0.289164 2.60247 -80 2 -25 10 49745 1 
154.818 -22.8152 -179.915 0.289164 2.60247 -80 2 -25 10 49746 1 
154.809 -22.8152 -179.915 0.289164 2.60247 -80 2 -25 10 49747 1 
154.799 -22.8153 -179.914 0.289164 2.60247 -80 2 -25 10 49748 1 
154.79 -22.8153 -179.914 0.289164 2.60247 -80 2 -25 10 49749 1 
154.78 -22.8153 -179.914 0.289164 2.60247 -80 2 -25 10 49750 1 
154.77 -22.8153 -179.913 0.289164 2.60247 -80 2 -25 10 49751 1 
154.761 -22.8153 -179.913 0.289164 2.60247 -80 2 -25 10 49752 1 
154.751 -22.8153 -179.913 0.289164 2.60247 -80 2 -25 10 49753 1 
154.741 -22.8153 -179.912 0.289164 2.60247 -80 2 -25 10 49754 1 
154.732 -22.8154 -179.912 0.289164 2.60247 -80 2 -25 10 49755 1 
154.722 -22.8154 -179.912 0.289164 2.60247 -80 2 -25 10 49756 1 
154.712 -22.8154 -179.911 0.289164 2.60247 -80 2 -25 10 49757 1 
154.703 -22.8154 -179.911 0.289164 2.60247 -80 2 -25 10 49758 1 
154.693 -22.8154 -179.911 0.289164 2.60247 -80 2 -25 10 49759 1 
154.683 -22.8154 -179.91 0.289164 2.60247 -80 2 -25 10 49760 1 
154.674 -22.8154 -179.91 0.289164 2.60247 -80 2 -25 10 49761 1 
154.664 -22.8155 -179.91 0.289164 2.60247 -80 2 -25 10 49762 1 
154.655 -22.8155 -179.91 0.289164 2.60247 -80 2 -25 10 49763 1 
154.645 -22.8155 -179.909 0.289164 2.60247 -80 2 -25 10 49764 1 
154.635 -22.8155 -179.909 0.289164 2.60247 -80 2 -25 10 49765 1 
154.626 -22.8155 -179.909 0.289164 2.60247 -80 2 -25 10 49766 1 
154.616 -22.8155 -179.908 0.289164 2.60247 -80 2 -25 10 49767 1 
154.606 -22.8156 -179.908 0.289164 2.60247 -80 2 -25 10 49768 1 
154.597 -22.8156 -179.908 0.289164 2.60247 -80 2 -25 10 49769 1 
154.587 -22.8156 -179.908 0.289164 2.60247 -80 2 -25 10 49770 1 
154.577 -22.8156 -179.907 0.289164 2.60247 -80 2 -25 10 49771 1 
154.568 -22.8156 -179.907 0.289164 2.60247 -80 2 -25 10 49772 1 
154.558 -22.8156 -179.907 0.289164 2.60247 -80 2 -25 10 49773 1 
154.548 -22.8156 -179.907 0.289164 2.60247 -80 2 -25 10 49774 1 
154.539 -22.8157 -179.906 0.289164 2.60247 -80 2 -25 10 49775 1 
154.529 -22.8157 -179.906 0.289164 2.60247 -80 2 -25 10 49776 1 
154.52 -22.8157 -179.906 0.289164 2.60247 -80 2 -25 10 49777 1 
154.51 -22.8157 -179.906 0.289164 2.60247 -80 2 -25 10 49778 1 
154.5 -22.8157 -179.905 0.289164 2.60247 -80 2 -25 10 49779 1 
154.491 -22.8157 -179.905 0.289164 2.60247 -80 2 -25 10 49780 1 
154.481 -22.8158 -179.905 0.289164 2.60247 -80 2 -25 10 49781 1 
154.471 -22.8158 -179.905 0.289164 2.60247 -80 2 -25 10 49782 1 
154.462 -22.8158 -179.905 0.289164 2.60247 -80 2 -25 10 49783 1 
154.452 -22.8158 -179.904 0.289164 2.60247 -80 2 -25 10 49784 1 
154.442 -22.8158 -179.904 0.289164 2.60247 -80 2 -25 10 49785 1 
154.433 -22.8158 -179.904 0.289164 2.60247 -80 2 -25 10 49786 1 
154.423 -22.8158 -179.904 0.289164 2.60247 -80 2 -25 10 49787 1 
154.413 -22.8159 -179.904 0.289164 2.60247 -80 2 -25 10 49788 1 
154.404 -22.8159 -179.903 0.289164 2.60247 -80 2 -25 10 49789 1 
154.394 -22.8159 -179.903 0.289164 2.60247 -80 2 -25 10 49790 1 
154.385 -22.8159 -179.903 0.289164 2.60247 -80 2 -25 10 49791 1 
154.375 -22.8159 -179.903 0.289164 2.60247 -80 2 -25 10 49792 1 
154.365 -22.8159 -179.903 0.289164 2.60247 -80 2 -25 10 49793 1 
154.356 -22.816 -179.903 0.289164 2.60247 -80 2 -25 10 49794 1 
154.346 -22.816 -179.902 0.289164 2.60247 -80 2 -25 10 49795 1 
154.336 -22.816 -179.902 0.289164 2.60247 -80 2 -25 10 49796 1 
154.327 -22.816 -179.902 0.289164 2.60247 -80 2 -25 10 49797 1 
154.317 -22.816 -179.902 0.289164 2.60247 -80 2 -25 10 49798 1 
154.307 -22.816 -179.902 0.289164 2.60247 -80 2 -25 10 49799 1 
154.298 -22.8161 -179.902 0.289164 2.60247 -80 2 -25 10 49800 1 
154.288 -22.8161 -179.901 0.289164 2.60247 -80 2 -25 10 49801 1 
154.278 -22.8161 -179.901 0.289164 2.60247 -80 2 -25 10 49802 1 
154.269 -22.8161 -179.901 0.289164 2.60247 -80 2 -25 10 49803 1 
154.259 -22.8161 -179.901 0.289164 2.60247 -80 2 -25 10 49804 1 
154.25 -22.8162 -179.901 0.289164 2.60247 -80 2 -25 10 49805 1 
154.24 -22.8162 -179.901 0.289164 2.60247 -80 2 -25 10 49806 1 
154.23 -22.8162 -179.901 0.289164 2.60247 -80 2 -25 10 49807 1 
154.221 -22.8162 -179.9 0.289164 2.60247 -80 2 -25 10 49808 1 
154.211 -22.8162 -179.9 0.289164 2.60247 -80 2 -25 10 49809 1 
154.201 -22.8162 -179.9 0.289164 2.60247 -80 2 -25 10 49810 1 
154.192 -22.8163 -179.9 0.289164 2.60247 -80 2 -25 10 49811 1 
154.182 -22.8163 -179.9 0.289164 2.60247 -80 2 -25 10 49812 1 
154.172 -22.8163 -179.9 0.289164 2.60247 -80 2 -25 10 49813 1 
154.163 -22.8163 -179.9 0.289164 2.60247 -80 2 -25 10 49814 1 
154.153 -22.8163 -179.9 0.289164 2.60247 -80 2 -25 10 49815 1 
154.143 -22.8163 -179.899 0.289164 2.60247 -80 2 -25 10 49816 1 
154.134 -22.8164 -179.899 0.289164 2.60247 -80 2 -25 10 49817 1 
154.124 -22.8164 -179.899 0.289164 2.60247 -80 2 -25 10 49818 1 
154.115 -22.8164 -179.899 0.289164 2.60247 -80 2 -25 10 49819 1 
154.105 -22.8164 -179.899 0.289164 2.60247 -80 2 -25 10 49820 1 
154.095 -22.8164 -179.899 0.289164 2.60247 -80 2 -25 10 49821 1 
154.086 -22.8164 -179.899 0.289164 2.60247 -80 2 -25 10 49822 1 
154.076 -22.8165 -179.899 0.289164 2.60247 -80 2 -25 10 49823 1 
154.066 -22.8165 -179.898 0.289164 2.60247 -80 2 -25 10 49824 1 
154.057 -22.8165 -179.898 0.289164 2.60247 -80 2 -25 10 49825 1 
154.047 -22.8165 -179.898 0.289164 2.60247 -80 2 -25 10 49826 1 
154.037 -22.8165 -179.898 0.289164 2.60247 -80 2 -25 10 49827 1 
154.028 -22.8165 -179.898 0.289164 2.60247 -80 2 -25 10 49828 1 
154.018 -22.8166 -179.898 0.289164 2.60247 -80 2 -25 10 49829 1 
154.008 -22.8166 -179.898 0.289164 2.60247 -80 2 -25 10 49830 1 
153.999 -22.8166 -179.898 0.289164 2.60247 -80 2 -25 10 49831 1 
153.989 -22.8166 -179.898 0.289164 2.60247 -80 2 -25 10 49832 1 
153.979 -22.8166 -179.898 0.289164 2.60247 -80 2 -25 10 49833 1 
153.97 -22.8166 -179.898 0.289164 2.60247 -80 2 -25 10 49834 1 
153.96 -22.8167 -179.897 0.289164 2.60247 -80 2 -25 10 49835 1 
153.951 -22.8167 -179.897 0.289164 2.60247 -80 2 -25 10 49836 1 
153.941 -22.8167 -179.897 0.289164 2.60247 -80 2 -25 10 49837 1 
153.931 -22.8167 -179.897 0.289164 2.60247 -80 2 -25 10 49838 1 
153.922 -22.8167 -179.897 0.289164 2.60247 -80 2 -25 10 49839 1 
153.912 -22.8168 -179.897 0.289164 2.60247 -80 2 -25 10 49840 1 
153.902 -22.8168 -179.897 0.289164 2.60247 -80 2 -25 10 49841 1 
153.893 -22.8168 -179.897 0.289164 2.60247 -80 2 -25 10 49842 1 
153.883 -22.8168 -179.897 0.289164 2.60247 -80 2 -25 10 49843 1 
153.873 -22.8168 -179.897 0.289164 2.60247 -80 2 -25 10 49844 1 
153.864 -22.8168 -179.897 0.289164 2.60247 -80 2 -25 10 49845 1 
153.854 -22.8169 -179.897 0.289164 2.60247 -80 2 -25 10 49846 1 
153.844 -22.8169 -179.896 0.289164 2.60247 -80 2 -25 10 49847 1 
153.835 -22.8169 -179.896 0.289164 2.60247 -80 2 -25 10 49848 1 
153.825 -22.8169 -179.896 0.289164 2.60247 -80 2 -25 10 49849 1 
153.816 -22.8169 -179.896 0.289164 2.60247 -80 2 -25 10 49850 1 
153.806 -22.8169 -179.896 0.289164 2.60247 -80 2 -25 10 49851 1 
153.796 -22.817 -179.896 0.289164 2.60247 -80 2 -25 10 49852 1 
153.787 -22.817 -179.896 0.289164 2.60247 -80 2 -25 10 49853 1 
153.777 -22.817 -179.896 0.289164 2.60247 -80 2 -25 10 49854 1 
153.767 -22.817 -179.896 0.289164 2.60247 -80 2 -25 10 49855 1 
153.758 -22.817 -179.896 0.289164 2.60247 -80 2 -25 10 49856 1 
153.748 -22.817 -179.896 0.289164 2.60247 -80 2 -25 10 49857 1 
153.738 -22.8171 -179.896 0.289164 2.60247 -80 2 -25 10 49858 1 
153.729 -22.8171 -179.896 0.289164 2.60247 -80 2 -25 10 49859 1 
153.719 -22.8171 -179.896 0.289164 2.60247 -80 2 -25 10 49860 1 
153.709 -22.8171 -179.896 0.289164 2.60247 -80 2 -25 10 49861 1 
153.7 -22.8171 -179.895 0.289164 2.60247 -80 2 -25 10 49862 1 
153.69 -22.8171 -179.895 0.289164 2.60247 -80 2 -25 10 49863 1 
153.681 -22.8172 -179.895 0.289164 2.60247 -80 2 -25 10 49864 1 
153.671 -22.8172 -179.895 0.289164 2.60247 -80 2 -25 10 49865 1 
153.661 -22.8172 -179.895 0.289164 2.60247 -80 2 -25 10 49866 1 
153.652 -22.8172 -179.895 0.289164 2.60247 -80 2 -25 10 49867 1 
153.642 -22.8172 -179.895 0.289164 2.60247 -80 2 -25 10 49868 1 
153.632 -22.8172 -179.895 0.289164 2.60247 -80 2 -25 10 49869 1 
153.623 -22.8173 -179.895 0.289164 2.60247 -80 2 -25 10 49870 1 
153.613 -22.8173 -179.895 0.289164 2.60247 -80 2 -25 10 49871 1 
153.603 -22.8173 -179.895 0.289164 2.60247 -80 2 -25 10 49872 1 
153.594 -22.8173 -179.895 0.289164 2.60247 -80 2 -25 10 49873 1 
153.584 -22.8173 -179.895 0.289164 2.60247 -80 2 -25 10 49874 1 
153.574 -22.8174 -179.895 0.289164 2.60247 -80 2 -25 10 49875 1 
153.565 -22.8174 -179.895 0.289164 2.60247 -80 2 -25 10 49876 1 
153.555 -22.8174 -179.895 0.289164 2.60247 -80 2 -25 10 49877 1 
153.546 -22.8174 -179.895 0.289164 2.60247 -80 2 -25 10 49878 1 
153.536 -22.8174 -179.895 0.289164 2.60247 -80 2 -25 10 49879 1 
153.526 -22.8174 -179.895 0.289164 2.60247 -80 2 -25 10 49880 1 
153.517 -22.8175 -179.895 0.289164 2.60247 -80 2 -25 10 49881 1 
153.507 -22.8175 -179.894 0.289164 2.60247 -80 2 -25 10 49882 1 
153.497 -22.8175 -179.894 0.289164 2.60247 -80 2 -25 10 49883 1 
153.488 -22.8175 -179.894 0.289164 2.60247 -80 2 -25 10 49884 1 
153.478 -22.8175 -179.894 0.289164 2.60247 -80 2 -25 10 49885 1 
153.468 -22.8175 -179.894 0.289164 2.60247 -80 2 -25 10 49886 1 
153.459 -22.8176 -179.894 0.289164 2.60247 -80 2 -25 10 49887 1 
153.449 -22.8176 -179.894 0.289164 2.60247 -80 2 -25 10 49888 1 
153.439 -22.8176 -179.894 0.289164 2.60247 -80 2 -25 10 49889 1 
153.43 -22.8176 -179.894 0.289164 2.60247 -80 2 -25 10 49890 1 
153.42 -22.8176 -179.894 0.289164 2.60247 -80 2 -25 10 49891 1 
153.411 -22.8176 -179.894 0.289164 2.60247 -80 2 -25 10 49892 1 
153.401 -22.8177 -179.894 0.289164 2.60247 -80 2 -25 10 49893 1 
153.391 -22.8177 -179.894 0.289164 2.60247 -80 2 -25 10 49894 1 
153.382 -22.8177 -179.894 0.289164 2.60247 -80 2 -25 10 49895 1 
153.372 -22.8177 -179.894 0.289164 2.60247 -80 2 -25 10 49896 1 
153.362 -22.8177 -179.894 0.289164 2.60247 -80 2 -25 10 49897 1 
153.353 -22.8177 -179.894 0.289164 2.60247 -80 2 -25 10 49898 1 
153.343 -22.8178 -179.894 0.289164 2.60247 -80 2 -25 10 49899 1 
153.333 -22.8178 -179.894 0.289164 2.60247 -80 2 -25 10 49900 1 
153.324 -22.8178 -179.894 0.289164 2.60247 -80 2 -25 10 49901 1 
153.314 -22.8178 -179.894 0.289164 2.60247 -80 2 -25 10 49902 1 
153.304 -22.8178 -179.894 0.289164 2.60247 -80 2 -25 10 49903 1 
153.295 -22.8179 -179.894 0.289164 2.60247 -80 2 -25 10 49904 1 
153.285 -22.8179 -179.894 0.289164 2.60247 -80 2 -25 10 49905 1 
153.276 -22.8179 -179.894 0.289164 2.60247 -80 2 -25 10 49906 1 
153.266 -22.8179 -179.894 0.289164 2.60247 -80 2 -25 10 49907 1 
153.256 -22.8179 -179.894 0.289164 2.60247 -80 2 -25 10 49908 1 
153.247 -22.8179 -179.894 0.289164 2.60247 -80 2 -25 10 49909 1 
153.237 -22.818 -179.894 0.289164 2.60247 -80 2 -25 10 49910 1 
153.227 -22.818 -179.894 0.289164 2.60247 -80 2 -25 10 49911 1 
153.218 -22.818 -179.893 0.289164 2.60247 -80 2 -25 10 49912 1 
153.208 -22.818 -179.893 0.289164 2.60247 -80 2 -25 10 49913 1 
153.198 -22.818 -179.893 0.289164 2.60247 -80 2 -25 10 49914 1 
153.189 -22.818 -179.893 0.289164 2.60247 -80 2 -25 10 49915 1 
153.179 -22.8181 -179.893 0.289164 2.60247 -80 2 -25 10 49916 1 
153.169 -22.8181 -179.893 0.289164 2.60247 -80 2 -25 10 49917 1 
153.16 -22.8181 -179.893 0.289164 2.60247 -80 2 -25 10 49918 1 
153.15 -22.8181 -179.893 0.289164 2.60247 -80 2 -25 10 49919 1 
153.141 -22.8181 -179.893 0.289164 2.60247 -80 2 -25 10 49920 1 
153.131 -22.8181 -179.893 0.289164 2.60247 -80 2 -25 10 49921 1 
153.121 -22.8182 -179.893 0.289164 2.60247 -80 2 -25 10 49922 1 
153.112 -22.8182 -179.893 0.289164 2.60247 -80 2 -25 10 49923 1 
153.102 -22.8182 -179.893 0.289164 2.60247 -80 2 -25 10 49924 1 
153.092 -22.8182 -179.893 0.289164 2.60247 -80 2 -25 10 49925 1 
153.083 -22.8182 -179.893 0.289164 2.60247 -80 2 -25 10 49926 1 
153.073 -22.8182 -179.893 0.289164 2.60247 -80 2 -25 10 49927 1 
153.063 -22.8183 -179.893 0.289164 2.60247 -80 2 -25 10 49928 1 
153.054 -22.8183 -179.893 0.289164 2.60247 -80 2 -25 10 49929 1 
153.044 -22.8183 -179.893 0.289164 2.60247 -80 2 -25 10 49930 1 
153.034 -22.8183 -179.893 0.289164 2.60247 -80 2 -25 10 49931 1 
153.025 -22.8183 -179.893 0.289164 2.60247 -80 2 -25 10 49932 1 
153.015 -22.8183 -179.893 0.289164 2.60247 -80 2 -25 10 49933 1 
153.005 -22.8184 -179.893 0.289164 2.60247 -80 2 -25 10 49934 1 
152.996 -22.8184 -179.893 0.289164 2.60247 -80 2 -25 10 49935 1 
152.986 -22.8184 -179.893 0.289164 2.60247 -80 2 -25 10 49936 1 
152.977 -22.8184 -179.893 0.289164 2.60247 -80 2 -25 10 49937 1 
152.967 -22.8184 -179.893 0.289164 2.60247 -80 2 -25 10 49938 1 
152.957 -22.8185 -179.893 0.289164 2.60247 -80 2 -25 10 49939 1 
152.948 -22.8185 -179.893 0.289164 2.60247 -80 2 -25 10 49940 1 
152.938 -22.8185 -179.893 0.289164 2.60247 -80 2 -25 10 49941 1 
152.928 -22.8185 -179.893 0.289164 2.60247 -80 2 -25 10 49942 1 
152.919 -22.8185 -179.893 0.289164 2.60247 -80 2 -25 10 49943 1 
152.909 -22.8185 -179.893 0.289164 2.60247 -80 2 -25 10 49944 1 
152.899 -22.8186 -179.893 0.289164 2.60247 -80 2 -25 10 49945 1 
152.89 -22.8186 -179.893 0.289164 2.60247 -80 2 -25 10 49946 1 
152.88 -22.8186 -179.893 0.289164 2.60247 -80 2 -25 10 49947 1 
152.87 -22.8186 -179.893 0.289164 2.60247 -80 2 -25 10 49948 1 
152.861 -22.8186 -179.893 0.289164 2.60247 -80 2 -25 10 49949 1 
152.851 -22.8186 -179.893 0.289164 2.60247 -80 2 -25 10 49950 1 
152.842 -22.8187 -179.893 0.289164 2.60247 -80 2 -25 10 49951 1 
152.832 -22.8187 -179.893 0.289164 2.60247 -80 2 -25 10 49952 1 
152.822 -22.8187 -179.893 0.289164 2.60247 -80 2 -25 10 49953 1 
152.813 -22.8187 -179.893 0.289164 2.60247 -80 2 -25 10 49954 1 
152.803 -22.8187 -179.893 0.289164 2.60247 -80 2 -25 10 49955 1 
152.793 -22.8187 -179.893 0.289164 2.60247 -80 2 -25 10 49956 1 
152.784 -22.8188 -179.893 0.289164 2.60247 -80 2 -25 10 49957 1 
152.774 -22.8188 -179.893 0.289164 2.60247 -80 2 -25 10 49958 1 
152.764 -22.8188 -179.893 0.289164 2.60247 -80 2 -25 10 49959 1 
152.755 -22.8188 -179.893 0.289164 2.60247 -80 2 -25 10 49960 1 
152.745 -22.8188 -179.893 0.289164 2.60247 -80 2 -25 10 49961 1 
152.735 -22.8188 -179.893 0.289164 2.60247 -80 2 -25 10 49962 1 
152.726 -22.8189 -179.893 0.289164 2.60247 -80 2 -25 10 49963 1 
152.716 -22.8189 -179.893 0.289164 2.60247 -80 2 -25 10 49964 1 
152.707 -22.8189 -179.893 0.289164 2.60247 -80 2 -25 10 49965 1 
152.697 -22.8189 -179.893 0.289164 2.60247 -80 2 -25 10 49966 1 
152.687 -22.8189 -179.892 0.289164 2.60247 -80 2 -25 10 49967 1 
152.678 -22.8189 -179.892 0.289164 2.60247 -80 2 -25 10 49968 1 
152.668 -22.819 -179.892 0.289164 2.60247 -80 2 -25 10 49969 1 
152.658 -22.819 -179.892 0.289164 2.60247 -80 2 -25 10 49970 1 
152.649 -22.819 -179.892 0.289164 2.60247 -80 2 -25 10 49971 1 
152.639 -22.819 -179.892 0.289164 2.60247 -80 2 -25 10 49972 1 
152.629 -22.819 -179.892 0.289164 2.60247 -80 2 -25 10 49973 1 
152.62 -22.8191 -179.892 0.289164 2.60247 -80 2 -25 10 49974 1 
152.61 -22.8191 -179.892 0.289164 2.60247 -80 2 -25 10 49975 1 
152.6 -22.8191 -179.892 0.289164 2.60247 -80 2 -25 10 49976 1 
152.591 -22.8191 -179.892 0.289164 2.60247 -80 2 -25 10 49977 1 
152.581 -22.8191 -179.892 0.289164 2.60247 -80 2 -25 10 49978 1 
152.572 -22.8191 -179.892 0.289164 2.60247 -80 2 -25 10 49979 1 
152.562 -22.8192 -179.892 0.289164 2.60247 -80 2 -25 10 49980 1 
152.552 -22.8192 -179.892 0.289164 2.60247 -80 2 -25 10 49981 1 
152.543 -22.8192 -179.892 0.289164 2.60247 -80 2 -25 10 49982 1 
152.533 -22.8192 -179.892 0.289164 2.60247 -80 2 -25 10 49983 1 
152.523 -22.8192 -179.892 0.289164 2.60247 -80 2 -25 10 49984 1 
152.514 -22.8193 -179.892 0.289164 2.60247 -80 2 -25 10 49985 1 
152.504 -22.8193 -179.892 0.289164 2.60247 -80 2 -25 10 49986 1 
152.494 -22.8193 -179.892 0.289164 2.60247 -80 2 -25 10 49987 1 
152.485 -22.8193 -179.892 0.289164 2.60247 -80 2 -25 10 49988 1 
152.475 -22.8193 -179.892 0.289164 2.60247 -80 2 -25 10 49989 1 
152.465 -22.8193 -179.892 0.289164 2.60247 -80 2 -25 10 49990 1 
152.456 -22.8194 -179.892 0.289164 2.60247 -80 2 -25 10 49991 1 
152.446 -22.8194 -179.892 0.289164 2.60247 -80 2 -25 10 49992 1 
152.437 -22.8194 -179.892 0.289164 2.60247 -80 2 -25 10 49993 1 
152.427 -22.8194 -179.892 0.289164 2.60247 -80 2 -25 10 49994 1 
152.417 -22.8194 -179.892 0.289164 2.60247 -80 2 -25 10 49995 1 
152.408 -22.8195 -179.892 0.289164 2.60247 -80 2 -25 10 49996 1 
152.398 -22.8195 -179.892 0.289164 2.60247 -80 2 -25 10 49997 1 
152.388 -22.8195 -179.892 0.289164 2.60247 -80 2 -25 10 49998 1 
152.379 -22.8195 -179.892 0.289164 2.60247 -80 2 -25 10 49999 1 
