-177.814 21.5014 0.0256564 0.515712 4.64141 80 2 25 10 48802 0 
-177.796 21.5014 0.0278408 0.515712 4.64141 80 2 25 10 48803 0 
-177.779 21.5014 0.0299889 0.515712 4.64141 80 2 25 10 48804 0 
-177.762 21.5014 0.0321015 0.515712 4.64141 80 2 25 10 48805 0 
-177.745 21.5014 0.0341789 0.515712 4.64141 80 2 25 10 48806 0 
-177.728 21.5014 0.0362219 0.515712 4.64141 80 2 25 10 48807 0 
-177.71 21.5015 0.0382311 0.515712 4.64141 80 2 25 10 48808 0 
-177.693 21.5015 0.0402069 0.515712 4.64141 80 2 25 10 48809 0 
-177.676 21.5015 0.0421499 0.515712 4.64141 80 2 25 10 48810 0 
-177.659 21.5015 0.0440608 0.515712 4.64141 80 2 25 10 48811 0 
-177.642 21.5015 0.0459399 0.515712 4.64141 80 2 25 10 48812 0 
-177.624 21.5015 0.0477879 0.515712 4.64141 80 2 25 10 48813 0 
-177.607 21.5015 0.0496053 0.515712 4.64141 80 2 25 10 48814 0 
-177.59 21.5016 0.0513925 0.515712 4.64141 80 2 25 10 48815 0 
-177.573 21.5016 0.0531501 0.515712 4.64141 80 2 25 10 48816 0 
-177.556 21.5016 0.0548786 0.515712 4.64141 80 2 25 10 48817 0 
-177.538 21.5016 0.0565784 0.515712 4.64141 80 2 25 10 48818 0 
-177.521 21.5016 0.0582501 0.515712 4.64141 80 2 25 10 48819 0 
-177.504 21.5016 0.0598941 0.515712 4.64141 80 2 25 10 48820 0 
-177.487 21.5017 0.0615108 0.515712 4.64141 80 2 25 10 48821 0 
-177.47 21.5017 0.0631008 0.515712 4.64141 80 2 25 10 48822 0 
-177.452 21.5017 0.0646644 0.515712 4.64141 80 2 25 10 48823 0 
-177.435 21.5017 0.0662022 0.515712 4.64141 80 2 25 10 48824 0 
-177.418 21.5017 0.0677144 0.515712 4.64141 80 2 25 10 48825 0 
-177.401 21.5017 0.0692016 0.515712 4.64141 80 2 25 10 48826 0 
-177.384 21.5018 0.0706642 0.515712 4.64141 80 2 25 10 48827 0 
-177.366 21.5018 0.0721026 0.515712 4.64141 80 2 25 10 48828 0 
-177.349 21.5018 0.0735171 0.515712 4.64141 80 2 25 10 48829 0 
-177.332 21.5018 0.0749083 0.515712 4.64141 80 2 25 10 48830 0 
-177.315 21.5019 0.0762764 0.515712 4.64141 80 2 25 10 48831 0 
-177.298 21.5019 0.0776219 0.515712 4.64141 80 2 25 10 48832 0 
-177.28 21.5019 0.0789451 0.515712 4.64141 80 2 25 10 48833 0 
-177.263 21.5019 0.0802464 0.515712 4.64141 80 2 25 10 48834 0 
-177.246 21.502 0.0815262 0.515712 4.64141 80 2 25 10 48835 0 
-177.229 21.502 0.0827848 0.515712 4.64141 80 2 25 10 48836 0 
-177.212 21.502 0.0840226 0.515712 4.64141 80 2 25 10 48837 0 
-177.194 21.502 0.0852399 0.515712 4.64141 80 2 25 10 48838 0 
-177.177 21.5021 0.0864371 0.515712 4.64141 80 2 25 10 48839 0 
-177.16 21.5021 0.0876145 0.515712 4.64141 80 2 25 10 48840 0 
-177.143 21.5021 0.0887724 0.515712 4.64141 80 2 25 10 48841 0 
-177.126 21.5021 0.0899112 0.515712 4.64141 80 2 25 10 48842 0 
-177.109 21.5022 0.0910312 0.515712 4.64141 80 2 25 10 48843 0 
-177.091 21.5022 0.0921326 0.515712 4.64141 80 2 25 10 48844 0 
-177.074 21.5022 0.0932159 0.515712 4.64141 80 2 25 10 48845 0 
-177.057 21.5022 0.0942812 0.515712 4.64141 80 2 25 10 48846 0 
-177.04 21.5023 0.095329 0.515712 4.64141 80 2 25 10 48847 0 
-177.023 21.5023 0.0963594 0.515712 4.64141 80 2 25 10 48848 0 
-177.005 21.5023 0.0973728 0.515712 4.64141 80 2 25 10 48849 0 
-176.988 21.5024 0.0983695 0.515712 4.64141 80 2 25 10 48850 0 
-176.971 21.5024 0.0993498 0.515712 4.64141 80 2 25 10 48851 0 
-176.954 21.5024 0.100314 0.515712 4.64141 80 2 25 10 48852 0 
-176.937 21.5024 0.101262 0.515712 4.64141 80 2 25 10 48853 0 
-176.919 21.5025 0.102194 0.515712 4.64141 80 2 25 10 48854 0 
-176.902 21.5025 0.103112 0.515712 4.64141 80 2 25 10 48855 0 
-176.885 21.5025 0.104014 0.515712 4.64141 80 2 25 10 48856 0 
-176.868 21.5026 0.104901 0.515712 4.64141 80 2 25 10 48857 0 
-176.851 21.5026 0.105773 0.515712 4.64141 80 2 25 10 48858 0 
-176.833 21.5026 0.106631 0.515712 4.64141 80 2 25 10 48859 0 
-176.816 21.5027 0.107475 0.515712 4.64141 80 2 25 10 48860 0 
-176.799 21.5027 0.108305 0.515712 4.64141 80 2 25 10 48861 0 
-176.782 21.5027 0.109121 0.515712 4.64141 80 2 25 10 48862 0 
-176.765 21.5028 0.109924 0.515712 4.64141 80 2 25 10 48863 0 
-176.747 21.5028 0.110714 0.515712 4.64141 80 2 25 10 48864 0 
-176.73 21.5028 0.111491 0.515712 4.64141 80 2 25 10 48865 0 
-176.713 21.5029 0.112254 0.515712 4.64141 80 2 25 10 48866 0 
-176.696 21.5029 0.113006 0.515712 4.64141 80 2 25 10 48867 0 
-176.679 21.5029 0.113745 0.515712 4.64141 80 2 25 10 48868 0 
-176.661 21.503 0.114471 0.515712 4.64141 80 2 25 10 48869 0 
-176.644 21.503 0.115186 0.515712 4.64141 80 2 25 10 48870 0 
-176.627 21.503 0.115889 0.515712 4.64141 80 2 25 10 48871 0 
-176.61 21.5031 0.116581 0.515712 4.64141 80 2 25 10 48872 0 
-176.593 21.5031 0.117261 0.515712 4.64141 80 2 25 10 48873 0 
-176.575 21.5031 0.11793 0.515712 4.64141 80 2 25 10 48874 0 
-176.558 21.5032 0.118587 0.515712 4.64141 80 2 25 10 48875 0 
-176.541 21.5032 0.119235 0.515712 4.64141 80 2 25 10 48876 0 
-176.524 21.5032 0.119871 0.515712 4.64141 80 2 25 10 48877 0 
-176.507 21.5033 0.120497 0.515712 4.64141 80 2 25 10 48878 0 
-176.489 21.5033 0.121113 0.515712 4.64141 80 2 25 10 48879 0 
-176.472 21.5034 0.121718 0.515712 4.64141 80 2 25 10 48880 0 
-176.455 21.5034 0.122314 0.515712 4.64141 80 2 25 10 48881 0 
-176.438 21.5034 0.1229 0.515712 4.64141 80 2 25 10 48882 0 
-176.421 21.5035 0.123476 0.515712 4.64141 80 2 25 10 48883 0 
-176.403 21.5035 0.124043 0.515712 4.64141 80 2 25 10 48884 0 
-176.386 21.5035 0.1246 0.515712 4.64141 80 2 25 10 48885 0 
-176.369 21.5036 0.125149 0.515712 4.64141 80 2 25 10 48886 0 
-176.352 21.5036 0.125688 0.515712 4.64141 80 2 25 10 48887 0 
-176.335 21.5036 0.126219 0.515712 4.64141 80 2 25 10 48888 0 
-176.317 21.5037 0.126741 0.515712 4.64141 80 2 25 10 48889 0 
-176.3 21.5037 0.127254 0.515712 4.64141 80 2 25 10 48890 0 
-176.283 21.5038 0.127759 0.515712 4.64141 80 2 25 10 48891 0 
-176.266 21.5038 0.128255 0.515712 4.64141 80 2 25 10 48892 0 
-176.249 21.5038 0.128744 0.515712 4.64141 80 2 25 10 48893 0 
-176.231 21.5039 0.129224 0.515712 4.64141 80 2 25 10 48894 0 
-176.214 21.5039 0.129697 0.515712 4.64141 80 2 25 10 48895 0 
-176.197 21.504 0.130162 0.515712 4.64141 80 2 25 10 48896 0 
-176.18 21.504 0.130619 0.515712 4.64141 80 2 25 10 48897 0 
-176.163 21.504 0.131069 0.515712 4.64141 80 2 25 10 48898 0 
-176.145 21.5041 0.131512 0.515712 4.64141 80 2 25 10 48899 0 
-176.128 21.5041 0.131947 0.515712 4.64141 80 2 25 10 48900 0 
-176.111 21.5042 0.132375 0.515712 4.64141 80 2 25 10 48901 0 
-176.094 21.5042 0.132796 0.515712 4.64141 80 2 25 10 48902 0 
-176.077 21.5042 0.13321 0.515712 4.64141 80 2 25 10 48903 0 
-176.06 21.5043 0.133618 0.515712 4.64141 80 2 25 10 48904 0 
-176.042 21.5043 0.134019 0.515712 4.64141 80 2 25 10 48905 0 
-176.025 21.5044 0.134413 0.515712 4.64141 80 2 25 10 48906 0 
-176.008 21.5044 0.134801 0.515712 4.64141 80 2 25 10 48907 0 
-175.991 21.5044 0.135183 0.515712 4.64141 80 2 25 10 48908 0 
-175.974 21.5045 0.135558 0.515712 4.64141 80 2 25 10 48909 0 
-175.956 21.5045 0.135927 0.515712 4.64141 80 2 25 10 48910 0 
-175.939 21.5046 0.136291 0.515712 4.64141 80 2 25 10 48911 0 
-175.922 21.5046 0.136648 0.515712 4.64141 80 2 25 10 48912 0 
-175.905 21.5046 0.137 0.515712 4.64141 80 2 25 10 48913 0 
-175.888 21.5047 0.137346 0.515712 4.64141 80 2 25 10 48914 0 
-175.87 21.5047 0.137686 0.515712 4.64141 80 2 25 10 48915 0 
-175.853 21.5048 0.138021 0.515712 4.64141 80 2 25 10 48916 0 
-175.836 21.5048 0.13835 0.515712 4.64141 80 2 25 10 48917 0 
-175.819 21.5048 0.138674 0.515712 4.64141 80 2 25 10 48918 0 
-175.802 21.5049 0.138992 0.515712 4.64141 80 2 25 10 48919 0 
-175.784 21.5049 0.139306 0.515712 4.64141 80 2 25 10 48920 0 
-175.767 21.505 0.139614 0.515712 4.64141 80 2 25 10 48921 0 
-175.75 21.505 0.139918 0.515712 4.64141 80 2 25 10 48922 0 
-175.733 21.5051 0.140216 0.515712 4.64141 80 2 25 10 48923 0 
-175.716 21.5051 0.14051 0.515712 4.64141 80 2 25 10 48924 0 
-175.698 21.5051 0.140799 0.515712 4.64141 80 2 25 10 48925 0 
-175.681 21.5052 0.141083 0.515712 4.64141 80 2 25 10 48926 0 
-175.664 21.5052 0.141363 0.515712 4.64141 80 2 25 10 48927 0 
-175.647 21.5053 0.141638 0.515712 4.64141 80 2 25 10 48928 0 
-175.63 21.5053 0.141909 0.515712 4.64141 80 2 25 10 48929 0 
-175.612 21.5053 0.142175 0.515712 4.64141 80 2 25 10 48930 0 
-175.595 21.5054 0.142438 0.515712 4.64141 80 2 25 10 48931 0 
-175.578 21.5054 0.142695 0.515712 4.64141 80 2 25 10 48932 0 
-175.561 21.5055 0.142949 0.515712 4.64141 80 2 25 10 48933 0 
-175.544 21.5055 0.143199 0.515712 4.64141 80 2 25 10 48934 0 
-175.526 21.5056 0.143444 0.515712 4.64141 80 2 25 10 48935 0 
-175.509 21.5056 0.143686 0.515712 4.64141 80 2 25 10 48936 0 
-175.492 21.5056 0.143924 0.515712 4.64141 80 2 25 10 48937 0 
-175.475 21.5057 0.144158 0.515712 4.64141 80 2 25 10 48938 0 
-175.458 21.5057 0.144388 0.515712 4.64141 80 2 25 10 48939 0 
-175.44 21.5058 0.144615 0.515712 4.64141 80 2 25 10 48940 0 
-175.423 21.5058 0.144838 0.515712 4.64141 80 2 25 10 48941 0 
-175.406 21.5059 0.145057 0.515712 4.64141 80 2 25 10 48942 0 
-175.389 21.5059 0.145273 0.515712 4.64141 80 2 25 10 48943 0 
-175.372 21.506 0.145485 0.515712 4.64141 80 2 25 10 48944 0 
-175.354 21.506 0.145694 0.515712 4.64141 80 2 25 10 48945 0 
-175.337 21.506 0.1459 0.515712 4.64141 80 2 25 10 48946 0 
-175.32 21.5061 0.146102 0.515712 4.64141 80 2 25 10 48947 0 
-175.303 21.5061 0.146301 0.515712 4.64141 80 2 25 10 48948 0 
-175.286 21.5062 0.146497 0.515712 4.64141 80 2 25 10 48949 0 
-175.268 21.5062 0.14669 0.515712 4.64141 80 2 25 10 48950 0 
-175.251 21.5063 0.14688 0.515712 4.64141 80 2 25 10 48951 0 
-175.234 21.5063 0.147067 0.515712 4.64141 80 2 25 10 48952 0 
-175.217 21.5063 0.14725 0.515712 4.64141 80 2 25 10 48953 0 
-175.2 21.5064 0.147431 0.515712 4.64141 80 2 25 10 48954 0 
-175.182 21.5064 0.147609 0.515712 4.64141 80 2 25 10 48955 0 
-175.165 21.5065 0.147784 0.515712 4.64141 80 2 25 10 48956 0 
-175.148 21.5065 0.147957 0.515712 4.64141 80 2 25 10 48957 0 
-175.131 21.5066 0.148126 0.515712 4.64141 80 2 25 10 48958 0 
-175.114 21.5066 0.148293 0.515712 4.64141 80 2 25 10 48959 0 
-175.096 21.5067 0.148458 0.515712 4.64141 80 2 25 10 48960 0 
-175.079 21.5067 0.14862 0.515712 4.64141 80 2 25 10 48961 0 
-175.062 21.5067 0.148779 0.515712 4.64141 80 2 25 10 48962 0 
-175.045 21.5068 0.148935 0.515712 4.64141 80 2 25 10 48963 0 
-175.028 21.5068 0.14909 0.515712 4.64141 80 2 25 10 48964 0 
-175.011 21.5069 0.149242 0.515712 4.64141 80 2 25 10 48965 0 
-174.993 21.5069 0.149391 0.515712 4.64141 80 2 25 10 48966 0 
-174.976 21.507 0.149538 0.515712 4.64141 80 2 25 10 48967 0 
-174.959 21.507 0.149683 0.515712 4.64141 80 2 25 10 48968 0 
-174.942 21.5071 0.149825 0.515712 4.64141 80 2 25 10 48969 0 
-174.925 21.5071 0.149966 0.515712 4.64141 80 2 25 10 48970 0 
-174.907 21.5071 0.150104 0.515712 4.64141 80 2 25 10 48971 0 
-174.89 21.5072 0.15024 0.515712 4.64141 80 2 25 10 48972 0 
-174.873 21.5072 0.150373 0.515712 4.64141 80 2 25 10 48973 0 
-174.856 21.5073 0.150505 0.515712 4.64141 80 2 25 10 48974 0 
-174.839 21.5073 0.150635 0.515712 4.64141 80 2 25 10 48975 0 
-174.821 21.5074 0.150763 0.515712 4.64141 80 2 25 10 48976 0 
-174.804 21.5074 0.150888 0.515712 4.64141 80 2 25 10 48977 0 
-174.787 21.5075 0.151012 0.515712 4.64141 80 2 25 10 48978 0 
-174.77 21.5075 0.151134 0.515712 4.64141 80 2 25 10 48979 0 
-174.753 21.5076 0.151254 0.515712 4.64141 80 2 25 10 48980 0 
-174.735 21.5076 0.151372 0.515712 4.64141 80 2 25 10 48981 0 
-174.718 21.5076 0.151488 0.515712 4.64141 80 2 25 10 48982 0 
-174.701 21.5077 0.151602 0.515712 4.64141 80 2 25 10 48983 0 
-174.684 21.5077 0.151715 0.515712 4.64141 80 2 25 10 48984 0 
-174.667 21.5078 0.151826 0.515712 4.64141 80 2 25 10 48985 0 
-174.649 21.5078 0.151935 0.515712 4.64141 80 2 25 10 48986 0 
-174.632 21.5079 0.152043 0.515712 4.64141 80 2 25 10 48987 0 
-174.615 21.5079 0.152149 0.515712 4.64141 80 2 25 10 48988 0 
-174.598 21.508 0.152253 0.515712 4.64141 80 2 25 10 48989 0 
-174.581 21.508 0.152356 0.515712 4.64141 80 2 25 10 48990 0 
-174.563 21.5081 0.152457 0.515712 4.64141 80 2 25 10 48991 0 
-174.546 21.5081 0.152557 0.515712 4.64141 80 2 25 10 48992 0 
-174.529 21.5082 0.152655 0.515712 4.64141 80 2 25 10 48993 0 
-174.512 21.5082 0.152751 0.515712 4.64141 80 2 25 10 48994 0 
-174.495 21.5082 0.152847 0.515712 4.64141 80 2 25 10 48995 0 
-174.477 21.5083 0.15294 0.515712 4.64141 80 2 25 10 48996 0 
-174.46 21.5083 0.153032 0.515712 4.64141 80 2 25 10 48997 0 
-174.443 21.5084 0.153123 0.515712 4.64141 80 2 25 10 48998 0 
-174.426 21.5084 0.153213 0.515712 4.64141 80 2 25 10 48999 0 
-174.409 21.5085 0.153301 0.515712 4.64141 80 2 25 10 49000 0 
-174.391 21.5085 0.153388 0.515712 4.64141 80 2 25 10 49001 0 
-174.374 21.5086 0.153473 0.515712 4.64141 80 2 25 10 49002 0 
-174.357 21.5086 0.153558 0.515712 4.64141 80 2 25 10 49003 0 
-174.34 21.5087 0.153641 0.515712 4.64141 80 2 25 10 49004 0 
-174.323 21.5087 0.153723 0.515712 4.64141 80 2 25 10 49005 0 
-174.305 21.5087 0.153803 0.515712 4.64141 80 2 25 10 49006 0 
-174.288 21.5088 0.153882 0.515712 4.64141 80 2 25 10 49007 0 
-174.271 21.5088 0.153961 0.515712 4.64141 80 2 25 10 49008 0 
-174.254 21.5089 0.154038 0.515712 4.64141 80 2 25 10 49009 0 
-174.237 21.5089 0.154114 0.515712 4.64141 80 2 25 10 49010 0 
-174.219 21.509 0.154188 0.515712 4.64141 80 2 25 10 49011 0 
-174.202 21.509 0.154262 0.515712 4.64141 80 2 25 10 49012 0 
-174.185 21.5091 0.154335 0.515712 4.64141 80 2 25 10 49013 0 
-174.168 21.5091 0.154406 0.515712 4.64141 80 2 25 10 49014 0 
-174.151 21.5092 0.154477 0.515712 4.64141 80 2 25 10 49015 0 
-174.133 21.5092 0.154546 0.515712 4.64141 80 2 25 10 49016 0 
-174.116 21.5093 0.154614 0.515712 4.64141 80 2 25 10 49017 0 
-174.099 21.5093 0.154682 0.515712 4.64141 80 2 25 10 49018 0 
-174.082 21.5093 0.154748 0.515712 4.64141 80 2 25 10 49019 0 
-174.065 21.5094 0.154814 0.515712 4.64141 80 2 25 10 49020 0 
-174.048 21.5094 0.154878 0.515712 4.64141 80 2 25 10 49021 0 
-174.03 21.5095 0.154942 0.515712 4.64141 80 2 25 10 49022 0 
-174.013 21.5095 0.155005 0.515712 4.64141 80 2 25 10 49023 0 
-173.996 21.5096 0.155067 0.515712 4.64141 80 2 25 10 49024 0 
-173.979 21.5096 0.155127 0.515712 4.64141 80 2 25 10 49025 0 
-173.962 21.5097 0.155188 0.515712 4.64141 80 2 25 10 49026 0 
-173.944 21.5097 0.155247 0.515712 4.64141 80 2 25 10 49027 0 
-173.927 21.5098 0.155305 0.515712 4.64141 80 2 25 10 49028 0 
-173.91 21.5098 0.155363 0.515712 4.64141 80 2 25 10 49029 0 
-173.893 21.5098 0.155419 0.515712 4.64141 80 2 25 10 49030 0 
-173.876 21.5099 0.155475 0.515712 4.64141 80 2 25 10 49031 0 
-173.858 21.5099 0.15553 0.515712 4.64141 80 2 25 10 49032 0 
-173.841 21.51 0.155585 0.515712 4.64141 80 2 25 10 49033 0 
-173.824 21.51 0.155638 0.515712 4.64141 80 2 25 10 49034 0 
-173.807 21.5101 0.155691 0.515712 4.64141 80 2 25 10 49035 0 
-173.79 21.5101 0.155743 0.515712 4.64141 80 2 25 10 49036 0 
-173.772 21.5102 0.155795 0.515712 4.64141 80 2 25 10 49037 0 
-173.755 21.5102 0.155845 0.515712 4.64141 80 2 25 10 49038 0 
-173.738 21.5103 0.155895 0.515712 4.64141 80 2 25 10 49039 0 
-173.721 21.5103 0.155945 0.515712 4.64141 80 2 25 10 49040 0 
-173.704 21.5104 0.155993 0.515712 4.64141 80 2 25 10 49041 0 
-173.686 21.5104 0.156041 0.515712 4.64141 80 2 25 10 49042 0 
-173.669 21.5105 0.156089 0.515712 4.64141 80 2 25 10 49043 0 
-173.652 21.5105 0.156135 0.515712 4.64141 80 2 25 10 49044 0 
-173.635 21.5105 0.156181 0.515712 4.64141 80 2 25 10 49045 0 
-173.618 21.5106 0.156227 0.515712 4.64141 80 2 25 10 49046 0 
-173.6 21.5106 0.156271 0.515712 4.64141 80 2 25 10 49047 0 
-173.583 21.5107 0.156316 0.515712 4.64141 80 2 25 10 49048 0 
-173.566 21.5107 0.156359 0.515712 4.64141 80 2 25 10 49049 0 
-173.549 21.5108 0.156402 0.515712 4.64141 80 2 25 10 49050 0 
-173.532 21.5108 0.156445 0.515712 4.64141 80 2 25 10 49051 0 
-173.514 21.5109 0.156487 0.515712 4.64141 80 2 25 10 49052 0 
-173.497 21.5109 0.156528 0.515712 4.64141 80 2 25 10 49053 0 
-173.48 21.511 0.156569 0.515712 4.64141 80 2 25 10 49054 0 
-173.463 21.511 0.156609 0.515712 4.64141 80 2 25 10 49055 0 
-173.446 21.5111 0.156649 0.515712 4.64141 80 2 25 10 49056 0 
-173.428 21.5111 0.156688 0.515712 4.64141 80 2 25 10 49057 0 
-173.411 21.5112 0.156726 0.515712 4.64141 80 2 25 10 49058 0 
-173.394 21.5112 0.156765 0.515712 4.64141 80 2 25 10 49059 0 
-173.377 21.5113 0.156802 0.515712 4.64141 80 2 25 10 49060 0 
-173.36 21.5113 0.15684 0.515712 4.64141 80 2 25 10 49061 0 
-173.342 21.5114 0.156876 0.515712 4.64141 80 2 25 10 49062 0 
-173.325 21.5114 0.156913 0.515712 4.64141 80 2 25 10 49063 0 
-173.308 21.5115 0.156948 0.515712 4.64141 80 2 25 10 49064 0 
-173.291 21.5115 0.156984 0.515712 4.64141 80 2 25 10 49065 0 
-173.274 21.5115 0.157019 0.515712 4.64141 80 2 25 10 49066 0 
-173.256 21.5116 0.157053 0.515712 4.64141 80 2 25 10 49067 0 
-173.239 21.5116 0.157087 0.515712 4.64141 80 2 25 10 49068 0 
-173.222 21.5117 0.157121 0.515712 4.64141 80 2 25 10 49069 0 
-173.205 21.5117 0.157154 0.515712 4.64141 80 2 25 10 49070 0 
-173.188 21.5118 0.157187 0.515712 4.64141 80 2 25 10 49071 0 
-173.17 21.5118 0.157219 0.515712 4.64141 80 2 25 10 49072 0 
-173.153 21.5119 0.157251 0.515712 4.64141 80 2 25 10 49073 0 
-173.136 21.5119 0.157283 0.515712 4.64141 80 2 25 10 49074 0 
-173.119 21.512 0.157314 0.515712 4.64141 80 2 25 10 49075 0 
-173.102 21.512 0.157345 0.515712 4.64141 80 2 25 10 49076 0 
-173.084 21.5121 0.157376 0.515712 4.64141 80 2 25 10 49077 0 
-173.067 21.5121 0.157406 0.515712 4.64141 80 2 25 10 49078 0 
-173.05 21.5122 0.157436 0.515712 4.64141 80 2 25 10 49079 0 
-173.033 21.5122 0.157465 0.515712 4.64141 80 2 25 10 49080 0 
-173.016 21.5123 0.157494 0.515712 4.64141 80 2 25 10 49081 0 
-172.999 21.5123 0.157523 0.515712 4.64141 80 2 25 10 49082 0 
-172.981 21.5124 0.157551 0.515712 4.64141 80 2 25 10 49083 0 
-172.964 21.5124 0.157579 0.515712 4.64141 80 2 25 10 49084 0 
-172.947 21.5125 0.157607 0.515712 4.64141 80 2 25 10 49085 0 
-172.93 21.5125 0.157635 0.515712 4.64141 80 2 25 10 49086 0 
-172.913 21.5126 0.157662 0.515712 4.64141 80 2 25 10 49087 0 
-172.895 21.5126 0.157688 0.515712 4.64141 80 2 25 10 49088 0 
-172.878 21.5126 0.157715 0.515712 4.64141 80 2 25 10 49089 0 
-172.861 21.5127 0.157741 0.515712 4.64141 80 2 25 10 49090 0 
-172.844 21.5127 0.157767 0.515712 4.64141 80 2 25 10 49091 0 
-172.827 21.5128 0.157793 0.515712 4.64141 80 2 25 10 49092 0 
-172.809 21.5128 0.157818 0.515712 4.64141 80 2 25 10 49093 0 
-172.792 21.5129 0.157843 0.515712 4.64141 80 2 25 10 49094 0 
-172.775 21.5129 0.157868 0.515712 4.64141 80 2 25 10 49095 0 
-172.758 21.513 0.157893 0.515712 4.64141 80 2 25 10 49096 0 
-172.741 21.513 0.157917 0.515712 4.64141 80 2 25 10 49097 0 
-172.723 21.5131 0.157941 0.515712 4.64141 80 2 25 10 49098 0 
-172.706 21.5131 0.157965 0.515712 4.64141 80 2 25 10 49099 0 
-172.689 21.5132 0.157988 0.515712 4.64141 80 2 25 10 49100 0 
-172.672 21.5132 0.158012 0.515712 4.64141 80 2 25 10 49101 0 
-172.655 21.5133 0.158035 0.515712 4.64141 80 2 25 10 49102 0 
-172.637 21.5133 0.158057 0.515712 4.64141 80 2 25 10 49103 0 
-172.62 21.5134 0.15808 0.515712 4.64141 80 2 25 10 49104 0 
-172.603 21.5134 0.158102 0.515712 4.64141 80 2 25 10 49105 0 
-172.586 21.5135 0.158124 0.515712 4.64141 80 2 25 10 49106 0 
-172.569 21.5135 0.158146 0.515712 4.64141 80 2 25 10 49107 0 
-172.551 21.5136 0.158168 0.515712 4.64141 80 2 25 10 49108 0 
-172.534 21.5136 0.158189 0.515712 4.64141 80 2 25 10 49109 0 
-172.517 21.5136 0.158211 0.515712 4.64141 80 2 25 10 49110 0 
-172.5 21.5137 0.158232 0.515712 4.64141 80 2 25 10 49111 0 
-172.483 21.5137 0.158252 0.515712 4.64141 80 2 25 10 49112 0 
-172.465 21.5138 0.158273 0.515712 4.64141 80 2 25 10 49113 0 
-172.448 21.5138 0.158294 0.515712 4.64141 80 2 25 10 49114 0 
-172.431 21.5139 0.158314 0.515712 4.64141 80 2 25 10 49115 0 
-172.414 21.5139 0.158334 0.515712 4.64141 80 2 25 10 49116 0 
-172.397 21.514 0.158354 0.515712 4.64141 80 2 25 10 49117 0 
-172.379 21.514 0.158373 0.515712 4.64141 80 2 25 10 49118 0 
-172.362 21.5141 0.158393 0.515712 4.64141 80 2 25 10 49119 0 
-172.345 21.5141 0.158412 0.515712 4.64141 80 2 25 10 49120 0 
-172.328 21.5142 0.158431 0.515712 4.64141 80 2 25 10 49121 0 
-172.311 21.5142 0.15845 0.515712 4.64141 80 2 25 10 49122 0 
-172.293 21.5143 0.158469 0.515712 4.64141 80 2 25 10 49123 0 
-172.276 21.5143 0.158488 0.515712 4.64141 80 2 25 10 49124 0 
-172.259 21.5144 0.158506 0.515712 4.64141 80 2 25 10 49125 0 
-172.242 21.5144 0.158524 0.515712 4.64141 80 2 25 10 49126 0 
-172.225 21.5145 0.158543 0.515712 4.64141 80 2 25 10 49127 0 
-172.207 21.5145 0.15856 0.515712 4.64141 80 2 25 10 49128 0 
-172.19 21.5146 0.158578 0.515712 4.64141 80 2 25 10 49129 0 
-172.173 21.5146 0.158596 0.515712 4.64141 80 2 25 10 49130 0 
-172.156 21.5146 0.158614 0.515712 4.64141 80 2 25 10 49131 0 
-172.139 21.5147 0.158631 0.515712 4.64141 80 2 25 10 49132 0 
-172.121 21.5147 0.158648 0.515712 4.64141 80 2 25 10 49133 0 
-172.104 21.5148 0.158665 0.515712 4.64141 80 2 25 10 49134 0 
-172.087 21.5148 0.158682 0.515712 4.64141 80 2 25 10 49135 0 
-172.07 21.5149 0.158699 0.515712 4.64141 80 2 25 10 49136 0 
-172.053 21.5149 0.158716 0.515712 4.64141 80 2 25 10 49137 0 
-172.035 21.515 0.158732 0.515712 4.64141 80 2 25 10 49138 0 
-172.018 21.515 0.158749 0.515712 4.64141 80 2 25 10 49139 0 
-172.001 21.5151 0.158765 0.515712 4.64141 80 2 25 10 49140 0 
-171.984 21.5151 0.158781 0.515712 4.64141 80 2 25 10 49141 0 
-171.967 21.5152 0.158797 0.515712 4.64141 80 2 25 10 49142 0 
-171.95 21.5152 0.158813 0.515712 4.64141 80 2 25 10 49143 0 
-171.932 21.5153 0.158829 0.515712 4.64141 80 2 25 10 49144 0 
-171.915 21.5153 0.158845 0.515712 4.64141 80 2 25 10 49145 0 
-171.898 21.5154 0.15886 0.515712 4.64141 80 2 25 10 49146 0 
-171.881 21.5154 0.158876 0.515712 4.64141 80 2 25 10 49147 0 
-171.864 21.5155 0.158891 0.515712 4.64141 80 2 25 10 49148 0 
-171.846 21.5155 0.158906 0.515712 4.64141 80 2 25 10 49149 0 
-171.829 21.5156 0.158922 0.515712 4.64141 80 2 25 10 49150 0 
-171.812 21.5156 0.158937 0.515712 4.64141 80 2 25 10 49151 0 
-171.795 21.5156 0.158952 0.515712 4.64141 80 2 25 10 49152 0 
-171.778 21.5157 0.158966 0.515712 4.64141 80 2 25 10 49153 0 
-171.76 21.5157 0.158981 0.515712 4.64141 80 2 25 10 49154 0 
-171.743 21.5158 0.158996 0.515712 4.64141 80 2 25 10 49155 0 
-171.726 21.5158 0.15901 0.515712 4.64141 80 2 25 10 49156 0 
-171.709 21.5159 0.159025 0.515712 4.64141 80 2 25 10 49157 0 
-171.692 21.5159 0.159039 0.515712 4.64141 80 2 25 10 49158 0 
-171.674 21.516 0.159053 0.515712 4.64141 80 2 25 10 49159 0 
-171.657 21.516 0.159068 0.515712 4.64141 80 2 25 10 49160 0 
-171.64 21.5161 0.159082 0.515712 4.64141 80 2 25 10 49161 0 
-171.623 21.5161 0.159096 0.515712 4.64141 80 2 25 10 49162 0 
-171.606 21.5162 0.15911 0.515712 4.64141 80 2 25 10 49163 0 
-171.588 21.5162 0.159123 0.515712 4.64141 80 2 25 10 49164 0 
-171.571 21.5163 0.159137 0.515712 4.64141 80 2 25 10 49165 0 
-171.554 21.5163 0.159151 0.515712 4.64141 80 2 25 10 49166 0 
-171.537 21.5164 0.159164 0.515712 4.64141 80 2 25 10 49167 0 
-171.52 21.5164 0.159178 0.515712 4.64141 80 2 25 10 49168 0 
-171.502 21.5165 0.159191 0.515712 4.64141 80 2 25 10 49169 0 
-171.485 21.5165 0.159205 0.515712 4.64141 80 2 25 10 49170 0 
-171.468 21.5166 0.159218 0.515712 4.64141 80 2 25 10 49171 0 
-171.451 21.5166 0.159231 0.515712 4.64141 80 2 25 10 49172 0 
-171.434 21.5167 0.159244 0.515712 4.64141 80 2 25 10 49173 0 
-171.416 21.5167 0.159257 0.515712 4.64141 80 2 25 10 49174 0 
-171.399 21.5167 0.15927 0.515712 4.64141 80 2 25 10 49175 0 
-171.382 21.5168 0.159283 0.515712 4.64141 80 2 25 10 49176 0 
-171.365 21.5168 0.159296 0.515712 4.64141 80 2 25 10 49177 0 
-171.348 21.5169 0.159309 0.515712 4.64141 80 2 25 10 49178 0 
-171.33 21.5169 0.159321 0.515712 4.64141 80 2 25 10 49179 0 
-171.313 21.517 0.159334 0.515712 4.64141 80 2 25 10 49180 0 
-171.296 21.517 0.159347 0.515712 4.64141 80 2 25 10 49181 0 
-171.279 21.5171 0.159359 0.515712 4.64141 80 2 25 10 49182 0 
-171.262 21.5171 0.159372 0.515712 4.64141 80 2 25 10 49183 0 
-171.244 21.5172 0.159384 0.515712 4.64141 80 2 25 10 49184 0 
-171.227 21.5172 0.159396 0.515712 4.64141 80 2 25 10 49185 0 
-171.21 21.5173 0.159409 0.515712 4.64141 80 2 25 10 49186 0 
-171.193 21.5173 0.159421 0.515712 4.64141 80 2 25 10 49187 0 
-171.176 21.5174 0.159433 0.515712 4.64141 80 2 25 10 49188 0 
-171.158 21.5174 0.159445 0.515712 4.64141 80 2 25 10 49189 0 
-171.141 21.5175 0.159457 0.515712 4.64141 80 2 25 10 49190 0 
-171.124 21.5175 0.159469 0.515712 4.64141 80 2 25 10 49191 0 
-171.107 21.5176 0.159481 0.515712 4.64141 80 2 25 10 49192 0 
-171.09 21.5176 0.159493 0.515712 4.64141 80 2 25 10 49193 0 
-171.072 21.5177 0.159505 0.515712 4.64141 80 2 25 10 49194 0 
-171.055 21.5177 0.159517 0.515712 4.64141 80 2 25 10 49195 0 
-171.038 21.5177 0.159528 0.515712 4.64141 80 2 25 10 49196 0 
-171.021 21.5178 0.15954 0.515712 4.64141 80 2 25 10 49197 0 
-171.004 21.5178 0.159552 0.515712 4.64141 80 2 25 10 49198 0 
-170.986 21.5179 0.159563 0.515712 4.64141 80 2 25 10 49199 0 
-170.969 21.5179 0.159575 0.515712 4.64141 80 2 25 10 49200 0 
-170.952 21.518 0.159587 0.515712 4.64141 80 2 25 10 49201 0 
-170.935 21.518 0.159598 0.515712 4.64141 80 2 25 10 49202 0 
-170.918 21.5181 0.159609 0.515712 4.64141 80 2 25 10 49203 0 
-170.901 21.5181 0.159621 0.515712 4.64141 80 2 25 10 49204 0 
-170.883 21.5182 0.159632 0.515712 4.64141 80 2 25 10 49205 0 
-170.866 21.5182 0.159643 0.515712 4.64141 80 2 25 10 49206 0 
-170.849 21.5183 0.159655 0.515712 4.64141 80 2 25 10 49207 0 
-170.832 21.5183 0.159666 0.515712 4.64141 80 2 25 10 49208 0 
-170.815 21.5184 0.159677 0.515712 4.64141 80 2 25 10 49209 0 
-170.797 21.5184 0.159688 0.515712 4.64141 80 2 25 10 49210 0 
-170.78 21.5185 0.159699 0.515712 4.64141 80 2 25 10 49211 0 
-170.763 21.5185 0.15971 0.515712 4.64141 80 2 25 10 49212 0 
-170.746 21.5186 0.159722 0.515712 4.64141 80 2 25 10 49213 0 
-170.729 21.5186 0.159733 0.515712 4.64141 80 2 25 10 49214 0 
-170.711 21.5187 0.159743 0.515712 4.64141 80 2 25 10 49215 0 
-170.694 21.5187 0.159754 0.515712 4.64141 80 2 25 10 49216 0 
-170.677 21.5187 0.159765 0.515712 4.64141 80 2 25 10 49217 0 
-170.66 21.5188 0.159776 0.515712 4.64141 80 2 25 10 49218 0 
-170.643 21.5188 0.159787 0.515712 4.64141 80 2 25 10 49219 0 
-170.625 21.5189 0.159798 0.515712 4.64141 80 2 25 10 49220 0 
-170.608 21.5189 0.159809 0.515712 4.64141 80 2 25 10 49221 0 
-170.591 21.519 0.159819 0.515712 4.64141 80 2 25 10 49222 0 
-170.574 21.519 0.15983 0.515712 4.64141 80 2 25 10 49223 0 
-170.557 21.5191 0.159841 0.515712 4.64141 80 2 25 10 49224 0 
-170.539 21.5191 0.159851 0.515712 4.64141 80 2 25 10 49225 0 
-170.522 21.5192 0.159862 0.515712 4.64141 80 2 25 10 49226 0 
-170.505 21.5192 0.159873 0.515712 4.64141 80 2 25 10 49227 0 
-170.488 21.5193 0.159883 0.515712 4.64141 80 2 25 10 49228 0 
-170.471 21.5193 0.159894 0.515712 4.64141 80 2 25 10 49229 0 
-170.453 21.5194 0.159904 0.515712 4.64141 80 2 25 10 49230 0 
-170.436 21.5194 0.159915 0.515712 4.64141 80 2 25 10 49231 0 
-170.419 21.5195 0.159925 0.515712 4.64141 80 2 25 10 49232 0 
-170.402 21.5195 0.159936 0.515712 4.64141 80 2 25 10 49233 0 
-170.385 21.5196 0.159946 0.515712 4.64141 80 2 25 10 49234 0 
-170.367 21.5196 0.159956 0.515712 4.64141 80 2 25 10 49235 0 
-170.35 21.5197 0.159967 0.515712 4.64141 80 2 25 10 49236 0 
-170.333 21.5197 0.159977 0.515712 4.64141 80 2 25 10 49237 0 
-170.316 21.5198 0.159987 0.515712 4.64141 80 2 25 10 49238 0 
-170.299 21.5198 0.159998 0.515712 4.64141 80 2 25 10 49239 0 
-170.281 21.5198 0.160008 0.515712 4.64141 80 2 25 10 49240 0 
-170.264 21.5199 0.160018 0.515712 4.64141 80 2 25 10 49241 0 
-170.247 21.5199 0.160028 0.515712 4.64141 80 2 25 10 49242 0 
-170.23 21.52 0.160039 0.515712 4.64141 80 2 25 10 49243 0 
-170.213 21.52 0.160049 0.515712 4.64141 80 2 25 10 49244 0 
-170.195 21.5201 0.160059 0.515712 4.64141 80 2 25 10 49245 0 
-170.178 21.5201 0.160069 0.515712 4.64141 80 2 25 10 49246 0 
-170.161 21.5202 0.160079 0.515712 4.64141 80 2 25 10 49247 0 
-170.144 21.5202 0.160089 0.515712 4.64141 80 2 25 10 49248 0 
-170.127 21.5203 0.160099 0.515712 4.64141 80 2 25 10 49249 0 
-170.109 21.5203 0.160109 0.515712 4.64141 80 2 25 10 49250 0 
-170.092 21.5204 0.160119 0.515712 4.64141 80 2 25 10 49251 0 
-170.075 21.5204 0.160129 0.515712 4.64141 80 2 25 10 49252 0 
-170.058 21.5205 0.160139 0.515712 4.64141 80 2 25 10 49253 0 
-170.041 21.5205 0.160149 0.515712 4.64141 80 2 25 10 49254 0 
-170.023 21.5206 0.160159 0.515712 4.64141 80 2 25 10 49255 0 
-170.006 21.5206 0.160169 0.515712 4.64141 80 2 25 10 49256 0 
-169.989 21.5207 0.160179 0.515712 4.64141 80 2 25 10 49257 0 
-169.972 21.5207 0.160189 0.515712 4.64141 80 2 25 10 49258 0 
-169.955 21.5208 0.160199 0.515712 4.64141 80 2 25 10 49259 0 
-169.938 21.5208 0.160209 0.515712 4.64141 80 2 25 10 49260 0 
-169.92 21.5208 0.160219 0.515712 4.64141 80 2 25 10 49261 0 
-169.903 21.5209 0.160229 0.515712 4.64141 80 2 25 10 49262 0 
-169.886 21.5209 0.160238 0.515712 4.64141 80 2 25 10 49263 0 
-169.869 21.521 0.160248 0.515712 4.64141 80 2 25 10 49264 0 
-169.852 21.521 0.160258 0.515712 4.64141 80 2 25 10 49265 0 
-169.834 21.5211 0.160268 0.515712 4.64141 80 2 25 10 49266 0 
-169.817 21.5211 0.160278 0.515712 4.64141 80 2 25 10 49267 0 
-169.8 21.5212 0.160287 0.515712 4.64141 80 2 25 10 49268 0 
-169.783 21.5212 0.160297 0.515712 4.64141 80 2 25 10 49269 0 
-169.766 21.5213 0.160307 0.515712 4.64141 80 2 25 10 49270 0 
-169.748 21.5213 0.160317 0.515712 4.64141 80 2 25 10 49271 0 
-169.731 21.5214 0.160326 0.515712 4.64141 80 2 25 10 49272 0 
-169.714 21.5214 0.160336 0.515712 4.64141 80 2 25 10 49273 0 
-169.697 21.5215 0.160346 0.515712 4.64141 80 2 25 10 49274 0 
-169.68 21.5215 0.160355 0.515712 4.64141 80 2 25 10 49275 0 
-169.662 21.5216 0.160365 0.515712 4.64141 80 2 25 10 49276 0 
-169.645 21.5216 0.160375 0.515712 4.64141 80 2 25 10 49277 0 
-169.628 21.5217 0.160384 0.515712 4.64141 80 2 25 10 49278 0 
-169.611 21.5217 0.160394 0.515712 4.64141 80 2 25 10 49279 0 
-169.594 21.5218 0.160404 0.515712 4.64141 80 2 25 10 49280 0 
-169.576 21.5218 0.160413 0.515712 4.64141 80 2 25 10 49281 0 
-169.559 21.5218 0.160423 0.515712 4.64141 80 2 25 10 49282 0 
-169.542 21.5219 0.160432 0.515712 4.64141 80 2 25 10 49283 0 
-169.525 21.5219 0.160442 0.515712 4.64141 80 2 25 10 49284 0 
-169.508 21.522 0.160452 0.515712 4.64141 80 2 25 10 49285 0 
-169.49 21.522 0.160461 0.515712 4.64141 80 2 25 10 49286 0 
-169.473 21.5221 0.160471 0.515712 4.64141 80 2 25 10 49287 0 
-169.456 21.5221 0.16048 0.515712 4.64141 80 2 25 10 49288 0 
-169.439 21.5222 0.16049 0.515712 4.64141 80 2 25 10 49289 0 
-169.422 21.5222 0.160499 0.515712 4.64141 80 2 25 10 49290 0 
-169.404 21.5223 0.160509 0.515712 4.64141 80 2 25 10 49291 0 
-169.387 21.5223 0.160518 0.515712 4.64141 80 2 25 10 49292 0 
-169.37 21.5224 0.160528 0.515712 4.64141 80 2 25 10 49293 0 
-169.353 21.5224 0.160537 0.515712 4.64141 80 2 25 10 49294 0 
-169.336 21.5225 0.160547 0.515712 4.64141 80 2 25 10 49295 0 
-169.318 21.5225 0.160556 0.515712 4.64141 80 2 25 10 49296 0 
-169.301 21.5226 0.160566 0.515712 4.64141 80 2 25 10 49297 0 
-169.284 21.5226 0.160575 0.515712 4.64141 80 2 25 10 49298 0 
-169.267 21.5227 0.160585 0.515712 4.64141 80 2 25 10 49299 0 
-169.25 21.5227 0.160594 0.515712 4.64141 80 2 25 10 49300 0 
-169.232 21.5228 0.160603 0.515712 4.64141 80 2 25 10 49301 0 
-169.215 21.5228 0.160613 0.515712 4.64141 80 2 25 10 49302 0 
-169.198 21.5229 0.160622 0.515712 4.64141 80 2 25 10 49303 0 
-169.181 21.5229 0.160632 0.515712 4.64141 80 2 25 10 49304 0 
-169.164 21.5229 0.160641 0.515712 4.64141 80 2 25 10 49305 0 
-169.146 21.523 0.160651 0.515712 4.64141 80 2 25 10 49306 0 
-169.129 21.523 0.16066 0.515712 4.64141 80 2 25 10 49307 0 
-169.112 21.5231 0.160669 0.515712 4.64141 80 2 25 10 49308 0 
-169.095 21.5231 0.160679 0.515712 4.64141 80 2 25 10 49309 0 
-169.078 21.5232 0.160688 0.515712 4.64141 80 2 25 10 49310 0 
-169.06 21.5232 0.160697 0.515712 4.64141 80 2 25 10 49311 0 
-169.043 21.5233 0.160707 0.515712 4.64141 80 2 25 10 49312 0 
-169.026 21.5233 0.160716 0.515712 4.64141 80 2 25 10 49313 0 
-169.009 21.5234 0.160725 0.515712 4.64141 80 2 25 10 49314 0 
-168.992 21.5234 0.160735 0.515712 4.64141 80 2 25 10 49315 0 
-168.974 21.5235 0.160744 0.515712 4.64141 80 2 25 10 49316 0 
-168.957 21.5235 0.160753 0.515712 4.64141 80 2 25 10 49317 0 
-168.94 21.5236 0.160763 0.515712 4.64141 80 2 25 10 49318 0 
-168.923 21.5236 0.160772 0.515712 4.64141 80 2 25 10 49319 0 
-168.906 21.5237 0.160781 0.515712 4.64141 80 2 25 10 49320 0 
-168.889 21.5237 0.160791 0.515712 4.64141 80 2 25 10 49321 0 
-168.871 21.5238 0.1608 0.515712 4.64141 80 2 25 10 49322 0 
-168.854 21.5238 0.160809 0.515712 4.64141 80 2 25 10 49323 0 
-168.837 21.5239 0.160819 0.515712 4.64141 80 2 25 10 49324 0 
-168.82 21.5239 0.160828 0.515712 4.64141 80 2 25 10 49325 0 
-168.803 21.5239 0.160837 0.515712 4.64141 80 2 25 10 49326 0 
-168.785 21.524 0.160847 0.515712 4.64141 80 2 25 10 49327 0 
-168.768 21.524 0.160856 0.515712 4.64141 80 2 25 10 49328 0 
-168.751 21.5241 0.160865 0.515712 4.64141 80 2 25 10 49329 0 
-168.734 21.5241 0.160874 0.515712 4.64141 80 2 25 10 49330 0 
-168.717 21.5242 0.160884 0.515712 4.64141 80 2 25 10 49331 0 
-168.699 21.5242 0.160893 0.515712 4.64141 80 2 25 10 49332 0 
-168.682 21.5243 0.160902 0.515712 4.64141 80 2 25 10 49333 0 
-168.665 21.5243 0.160911 0.515712 4.64141 80 2 25 10 49334 0 
-168.648 21.5244 0.160921 0.515712 4.64141 80 2 25 10 49335 0 
-168.631 21.5244 0.16093 0.515712 4.64141 80 2 25 10 49336 0 
-168.613 21.5245 0.160939 0.515712 4.64141 80 2 25 10 49337 0 
-168.596 21.5245 0.160948 0.515712 4.64141 80 2 25 10 49338 0 
-168.579 21.5246 0.160958 0.515712 4.64141 80 2 25 10 49339 0 
-168.562 21.5246 0.160967 0.515712 4.64141 80 2 25 10 49340 0 
-168.545 21.5247 0.160976 0.515712 4.64141 80 2 25 10 49341 0 
-168.527 21.5247 0.160985 0.515712 4.64141 80 2 25 10 49342 0 
-168.51 21.5248 0.160995 0.515712 4.64141 80 2 25 10 49343 0 
-168.493 21.5248 0.161004 0.515712 4.64141 80 2 25 10 49344 0 
-168.476 21.5249 0.161013 0.515712 4.64141 80 2 25 10 49345 0 
-168.459 21.5249 0.161022 0.515712 4.64141 80 2 25 10 49346 0 
-168.441 21.5249 0.161031 0.515712 4.64141 80 2 25 10 49347 0 
-168.424 21.525 0.161041 0.515712 4.64141 80 2 25 10 49348 0 
-168.407 21.525 0.16105 0.515712 4.64141 80 2 25 10 49349 0 
-168.39 21.5251 0.161059 0.515712 4.64141 80 2 25 10 49350 0 
-168.373 21.5251 0.161068 0.515712 4.64141 80 2 25 10 49351 0 
-168.355 21.5252 0.161078 0.515712 4.64141 80 2 25 10 49352 0 
-168.338 21.5252 0.161087 0.515712 4.64141 80 2 25 10 49353 0 
-168.321 21.5253 0.161096 0.515712 4.64141 80 2 25 10 49354 0 
-168.304 21.5253 0.161105 0.515712 4.64141 80 2 25 10 49355 0 
-168.287 21.5254 0.161114 0.515712 4.64141 80 2 25 10 49356 0 
-168.269 21.5254 0.161123 0.515712 4.64141 80 2 25 10 49357 0 
-168.252 21.5255 0.161133 0.515712 4.64141 80 2 25 10 49358 0 
-168.235 21.5255 0.161142 0.515712 4.64141 80 2 25 10 49359 0 
-168.218 21.5256 0.161151 0.515712 4.64141 80 2 25 10 49360 0 
-168.201 21.5256 0.16116 0.515712 4.64141 80 2 25 10 49361 0 
-168.183 21.5257 0.161169 0.515712 4.64141 80 2 25 10 49362 0 
-168.166 21.5257 0.161179 0.515712 4.64141 80 2 25 10 49363 0 
-168.149 21.5258 0.161188 0.515712 4.64141 80 2 25 10 49364 0 
-168.132 21.5258 0.161197 0.515712 4.64141 80 2 25 10 49365 0 
-168.115 21.5259 0.161206 0.515712 4.64141 80 2 25 10 49366 0 
-168.097 21.5259 0.161215 0.515712 4.64141 80 2 25 10 49367 0 
-168.08 21.5259 0.161224 0.515712 4.64141 80 2 25 10 49368 0 
-168.063 21.526 0.161234 0.515712 4.64141 80 2 25 10 49369 0 
-168.046 21.526 0.161243 0.515712 4.64141 80 2 25 10 49370 0 
-168.029 21.5261 0.161252 0.515712 4.64141 80 2 25 10 49371 0 
-168.011 21.5261 0.161261 0.515712 4.64141 80 2 25 10 49372 0 
-167.994 21.5262 0.16127 0.515712 4.64141 80 2 25 10 49373 0 
-167.977 21.5262 0.161279 0.515712 4.64141 80 2 25 10 49374 0 
-167.96 21.5263 0.161289 0.515712 4.64141 80 2 25 10 49375 0 
-167.943 21.5263 0.161298 0.515712 4.64141 80 2 25 10 49376 0 
-167.925 21.5264 0.161307 0.515712 4.64141 80 2 25 10 49377 0 
-167.908 21.5264 0.161316 0.515712 4.64141 80 2 25 10 49378 0 
-167.891 21.5265 0.161325 0.515712 4.64141 80 2 25 10 49379 0 
-167.874 21.5265 0.161334 0.515712 4.64141 80 2 25 10 49380 0 
-167.857 21.5266 0.161344 0.515712 4.64141 80 2 25 10 49381 0 
-167.84 21.5266 0.161353 0.515712 4.64141 80 2 25 10 49382 0 
-167.822 21.5267 0.161362 0.515712 4.64141 80 2 25 10 49383 0 
-167.805 21.5267 0.161371 0.515712 4.64141 80 2 25 10 49384 0 
-167.788 21.5268 0.16138 0.515712 4.64141 80 2 25 10 49385 0 
-167.771 21.5268 0.161389 0.515712 4.64141 80 2 25 10 49386 0 
-167.754 21.5269 0.161399 0.515712 4.64141 80 2 25 10 49387 0 
-167.736 21.5269 0.161408 0.515712 4.64141 80 2 25 10 49388 0 
-167.719 21.527 0.161417 0.515712 4.64141 80 2 25 10 49389 0 
-167.702 21.527 0.161426 0.515712 4.64141 80 2 25 10 49390 0 
-167.685 21.527 0.161435 0.515712 4.64141 80 2 25 10 49391 0 
-167.668 21.5271 0.161444 0.515712 4.64141 80 2 25 10 49392 0 
-167.65 21.5271 0.161453 0.515712 4.64141 80 2 25 10 49393 0 
-167.633 21.5272 0.161463 0.515712 4.64141 80 2 25 10 49394 0 
-167.616 21.5272 0.161472 0.515712 4.64141 80 2 25 10 49395 0 
-167.599 21.5273 0.161481 0.515712 4.64141 80 2 25 10 49396 0 
-167.582 21.5273 0.16149 0.515712 4.64141 80 2 25 10 49397 0 
-167.564 21.5274 0.161499 0.515712 4.64141 80 2 25 10 49398 0 
-167.547 21.5274 0.161508 0.515712 4.64141 80 2 25 10 49399 0 
-167.53 21.5275 0.161517 0.515712 4.64141 80 2 25 10 49400 0 
-167.513 21.5275 0.161527 0.515712 4.64141 80 2 25 10 49401 0 
-167.496 21.5276 0.161536 0.515712 4.64141 80 2 25 10 49402 0 
-167.478 21.5276 0.161545 0.515712 4.64141 80 2 25 10 49403 0 
-167.461 21.5277 0.161554 0.515712 4.64141 80 2 25 10 49404 0 
-167.444 21.5277 0.161563 0.515712 4.64141 80 2 25 10 49405 0 
-167.427 21.5278 0.161572 0.515712 4.64141 80 2 25 10 49406 0 
-167.41 21.5278 0.161582 0.515712 4.64141 80 2 25 10 49407 0 
-167.392 21.5279 0.161591 0.515712 4.64141 80 2 25 10 49408 0 
-167.375 21.5279 0.1616 0.515712 4.64141 80 2 25 10 49409 0 
-167.358 21.528 0.161609 0.515712 4.64141 80 2 25 10 49410 0 
-167.341 21.528 0.161618 0.515712 4.64141 80 2 25 10 49411 0 
-167.324 21.528 0.161627 0.515712 4.64141 80 2 25 10 49412 0 
-167.306 21.5281 0.161636 0.515712 4.64141 80 2 25 10 49413 0 
-167.289 21.5281 0.161646 0.515712 4.64141 80 2 25 10 49414 0 
-167.272 21.5282 0.161655 0.515712 4.64141 80 2 25 10 49415 0 
-167.255 21.5282 0.161664 0.515712 4.64141 80 2 25 10 49416 0 
-167.238 21.5283 0.161673 0.515712 4.64141 80 2 25 10 49417 0 
-167.22 21.5283 0.161682 0.515712 4.64141 80 2 25 10 49418 0 
-167.203 21.5284 0.161691 0.515712 4.64141 80 2 25 10 49419 0 
-167.186 21.5284 0.1617 0.515712 4.64141 80 2 25 10 49420 0 
-167.169 21.5285 0.16171 0.515712 4.64141 80 2 25 10 49421 0 
-167.152 21.5285 0.161719 0.515712 4.64141 80 2 25 10 49422 0 
-167.134 21.5286 0.161728 0.515712 4.64141 80 2 25 10 49423 0 
-167.117 21.5286 0.161737 0.515712 4.64141 80 2 25 10 49424 0 
-167.1 21.5287 0.161746 0.515712 4.64141 80 2 25 10 49425 0 
-167.083 21.5287 0.161755 0.515712 4.64141 80 2 25 10 49426 0 
-167.066 21.5288 0.161764 0.515712 4.64141 80 2 25 10 49427 0 
-167.048 21.5288 0.161774 0.515712 4.64141 80 2 25 10 49428 0 
-167.031 21.5289 0.161783 0.515712 4.64141 80 2 25 10 49429 0 
-167.014 21.5289 0.161792 0.515712 4.64141 80 2 25 10 49430 0 
-166.997 21.529 0.161801 0.515712 4.64141 80 2 25 10 49431 0 
-166.98 21.529 0.16181 0.515712 4.64141 80 2 25 10 49432 0 
-166.962 21.529 0.161819 0.515712 4.64141 80 2 25 10 49433 0 
-166.945 21.5291 0.161828 0.515712 4.64141 80 2 25 10 49434 0 
-166.928 21.5291 0.161838 0.515712 4.64141 80 2 25 10 49435 0 
-166.911 21.5292 0.161847 0.515712 4.64141 80 2 25 10 49436 0 
-166.894 21.5292 0.161856 0.515712 4.64141 80 2 25 10 49437 0 
-166.876 21.5293 0.161865 0.515712 4.64141 80 2 25 10 49438 0 
-166.859 21.5293 0.161874 0.515712 4.64141 80 2 25 10 49439 0 
-166.842 21.5294 0.161883 0.515712 4.64141 80 2 25 10 49440 0 
-166.825 21.5294 0.161893 0.515712 4.64141 80 2 25 10 49441 0 
-166.808 21.5295 0.161902 0.515712 4.64141 80 2 25 10 49442 0 
-166.791 21.5295 0.161911 0.515712 4.64141 80 2 25 10 49443 0 
-166.773 21.5296 0.16192 0.515712 4.64141 80 2 25 10 49444 0 
-166.756 21.5296 0.161929 0.515712 4.64141 80 2 25 10 49445 0 
-166.739 21.5297 0.161938 0.515712 4.64141 80 2 25 10 49446 0 
-166.722 21.5297 0.161947 0.515712 4.64141 80 2 25 10 49447 0 
-166.705 21.5298 0.161957 0.515712 4.64141 80 2 25 10 49448 0 
-166.687 21.5298 0.161966 0.515712 4.64141 80 2 25 10 49449 0 
-166.67 21.5299 0.161975 0.515712 4.64141 80 2 25 10 49450 0 
-166.653 21.5299 0.161984 0.515712 4.64141 80 2 25 10 49451 0 
-166.636 21.53 0.161993 0.515712 4.64141 80 2 25 10 49452 0 
-166.619 21.53 0.162002 0.515712 4.64141 80 2 25 10 49453 0 
-166.601 21.5301 0.162011 0.515712 4.64141 80 2 25 10 49454 0 
-166.584 21.5301 0.162021 0.515712 4.64141 80 2 25 10 49455 0 
-166.567 21.5301 0.16203 0.515712 4.64141 80 2 25 10 49456 0 
-166.55 21.5302 0.162039 0.515712 4.64141 80 2 25 10 49457 0 
-166.533 21.5302 0.162048 0.515712 4.64141 80 2 25 10 49458 0 
-166.515 21.5303 0.162057 0.515712 4.64141 80 2 25 10 49459 0 
-166.498 21.5303 0.162066 0.515712 4.64141 80 2 25 10 49460 0 
-166.481 21.5304 0.162076 0.515712 4.64141 80 2 25 10 49461 0 
-166.464 21.5304 0.162085 0.515712 4.64141 80 2 25 10 49462 0 
-166.447 21.5305 0.162094 0.515712 4.64141 80 2 25 10 49463 0 
-166.429 21.5305 0.162103 0.515712 4.64141 80 2 25 10 49464 0 
-166.412 21.5306 0.162112 0.515712 4.64141 80 2 25 10 49465 0 
-166.395 21.5306 0.162121 0.515712 4.64141 80 2 25 10 49466 0 
-166.378 21.5307 0.162131 0.515712 4.64141 80 2 25 10 49467 0 
-166.361 21.5307 0.16214 0.515712 4.64141 80 2 25 10 49468 0 
-166.343 21.5308 0.162149 0.515712 4.64141 80 2 25 10 49469 0 
-166.326 21.5308 0.162158 0.515712 4.64141 80 2 25 10 49470 0 
-166.309 21.5309 0.162167 0.515712 4.64141 80 2 25 10 49471 0 
-166.292 21.5309 0.162176 0.515712 4.64141 80 2 25 10 49472 0 
-166.275 21.531 0.162186 0.515712 4.64141 80 2 25 10 49473 0 
-166.257 21.531 0.162195 0.515712 4.64141 80 2 25 10 49474 0 
-166.24 21.5311 0.162204 0.515712 4.64141 80 2 25 10 49475 0 
-166.223 21.5311 0.162213 0.515712 4.64141 80 2 25 10 49476 0 
-166.206 21.5312 0.162222 0.515712 4.64141 80 2 25 10 49477 0 
-166.189 21.5312 0.162231 0.515712 4.64141 80 2 25 10 49478 0 
-166.171 21.5313 0.16224 0.515712 4.64141 80 2 25 10 49479 0 
-166.154 21.5313 0.16225 0.515712 4.64141 80 2 25 10 49480 0 
-166.137 21.5314 0.162259 0.515712 4.64141 80 2 25 10 49481 0 
-166.12 21.5314 0.162268 0.515712 4.64141 80 2 25 10 49482 0 
-166.103 21.5315 0.162277 0.515712 4.64141 80 2 25 10 49483 0 
-166.085 21.5315 0.162286 0.515712 4.64141 80 2 25 10 49484 0 
-166.068 21.5316 0.162295 0.515712 4.64141 80 2 25 10 49485 0 
-166.051 21.5316 0.162305 0.515712 4.64141 80 2 25 10 49486 0 
-166.034 21.5317 0.162314 0.515712 4.64141 80 2 25 10 49487 0 
-166.017 21.5317 0.162323 0.515712 4.64141 80 2 25 10 49488 0 
-165.999 21.5318 0.162332 0.515712 4.64141 80 2 25 10 49489 0 
-165.982 21.5318 0.162341 0.515712 4.64141 80 2 25 10 49490 0 
-165.965 21.5319 0.16235 0.515712 4.64141 80 2 25 10 49491 0 
-165.948 21.5319 0.162359 0.515712 4.64141 80 2 25 10 49492 0 
-165.931 21.532 0.162369 0.515712 4.64141 80 2 25 10 49493 0 
-165.913 21.532 0.162378 0.515712 4.64141 80 2 25 10 49494 0 
-165.896 21.5321 0.162387 0.515712 4.64141 80 2 25 10 49495 0 
-165.879 21.5321 0.162396 0.515712 4.64141 80 2 25 10 49496 0 
-165.862 21.5322 0.162405 0.515712 4.64141 80 2 25 10 49497 0 
-165.845 21.5322 0.162414 0.515712 4.64141 80 2 25 10 49498 0 
-165.827 21.5323 0.162423 0.515712 4.64141 80 2 25 10 49499 0 
-165.81 21.5323 0.162433 0.515712 4.64141 80 2 25 10 49500 0 
-165.793 21.5324 0.162442 0.515712 4.64141 80 2 25 10 49501 0 
-165.776 21.5324 0.162451 0.515712 4.64141 80 2 25 10 49502 0 
-165.759 21.5325 0.16246 0.515712 4.64141 80 2 25 10 49503 0 
-165.742 21.5325 0.162469 0.515712 4.64141 80 2 25 10 49504 0 
-165.724 21.5326 0.162478 0.515712 4.64141 80 2 25 10 49505 0 
-165.707 21.5326 0.162488 0.515712 4.64141 80 2 25 10 49506 0 
-165.69 21.5327 0.162497 0.515712 4.64141 80 2 25 10 49507 0 
-165.673 21.5327 0.162506 0.515712 4.64141 80 2 25 10 49508 0 
-165.656 21.5328 0.162515 0.515712 4.64141 80 2 25 10 49509 0 
-165.638 21.5328 0.162524 0.515712 4.64141 80 2 25 10 49510 0 
-165.621 21.5329 0.162533 0.515712 4.64141 80 2 25 10 49511 0 
-165.604 21.5329 0.162543 0.515712 4.64141 80 2 25 10 49512 0 
-165.587 21.533 0.162552 0.515712 4.64141 80 2 25 10 49513 0 
-165.57 21.533 0.162561 0.515712 4.64141 80 2 25 10 49514 0 
-165.552 21.5331 0.16257 0.515712 4.64141 80 2 25 10 49515 0 
-165.535 21.5331 0.162579 0.515712 4.64141 80 2 25 10 49516 0 
-165.518 21.5332 0.162588 0.515712 4.64141 80 2 25 10 49517 0 
-165.501 21.5332 0.162598 0.515712 4.64141 80 2 25 10 49518 0 
-165.484 21.5333 0.162607 0.515712 4.64141 80 2 25 10 49519 0 
-165.466 21.5333 0.162616 0.515712 4.64141 80 2 25 10 49520 0 
-165.449 21.5334 0.162625 0.515712 4.64141 80 2 25 10 49521 0 
-165.432 21.5334 0.162634 0.515712 4.64141 80 2 25 10 49522 0 
-165.415 21.5335 0.162643 0.515712 4.64141 80 2 25 10 49523 0 
-165.398 21.5335 0.162653 0.515712 4.64141 80 2 25 10 49524 0 
-165.38 21.5336 0.162662 0.515712 4.64141 80 2 25 10 49525 0 
-165.363 21.5336 0.162671 0.515712 4.64141 80 2 25 10 49526 0 
-165.346 21.5336 0.16268 0.515712 4.64141 80 2 25 10 49527 0 
-165.329 21.5337 0.162689 0.515712 4.64141 80 2 25 10 49528 0 
-165.312 21.5337 0.162698 0.515712 4.64141 80 2 25 10 49529 0 
-165.294 21.5338 0.162708 0.515712 4.64141 80 2 25 10 49530 0 
-165.277 21.5338 0.162717 0.515712 4.64141 80 2 25 10 49531 0 
-165.26 21.5339 0.162726 0.515712 4.64141 80 2 25 10 49532 0 
-165.243 21.5339 0.162735 0.515712 4.64141 80 2 25 10 49533 0 
-165.226 21.534 0.162744 0.515712 4.64141 80 2 25 10 49534 0 
-165.208 21.534 0.162753 0.515712 4.64141 80 2 25 10 49535 0 
-165.191 21.5341 0.162762 0.515712 4.64141 80 2 25 10 49536 0 
-165.174 21.5341 0.162772 0.515712 4.64141 80 2 25 10 49537 0 
-165.157 21.5342 0.162781 0.515712 4.64141 80 2 25 10 49538 0 
-165.14 21.5342 0.16279 0.515712 4.64141 80 2 25 10 49539 0 
-165.122 21.5343 0.162799 0.515712 4.64141 80 2 25 10 49540 0 
-165.105 21.5343 0.162808 0.515712 4.64141 80 2 25 10 49541 0 
-165.088 21.5344 0.162818 0.515712 4.64141 80 2 25 10 49542 0 
-165.071 21.5344 0.162827 0.515712 4.64141 80 2 25 10 49543 0 
-165.054 21.5345 0.162836 0.515712 4.64141 80 2 25 10 49544 0 
-165.036 21.5345 0.162845 0.515712 4.64141 80 2 25 10 49545 0 
-165.019 21.5346 0.162854 0.515712 4.64141 80 2 25 10 49546 0 
-165.002 21.5346 0.162863 0.515712 4.64141 80 2 25 10 49547 0 
-164.985 21.5347 0.162873 0.515712 4.64141 80 2 25 10 49548 0 
-164.968 21.5347 0.162882 0.515712 4.64141 80 2 25 10 49549 0 
-164.95 21.5348 0.162891 0.515712 4.64141 80 2 25 10 49550 0 
-164.933 21.5348 0.1629 0.515712 4.64141 80 2 25 10 49551 0 
-164.916 21.5349 0.162909 0.515712 4.64141 80 2 25 10 49552 0 
-164.899 21.5349 0.162919 0.515712 4.64141 80 2 25 10 49553 0 
-164.882 21.535 0.162928 0.515712 4.64141 80 2 25 10 49554 0 
-164.864 21.535 0.162937 0.515712 4.64141 80 2 25 10 49555 0 
-164.847 21.5351 0.162946 0.515712 4.64141 80 2 25 10 49556 0 
-164.83 21.5351 0.162955 0.515712 4.64141 80 2 25 10 49557 0 
-164.813 21.5352 0.162964 0.515712 4.64141 80 2 25 10 49558 0 
-164.796 21.5352 0.162974 0.515712 4.64141 80 2 25 10 49559 0 
-164.779 21.5353 0.162983 0.515712 4.64141 80 2 25 10 49560 0 
-164.761 21.5353 0.162992 0.515712 4.64141 80 2 25 10 49561 0 
-164.744 21.5354 0.163001 0.515712 4.64141 80 2 25 10 49562 0 
-164.727 21.5354 0.16301 0.515712 4.64141 80 2 25 10 49563 0 
-164.71 21.5355 0.16302 0.515712 4.64141 80 2 25 10 49564 0 
-164.693 21.5355 0.163029 0.515712 4.64141 80 2 25 10 49565 0 
-164.675 21.5356 0.163038 0.515712 4.64141 80 2 25 10 49566 0 
-164.658 21.5356 0.163047 0.515712 4.64141 80 2 25 10 49567 0 
-164.641 21.5357 0.163056 0.515712 4.64141 80 2 25 10 49568 0 
-164.624 21.5357 0.163066 0.515712 4.64141 80 2 25 10 49569 0 
-164.607 21.5358 0.163075 0.515712 4.64141 80 2 25 10 49570 0 
-164.589 21.5358 0.163084 0.515712 4.64141 80 2 25 10 49571 0 
-164.572 21.5359 0.163093 0.515712 4.64141 80 2 25 10 49572 0 
-164.555 21.5359 0.163102 0.515712 4.64141 80 2 25 10 49573 0 
-164.538 21.536 0.163112 0.515712 4.64141 80 2 25 10 49574 0 
-164.521 21.536 0.163121 0.515712 4.64141 80 2 25 10 49575 0 
-164.503 21.5361 0.16313 0.515712 4.64141 80 2 25 10 49576 0 
-164.486 21.5361 0.163139 0.515712 4.64141 80 2 25 10 49577 0 
-164.469 21.5362 0.163148 0.515712 4.64141 80 2 25 10 49578 0 
-164.452 21.5362 0.163158 0.515712 4.64141 80 2 25 10 49579 0 
-164.435 21.5363 0.163167 0.515712 4.64141 80 2 25 10 49580 0 
-164.417 21.5363 0.163176 0.515712 4.64141 80 2 25 10 49581 0 
-164.4 21.5364 0.163185 0.515712 4.64141 80 2 25 10 49582 0 
-164.383 21.5364 0.163194 0.515712 4.64141 80 2 25 10 49583 0 
-164.366 21.5365 0.163204 0.515712 4.64141 80 2 25 10 49584 0 
-164.349 21.5365 0.163213 0.515712 4.64141 80 2 25 10 49585 0 
-164.331 21.5366 0.163222 0.515712 4.64141 80 2 25 10 49586 0 
-164.314 21.5366 0.163231 0.515712 4.64141 80 2 25 10 49587 0 
-164.297 21.5367 0.16324 0.515712 4.64141 80 2 25 10 49588 0 
-164.28 21.5367 0.16325 0.515712 4.64141 80 2 25 10 49589 0 
-164.263 21.5368 0.163259 0.515712 4.64141 80 2 25 10 49590 0 
-164.245 21.5368 0.163268 0.515712 4.64141 80 2 25 10 49591 0 
-164.228 21.5369 0.163277 0.515712 4.64141 80 2 25 10 49592 0 
-164.211 21.5369 0.163287 0.515712 4.64141 80 2 25 10 49593 0 
-164.194 21.537 0.163296 0.515712 4.64141 80 2 25 10 49594 0 
-164.177 21.537 0.163305 0.515712 4.64141 80 2 25 10 49595 0 
-164.159 21.5371 0.163314 0.515712 4.64141 80 2 25 10 49596 0 
-164.142 21.5371 0.163323 0.515712 4.64141 80 2 25 10 49597 0 
-164.125 21.5372 0.163333 0.515712 4.64141 80 2 25 10 49598 0 
-164.108 21.5372 0.163342 0.515712 4.64141 80 2 25 10 49599 0 
-164.091 21.5373 0.163351 0.515712 4.64141 80 2 25 10 49600 0 
-164.073 21.5373 0.16336 0.515712 4.64141 80 2 25 10 49601 0 
-164.056 21.5374 0.16337 0.515712 4.64141 80 2 25 10 49602 0 
-164.039 21.5374 0.163379 0.515712 4.64141 80 2 25 10 49603 0 
-164.022 21.5375 0.163388 0.515712 4.64141 80 2 25 10 49604 0 
-164.005 21.5375 0.163397 0.515712 4.64141 80 2 25 10 49605 0 
-163.987 21.5376 0.163407 0.515712 4.64141 80 2 25 10 49606 0 
-163.97 21.5376 0.163416 0.515712 4.64141 80 2 25 10 49607 0 
-163.953 21.5377 0.163425 0.515712 4.64141 80 2 25 10 49608 0 
-163.936 21.5377 0.163434 0.515712 4.64141 80 2 25 10 49609 0 
-163.919 21.5378 0.163444 0.515712 4.64141 80 2 25 10 49610 0 
-163.901 21.5378 0.163453 0.515712 4.64141 80 2 25 10 49611 0 
-163.884 21.5379 0.163462 0.515712 4.64141 80 2 25 10 49612 0 
-163.867 21.5379 0.163471 0.515712 4.64141 80 2 25 10 49613 0 
-163.85 21.538 0.16348 0.515712 4.64141 80 2 25 10 49614 0 
-163.833 21.538 0.16349 0.515712 4.64141 80 2 25 10 49615 0 
-163.815 21.5381 0.163499 0.515712 4.64141 80 2 25 10 49616 0 
-163.798 21.5381 0.163508 0.515712 4.64141 80 2 25 10 49617 0 
-163.781 21.5382 0.163517 0.515712 4.64141 80 2 25 10 49618 0 
-163.764 21.5382 0.163527 0.515712 4.64141 80 2 25 10 49619 0 
-163.747 21.5383 0.163536 0.515712 4.64141 80 2 25 10 49620 0 
-163.73 21.5383 0.163545 0.515712 4.64141 80 2 25 10 49621 0 
-163.712 21.5384 0.163555 0.515712 4.64141 80 2 25 10 49622 0 
-163.695 21.5384 0.163564 0.515712 4.64141 80 2 25 10 49623 0 
-163.678 21.5385 0.163573 0.515712 4.64141 80 2 25 10 49624 0 
-163.661 21.5385 0.163582 0.515712 4.64141 80 2 25 10 49625 0 
-163.644 21.5386 0.163592 0.515712 4.64141 80 2 25 10 49626 0 
-163.626 21.5386 0.163601 0.515712 4.64141 80 2 25 10 49627 0 
-163.609 21.5387 0.16361 0.515712 4.64141 80 2 25 10 49628 0 
-163.592 21.5387 0.163619 0.515712 4.64141 80 2 25 10 49629 0 
-163.575 21.5388 0.163629 0.515712 4.64141 80 2 25 10 49630 0 
-163.558 21.5388 0.163638 0.515712 4.64141 80 2 25 10 49631 0 
-163.54 21.5389 0.163647 0.515712 4.64141 80 2 25 10 49632 0 
-163.523 21.5389 0.163656 0.515712 4.64141 80 2 25 10 49633 0 
-163.506 21.539 0.163666 0.515712 4.64141 80 2 25 10 49634 0 
-163.489 21.539 0.163675 0.515712 4.64141 80 2 25 10 49635 0 
-163.472 21.5391 0.163684 0.515712 4.64141 80 2 25 10 49636 0 
-163.454 21.5391 0.163693 0.515712 4.64141 80 2 25 10 49637 0 
-163.437 21.5392 0.163703 0.515712 4.64141 80 2 25 10 49638 0 
-163.42 21.5392 0.163712 0.515712 4.64141 80 2 25 10 49639 0 
-163.403 21.5393 0.163721 0.515712 4.64141 80 2 25 10 49640 0 
-163.386 21.5393 0.163731 0.515712 4.64141 80 2 25 10 49641 0 
-163.368 21.5394 0.16374 0.515712 4.64141 80 2 25 10 49642 0 
-163.351 21.5394 0.163749 0.515712 4.64141 80 2 25 10 49643 0 
-163.334 21.5395 0.163758 0.515712 4.64141 80 2 25 10 49644 0 
-163.317 21.5395 0.163768 0.515712 4.64141 80 2 25 10 49645 0 
-163.3 21.5396 0.163777 0.515712 4.64141 80 2 25 10 49646 0 
-163.282 21.5396 0.163786 0.515712 4.64141 80 2 25 10 49647 0 
-163.265 21.5396 0.163796 0.515712 4.64141 80 2 25 10 49648 0 
-163.248 21.5397 0.163805 0.515712 4.64141 80 2 25 10 49649 0 
-163.231 21.5397 0.163814 0.515712 4.64141 80 2 25 10 49650 0 
-163.214 21.5398 0.163823 0.515712 4.64141 80 2 25 10 49651 0 
-163.196 21.5398 0.163833 0.515712 4.64141 80 2 25 10 49652 0 
-163.179 21.5399 0.163842 0.515712 4.64141 80 2 25 10 49653 0 
-163.162 21.5399 0.163851 0.515712 4.64141 80 2 25 10 49654 0 
-163.145 21.54 0.163861 0.515712 4.64141 80 2 25 10 49655 0 
-163.128 21.54 0.16387 0.515712 4.64141 80 2 25 10 49656 0 
-163.11 21.5401 0.163879 0.515712 4.64141 80 2 25 10 49657 0 
-163.093 21.5401 0.163888 0.515712 4.64141 80 2 25 10 49658 0 
-163.076 21.5402 0.163898 0.515712 4.64141 80 2 25 10 49659 0 
-163.059 21.5402 0.163907 0.515712 4.64141 80 2 25 10 49660 0 
-163.042 21.5403 0.163916 0.515712 4.64141 80 2 25 10 49661 0 
-163.024 21.5403 0.163926 0.515712 4.64141 80 2 25 10 49662 0 
-163.007 21.5404 0.163935 0.515712 4.64141 80 2 25 10 49663 0 
-162.99 21.5404 0.163944 0.515712 4.64141 80 2 25 10 49664 0 
-162.973 21.5405 0.163954 0.515712 4.64141 80 2 25 10 49665 0 
-162.956 21.5405 0.163963 0.515712 4.64141 80 2 25 10 49666 0 
-162.938 21.5406 0.163972 0.515712 4.64141 80 2 25 10 49667 0 
-162.921 21.5406 0.163981 0.515712 4.64141 80 2 25 10 49668 0 
-162.904 21.5407 0.163991 0.515712 4.64141 80 2 25 10 49669 0 
-162.887 21.5407 0.164 0.515712 4.64141 80 2 25 10 49670 0 
-162.87 21.5408 0.164009 0.515712 4.64141 80 2 25 10 49671 0 
-162.852 21.5408 0.164019 0.515712 4.64141 80 2 25 10 49672 0 
-162.835 21.5409 0.164028 0.515712 4.64141 80 2 25 10 49673 0 
-162.818 21.5409 0.164037 0.515712 4.64141 80 2 25 10 49674 0 
-162.801 21.541 0.164047 0.515712 4.64141 80 2 25 10 49675 0 
-162.784 21.541 0.164056 0.515712 4.64141 80 2 25 10 49676 0 
-162.766 21.5411 0.164065 0.515712 4.64141 80 2 25 10 49677 0 
-162.749 21.5411 0.164075 0.515712 4.64141 80 2 25 10 49678 0 
-162.732 21.5412 0.164084 0.515712 4.64141 80 2 25 10 49679 0 
-162.715 21.5412 0.164093 0.515712 4.64141 80 2 25 10 49680 0 
-162.698 21.5413 0.164103 0.515712 4.64141 80 2 25 10 49681 0 
-162.681 21.5413 0.164112 0.515712 4.64141 80 2 25 10 49682 0 
-162.663 21.5414 0.164121 0.515712 4.64141 80 2 25 10 49683 0 
-162.646 21.5414 0.164131 0.515712 4.64141 80 2 25 10 49684 0 
-162.629 21.5415 0.16414 0.515712 4.64141 80 2 25 10 49685 0 
-162.612 21.5415 0.164149 0.515712 4.64141 80 2 25 10 49686 0 
-162.595 21.5416 0.164159 0.515712 4.64141 80 2 25 10 49687 0 
-162.577 21.5416 0.164168 0.515712 4.64141 80 2 25 10 49688 0 
-162.56 21.5417 0.164177 0.515712 4.64141 80 2 25 10 49689 0 
-162.543 21.5417 0.164187 0.515712 4.64141 80 2 25 10 49690 0 
-162.526 21.5418 0.164196 0.515712 4.64141 80 2 25 10 49691 0 
-162.509 21.5418 0.164205 0.515712 4.64141 80 2 25 10 49692 0 
-162.491 21.5419 0.164215 0.515712 4.64141 80 2 25 10 49693 0 
-162.474 21.5419 0.164224 0.515712 4.64141 80 2 25 10 49694 0 
-162.457 21.542 0.164233 0.515712 4.64141 80 2 25 10 49695 0 
-162.44 21.542 0.164243 0.515712 4.64141 80 2 25 10 49696 0 
-162.423 21.5421 0.164252 0.515712 4.64141 80 2 25 10 49697 0 
-162.405 21.5421 0.164261 0.515712 4.64141 80 2 25 10 49698 0 
-162.388 21.5422 0.164271 0.515712 4.64141 80 2 25 10 49699 0 
-162.371 21.5422 0.16428 0.515712 4.64141 80 2 25 10 49700 0 
-162.354 21.5423 0.164289 0.515712 4.64141 80 2 25 10 49701 0 
-162.337 21.5423 0.164299 0.515712 4.64141 80 2 25 10 49702 0 
-162.319 21.5424 0.164308 0.515712 4.64141 80 2 25 10 49703 0 
-162.302 21.5424 0.164317 0.515712 4.64141 80 2 25 10 49704 0 
-162.285 21.5425 0.164327 0.515712 4.64141 80 2 25 10 49705 0 
-162.268 21.5425 0.164336 0.515712 4.64141 80 2 25 10 49706 0 
-162.251 21.5426 0.164346 0.515712 4.64141 80 2 25 10 49707 0 
-162.233 21.5426 0.164355 0.515712 4.64141 80 2 25 10 49708 0 
-162.216 21.5427 0.164364 0.515712 4.64141 80 2 25 10 49709 0 
-162.199 21.5427 0.164374 0.515712 4.64141 80 2 25 10 49710 0 
-162.182 21.5428 0.164383 0.515712 4.64141 80 2 25 10 49711 0 
-162.165 21.5428 0.164392 0.515712 4.64141 80 2 25 10 49712 0 
-162.147 21.5429 0.164402 0.515712 4.64141 80 2 25 10 49713 0 
-162.13 21.5429 0.164411 0.515712 4.64141 80 2 25 10 49714 0 
-162.113 21.543 0.16442 0.515712 4.64141 80 2 25 10 49715 0 
-162.096 21.543 0.16443 0.515712 4.64141 80 2 25 10 49716 0 
-162.079 21.5431 0.164439 0.515712 4.64141 80 2 25 10 49717 0 
-162.061 21.5431 0.164449 0.515712 4.64141 80 2 25 10 49718 0 
-162.044 21.5432 0.164458 0.515712 4.64141 80 2 25 10 49719 0 
-162.027 21.5432 0.164467 0.515712 4.64141 80 2 25 10 49720 0 
-162.01 21.5433 0.164477 0.515712 4.64141 80 2 25 10 49721 0 
-161.993 21.5433 0.164486 0.515712 4.64141 80 2 25 10 49722 0 
-161.975 21.5434 0.164495 0.515712 4.64141 80 2 25 10 49723 0 
-161.958 21.5434 0.164505 0.515712 4.64141 80 2 25 10 49724 0 
-161.941 21.5435 0.164514 0.515712 4.64141 80 2 25 10 49725 0 
-161.924 21.5435 0.164524 0.515712 4.64141 80 2 25 10 49726 0 
-161.907 21.5436 0.164533 0.515712 4.64141 80 2 25 10 49727 0 
-161.889 21.5436 0.164542 0.515712 4.64141 80 2 25 10 49728 0 
-161.872 21.5437 0.164552 0.515712 4.64141 80 2 25 10 49729 0 
-161.855 21.5437 0.164561 0.515712 4.64141 80 2 25 10 49730 0 
-161.838 21.5438 0.164571 0.515712 4.64141 80 2 25 10 49731 0 
-161.821 21.5438 0.16458 0.515712 4.64141 80 2 25 10 49732 0 
-161.803 21.5439 0.164589 0.515712 4.64141 80 2 25 10 49733 0 
-161.786 21.5439 0.164599 0.515712 4.64141 80 2 25 10 49734 0 
-161.769 21.544 0.164608 0.515712 4.64141 80 2 25 10 49735 0 
-161.752 21.544 0.164618 0.515712 4.64141 80 2 25 10 49736 0 
-161.735 21.5441 0.164627 0.515712 4.64141 80 2 25 10 49737 0 
-161.717 21.5441 0.164636 0.515712 4.64141 80 2 25 10 49738 0 
-161.7 21.5442 0.164646 0.515712 4.64141 80 2 25 10 49739 0 
-161.683 21.5442 0.164655 0.515712 4.64141 80 2 25 10 49740 0 
-161.666 21.5443 0.164665 0.515712 4.64141 80 2 25 10 49741 0 
-161.649 21.5443 0.164674 0.515712 4.64141 80 2 25 10 49742 0 
-161.632 21.5444 0.164683 0.515712 4.64141 80 2 25 10 49743 0 
-161.614 21.5444 0.164693 0.515712 4.64141 80 2 25 10 49744 0 
-161.597 21.5445 0.164702 0.515712 4.64141 80 2 25 10 49745 0 
-161.58 21.5445 0.164712 0.515712 4.64141 80 2 25 10 49746 0 
-161.563 21.5446 0.164721 0.515712 4.64141 80 2 25 10 49747 0 
-161.546 21.5446 0.16473 0.515712 4.64141 80 2 25 10 49748 0 
-161.528 21.5447 0.16474 0.515712 4.64141 80 2 25 10 49749 0 
-161.511 21.5447 0.164749 0.515712 4.64141 80 2 25 10 49750 0 
-161.494 21.5448 0.164759 0.515712 4.64141 80 2 25 10 49751 0 
-161.477 21.5448 0.164768 0.515712 4.64141 80 2 25 10 49752 0 
-161.46 21.5449 0.164778 0.515712 4.64141 80 2 25 10 49753 0 
-161.442 21.5449 0.164787 0.515712 4.64141 80 2 25 10 49754 0 
-161.425 21.545 0.164796 0.515712 4.64141 80 2 25 10 49755 0 
-161.408 21.545 0.164806 0.515712 4.64141 80 2 25 10 49756 0 
-161.391 21.5451 0.164815 0.515712 4.64141 80 2 25 10 49757 0 
-161.374 21.5451 0.164825 0.515712 4.64141 80 2 25 10 49758 0 
-161.356 21.5452 0.164834 0.515712 4.64141 80 2 25 10 49759 0 
-161.339 21.5452 0.164843 0.515712 4.64141 80 2 25 10 49760 0 
-161.322 21.5453 0.164853 0.515712 4.64141 80 2 25 10 49761 0 
-161.305 21.5453 0.164862 0.515712 4.64141 80 2 25 10 49762 0 
-161.288 21.5454 0.164872 0.515712 4.64141 80 2 25 10 49763 0 
-161.27 21.5454 0.164881 0.515712 4.64141 80 2 25 10 49764 0 
-161.253 21.5455 0.164891 0.515712 4.64141 80 2 25 10 49765 0 
-161.236 21.5455 0.1649 0.515712 4.64141 80 2 25 10 49766 0 
-161.219 21.5456 0.16491 0.515712 4.64141 80 2 25 10 49767 0 
-161.202 21.5456 0.164919 0.515712 4.64141 80 2 25 10 49768 0 
-161.184 21.5457 0.164928 0.515712 4.64141 80 2 25 10 49769 0 
-161.167 21.5457 0.164938 0.515712 4.64141 80 2 25 10 49770 0 
-161.15 21.5457 0.164947 0.515712 4.64141 80 2 25 10 49771 0 
-161.133 21.5458 0.164957 0.515712 4.64141 80 2 25 10 49772 0 
-161.116 21.5458 0.164966 0.515712 4.64141 80 2 25 10 49773 0 
-161.098 21.5459 0.164976 0.515712 4.64141 80 2 25 10 49774 0 
-161.081 21.5459 0.164985 0.515712 4.64141 80 2 25 10 49775 0 
-161.064 21.546 0.164995 0.515712 4.64141 80 2 25 10 49776 0 
-161.047 21.546 0.165004 0.515712 4.64141 80 2 25 10 49777 0 
-161.03 21.5461 0.165013 0.515712 4.64141 80 2 25 10 49778 0 
-161.012 21.5461 0.165023 0.515712 4.64141 80 2 25 10 49779 0 
-160.995 21.5462 0.165032 0.515712 4.64141 80 2 25 10 49780 0 
-160.978 21.5462 0.165042 0.515712 4.64141 80 2 25 10 49781 0 
-160.961 21.5463 0.165051 0.515712 4.64141 80 2 25 10 49782 0 
-160.944 21.5463 0.165061 0.515712 4.64141 80 2 25 10 49783 0 
-160.926 21.5464 0.16507 0.515712 4.64141 80 2 25 10 49784 0 
-160.909 21.5464 0.16508 0.515712 4.64141 80 2 25 10 49785 0 
-160.892 21.5465 0.165089 0.515712 4.64141 80 2 25 10 49786 0 
-160.875 21.5465 0.165099 0.515712 4.64141 80 2 25 10 49787 0 
-160.858 21.5466 0.165108 0.515712 4.64141 80 2 25 10 49788 0 
-160.84 21.5466 0.165118 0.515712 4.64141 80 2 25 10 49789 0 
-160.823 21.5467 0.165127 0.515712 4.64141 80 2 25 10 49790 0 
-160.806 21.5467 0.165136 0.515712 4.64141 80 2 25 10 49791 0 
-160.789 21.5468 0.165146 0.515712 4.64141 80 2 25 10 49792 0 
-160.772 21.5468 0.165155 0.515712 4.64141 80 2 25 10 49793 0 
-160.754 21.5469 0.165165 0.515712 4.64141 80 2 25 10 49794 0 
-160.737 21.5469 0.165174 0.515712 4.64141 80 2 25 10 49795 0 
-160.72 21.547 0.165184 0.515712 4.64141 80 2 25 10 49796 0 
-160.703 21.547 0.165193 0.515712 4.64141 80 2 25 10 49797 0 
-160.686 21.5471 0.165203 0.515712 4.64141 80 2 25 10 49798 0 
-160.669 21.5471 0.165212 0.515712 4.64141 80 2 25 10 49799 0 
-160.651 21.5472 0.165222 0.515712 4.64141 80 2 25 10 49800 0 
-160.634 21.5472 0.165231 0.515712 4.64141 80 2 25 10 49801 0 
-160.617 21.5473 0.165241 0.515712 4.64141 80 2 25 10 49802 0 
-160.6 21.5473 0.16525 0.515712 4.64141 80 2 25 10 49803 0 
-160.583 21.5474 0.16526 0.515712 4.64141 80 2 25 10 49804 0 
-160.565 21.5474 0.165269 0.515712 4.64141 80 2 25 10 49805 0 
-160.548 21.5475 0.165279 0.515712 4.64141 80 2 25 10 49806 0 
-160.531 21.5475 0.165288 0.515712 4.64141 80 2 25 10 49807 0 
-160.514 21.5476 0.165298 0.515712 4.64141 80 2 25 10 49808 0 
-160.497 21.5476 0.165307 0.515712 4.64141 80 2 25 10 49809 0 
-160.479 21.5477 0.165317 0.515712 4.64141 80 2 25 10 49810 0 
-160.462 21.5477 0.165326 0.515712 4.64141 80 2 25 10 49811 0 
-160.445 21.5478 0.165336 0.515712 4.64141 80 2 25 10 49812 0 
-160.428 21.5478 0.165345 0.515712 4.64141 80 2 25 10 49813 0 
-160.411 21.5479 0.165355 0.515712 4.64141 80 2 25 10 49814 0 
-160.393 21.5479 0.165364 0.515712 4.64141 80 2 25 10 49815 0 
-160.376 21.548 0.165374 0.515712 4.64141 80 2 25 10 49816 0 
-160.359 21.548 0.165383 0.515712 4.64141 80 2 25 10 49817 0 
-160.342 21.5481 0.165393 0.515712 4.64141 80 2 25 10 49818 0 
-160.325 21.5481 0.165402 0.515712 4.64141 80 2 25 10 49819 0 
-160.307 21.5482 0.165412 0.515712 4.64141 80 2 25 10 49820 0 
-160.29 21.5482 0.165421 0.515712 4.64141 80 2 25 10 49821 0 
-160.273 21.5483 0.165431 0.515712 4.64141 80 2 25 10 49822 0 
-160.256 21.5483 0.16544 0.515712 4.64141 80 2 25 10 49823 0 
-160.239 21.5484 0.16545 0.515712 4.64141 80 2 25 10 49824 0 
-160.221 21.5484 0.165459 0.515712 4.64141 80 2 25 10 49825 0 
-160.204 21.5485 0.165469 0.515712 4.64141 80 2 25 10 49826 0 
-160.187 21.5485 0.165478 0.515712 4.64141 80 2 25 10 49827 0 
-160.17 21.5486 0.165488 0.515712 4.64141 80 2 25 10 49828 0 
-160.153 21.5486 0.165497 0.515712 4.64141 80 2 25 10 49829 0 
-160.135 21.5487 0.165507 0.515712 4.64141 80 2 25 10 49830 0 
-160.118 21.5487 0.165516 0.515712 4.64141 80 2 25 10 49831 0 
-160.101 21.5488 0.165526 0.515712 4.64141 80 2 25 10 49832 0 
-160.084 21.5488 0.165535 0.515712 4.64141 80 2 25 10 49833 0 
-160.067 21.5489 0.165545 0.515712 4.64141 80 2 25 10 49834 0 
-160.049 21.5489 0.165555 0.515712 4.64141 80 2 25 10 49835 0 
-160.032 21.549 0.165564 0.515712 4.64141 80 2 25 10 49836 0 
-160.015 21.549 0.165574 0.515712 4.64141 80 2 25 10 49837 0 
-159.998 21.5491 0.165583 0.515712 4.64141 80 2 25 10 49838 0 
-159.981 21.5491 0.165593 0.515712 4.64141 80 2 25 10 49839 0 
-159.963 21.5492 0.165602 0.515712 4.64141 80 2 25 10 49840 0 
-159.946 21.5492 0.165612 0.515712 4.64141 80 2 25 10 49841 0 
-159.929 21.5493 0.165621 0.515712 4.64141 80 2 25 10 49842 0 
-159.912 21.5493 0.165631 0.515712 4.64141 80 2 25 10 49843 0 
-159.895 21.5494 0.16564 0.515712 4.64141 80 2 25 10 49844 0 
-159.877 21.5494 0.16565 0.515712 4.64141 80 2 25 10 49845 0 
-159.86 21.5495 0.16566 0.515712 4.64141 80 2 25 10 49846 0 
-159.843 21.5495 0.165669 0.515712 4.64141 80 2 25 10 49847 0 
-159.826 21.5496 0.165679 0.515712 4.64141 80 2 25 10 49848 0 
-159.809 21.5496 0.165688 0.515712 4.64141 80 2 25 10 49849 0 
-159.791 21.5497 0.165698 0.515712 4.64141 80 2 25 10 49850 0 
-159.774 21.5497 0.165707 0.515712 4.64141 80 2 25 10 49851 0 
-159.757 21.5498 0.165717 0.515712 4.64141 80 2 25 10 49852 0 
-159.74 21.5498 0.165726 0.515712 4.64141 80 2 25 10 49853 0 
-159.723 21.5499 0.165736 0.515712 4.64141 80 2 25 10 49854 0 
-159.705 21.5499 0.165745 0.515712 4.64141 80 2 25 10 49855 0 
-159.688 21.55 0.165755 0.515712 4.64141 80 2 25 10 49856 0 
-159.671 21.55 0.165765 0.515712 4.64141 80 2 25 10 49857 0 
-159.654 21.5501 0.165774 0.515712 4.64141 80 2 25 10 49858 0 
-159.637 21.5501 0.165784 0.515712 4.64141 80 2 25 10 49859 0 
-159.62 21.5502 0.165793 0.515712 4.64141 80 2 25 10 49860 0 
-159.602 21.5502 0.165803 0.515712 4.64141 80 2 25 10 49861 0 
-159.585 21.5503 0.165812 0.515712 4.64141 80 2 25 10 49862 0 
-159.568 21.5503 0.165822 0.515712 4.64141 80 2 25 10 49863 0 
-159.551 21.5504 0.165832 0.515712 4.64141 80 2 25 10 49864 0 
-159.534 21.5504 0.165841 0.515712 4.64141 80 2 25 10 49865 0 
-159.516 21.5505 0.165851 0.515712 4.64141 80 2 25 10 49866 0 
-159.499 21.5505 0.16586 0.515712 4.64141 80 2 25 10 49867 0 
-159.482 21.5506 0.16587 0.515712 4.64141 80 2 25 10 49868 0 
-159.465 21.5506 0.165879 0.515712 4.64141 80 2 25 10 49869 0 
-159.448 21.5507 0.165889 0.515712 4.64141 80 2 25 10 49870 0 
-159.43 21.5507 0.165899 0.515712 4.64141 80 2 25 10 49871 0 
-159.413 21.5508 0.165908 0.515712 4.64141 80 2 25 10 49872 0 
-159.396 21.5508 0.165918 0.515712 4.64141 80 2 25 10 49873 0 
-159.379 21.5509 0.165927 0.515712 4.64141 80 2 25 10 49874 0 
-159.362 21.5509 0.165937 0.515712 4.64141 80 2 25 10 49875 0 
-159.344 21.551 0.165947 0.515712 4.64141 80 2 25 10 49876 0 
-159.327 21.551 0.165956 0.515712 4.64141 80 2 25 10 49877 0 
-159.31 21.5511 0.165966 0.515712 4.64141 80 2 25 10 49878 0 
-159.293 21.5511 0.165975 0.515712 4.64141 80 2 25 10 49879 0 
-159.276 21.5512 0.165985 0.515712 4.64141 80 2 25 10 49880 0 
-159.258 21.5512 0.165994 0.515712 4.64141 80 2 25 10 49881 0 
-159.241 21.5513 0.166004 0.515712 4.64141 80 2 25 10 49882 0 
-159.224 21.5513 0.166014 0.515712 4.64141 80 2 25 10 49883 0 
-159.207 21.5514 0.166023 0.515712 4.64141 80 2 25 10 49884 0 
-159.19 21.5514 0.166033 0.515712 4.64141 80 2 25 10 49885 0 
-159.172 21.5515 0.166042 0.515712 4.64141 80 2 25 10 49886 0 
-159.155 21.5515 0.166052 0.515712 4.64141 80 2 25 10 49887 0 
-159.138 21.5516 0.166062 0.515712 4.64141 80 2 25 10 49888 0 
-159.121 21.5516 0.166071 0.515712 4.64141 80 2 25 10 49889 0 
-159.104 21.5517 0.166081 0.515712 4.64141 80 2 25 10 49890 0 
-159.086 21.5517 0.16609 0.515712 4.64141 80 2 25 10 49891 0 
-159.069 21.5518 0.1661 0.515712 4.64141 80 2 25 10 49892 0 
-159.052 21.5518 0.16611 0.515712 4.64141 80 2 25 10 49893 0 
-159.035 21.5518 0.166119 0.515712 4.64141 80 2 25 10 49894 0 
-159.018 21.5519 0.166129 0.515712 4.64141 80 2 25 10 49895 0 
-159 21.5519 0.166139 0.515712 4.64141 80 2 25 10 49896 0 
-158.983 21.552 0.166148 0.515712 4.64141 80 2 25 10 49897 0 
-158.966 21.552 0.166158 0.515712 4.64141 80 2 25 10 49898 0 
-158.949 21.5521 0.166167 0.515712 4.64141 80 2 25 10 49899 0 
-158.932 21.5521 0.166177 0.515712 4.64141 80 2 25 10 49900 0 
-158.914 21.5522 0.166187 0.515712 4.64141 80 2 25 10 49901 0 
-158.897 21.5522 0.166196 0.515712 4.64141 80 2 25 10 49902 0 
-158.88 21.5523 0.166206 0.515712 4.64141 80 2 25 10 49903 0 
-158.863 21.5523 0.166216 0.515712 4.64141 80 2 25 10 49904 0 
-158.846 21.5524 0.166225 0.515712 4.64141 80 2 25 10 49905 0 
-158.828 21.5524 0.166235 0.515712 4.64141 80 2 25 10 49906 0 
-158.811 21.5525 0.166244 0.515712 4.64141 80 2 25 10 49907 0 
-158.794 21.5525 0.166254 0.515712 4.64141 80 2 25 10 49908 0 
-158.777 21.5526 0.166264 0.515712 4.64141 80 2 25 10 49909 0 
-158.76 21.5526 0.166273 0.515712 4.64141 80 2 25 10 49910 0 
-158.742 21.5527 0.166283 0.515712 4.64141 80 2 25 10 49911 0 
-158.725 21.5527 0.166293 0.515712 4.64141 80 2 25 10 49912 0 
-158.708 21.5528 0.166302 0.515712 4.64141 80 2 25 10 49913 0 
-158.691 21.5528 0.166312 0.515712 4.64141 80 2 25 10 49914 0 
-158.674 21.5529 0.166322 0.515712 4.64141 80 2 25 10 49915 0 
-158.656 21.5529 0.166331 0.515712 4.64141 80 2 25 10 49916 0 
-158.639 21.553 0.166341 0.515712 4.64141 80 2 25 10 49917 0 
-158.622 21.553 0.16635 0.515712 4.64141 80 2 25 10 49918 0 
-158.605 21.5531 0.16636 0.515712 4.64141 80 2 25 10 49919 0 
-158.588 21.5531 0.16637 0.515712 4.64141 80 2 25 10 49920 0 
-158.571 21.5532 0.166379 0.515712 4.64141 80 2 25 10 49921 0 
-158.553 21.5532 0.166389 0.515712 4.64141 80 2 25 10 49922 0 
-158.536 21.5533 0.166399 0.515712 4.64141 80 2 25 10 49923 0 
-158.519 21.5533 0.166408 0.515712 4.64141 80 2 25 10 49924 0 
-158.502 21.5534 0.166418 0.515712 4.64141 80 2 25 10 49925 0 
-158.485 21.5534 0.166428 0.515712 4.64141 80 2 25 10 49926 0 
-158.467 21.5535 0.166437 0.515712 4.64141 80 2 25 10 49927 0 
-158.45 21.5535 0.166447 0.515712 4.64141 80 2 25 10 49928 0 
-158.433 21.5536 0.166457 0.515712 4.64141 80 2 25 10 49929 0 
-158.416 21.5536 0.166466 0.515712 4.64141 80 2 25 10 49930 0 
-158.399 21.5537 0.166476 0.515712 4.64141 80 2 25 10 49931 0 
-158.381 21.5537 0.166486 0.515712 4.64141 80 2 25 10 49932 0 
-158.364 21.5538 0.166495 0.515712 4.64141 80 2 25 10 49933 0 
-158.347 21.5538 0.166505 0.515712 4.64141 80 2 25 10 49934 0 
-158.33 21.5539 0.166515 0.515712 4.64141 80 2 25 10 49935 0 
-158.313 21.5539 0.166524 0.515712 4.64141 80 2 25 10 49936 0 
-158.295 21.554 0.166534 0.515712 4.64141 80 2 25 10 49937 0 
-158.278 21.554 0.166544 0.515712 4.64141 80 2 25 10 49938 0 
-158.261 21.5541 0.166553 0.515712 4.64141 80 2 25 10 49939 0 
-158.244 21.5541 0.166563 0.515712 4.64141 80 2 25 10 49940 0 
-158.227 21.5542 0.166573 0.515712 4.64141 80 2 25 10 49941 0 
-158.209 21.5542 0.166582 0.515712 4.64141 80 2 25 10 49942 0 
-158.192 21.5543 0.166592 0.515712 4.64141 80 2 25 10 49943 0 
-158.175 21.5543 0.166602 0.515712 4.64141 80 2 25 10 49944 0 
-158.158 21.5544 0.166611 0.515712 4.64141 80 2 25 10 49945 0 
-158.141 21.5544 0.166621 0.515712 4.64141 80 2 25 10 49946 0 
-158.123 21.5545 0.166631 0.515712 4.64141 80 2 25 10 49947 0 
-158.106 21.5545 0.16664 0.515712 4.64141 80 2 25 10 49948 0 
-158.089 21.5546 0.16665 0.515712 4.64141 80 2 25 10 49949 0 
-158.072 21.5546 0.16666 0.515712 4.64141 80 2 25 10 49950 0 
-158.055 21.5547 0.16667 0.515712 4.64141 80 2 25 10 49951 0 
-158.037 21.5547 0.166679 0.515712 4.64141 80 2 25 10 49952 0 
-158.02 21.5548 0.166689 0.515712 4.64141 80 2 25 10 49953 0 
-158.003 21.5548 0.166699 0.515712 4.64141 80 2 25 10 49954 0 
-157.986 21.5549 0.166708 0.515712 4.64141 80 2 25 10 49955 0 
-157.969 21.5549 0.166718 0.515712 4.64141 80 2 25 10 49956 0 
-157.951 21.555 0.166728 0.515712 4.64141 80 2 25 10 49957 0 
-157.934 21.555 0.166737 0.515712 4.64141 80 2 25 10 49958 0 
-157.917 21.5551 0.166747 0.515712 4.64141 80 2 25 10 49959 0 
-157.9 21.5551 0.166757 0.515712 4.64141 80 2 25 10 49960 0 
-157.883 21.5552 0.166766 0.515712 4.64141 80 2 25 10 49961 0 
-157.865 21.5552 0.166776 0.515712 4.64141 80 2 25 10 49962 0 
-157.848 21.5553 0.166786 0.515712 4.64141 80 2 25 10 49963 0 
-157.831 21.5553 0.166796 0.515712 4.64141 80 2 25 10 49964 0 
-157.814 21.5554 0.166805 0.515712 4.64141 80 2 25 10 49965 0 
-157.797 21.5554 0.166815 0.515712 4.64141 80 2 25 10 49966 0 
-157.779 21.5555 0.166825 0.515712 4.64141 80 2 25 10 49967 0 
-157.762 21.5555 0.166834 0.515712 4.64141 80 2 25 10 49968 0 
-157.745 21.5556 0.166844 0.515712 4.64141 80 2 25 10 49969 0 
-157.728 21.5556 0.166854 0.515712 4.64141 80 2 25 10 49970 0 
-157.711 21.5557 0.166864 0.515712 4.64141 80 2 25 10 49971 0 
-157.693 21.5557 0.166873 0.515712 4.64141 80 2 25 10 49972 0 
-157.676 21.5558 0.166883 0.515712 4.64141 80 2 25 10 49973 0 
-157.659 21.5558 0.166893 0.515712 4.64141 80 2 25 10 49974 0 
-157.642 21.5559 0.166903 0.515712 4.64141 80 2 25 10 49975 0 
-157.625 21.5559 0.166912 0.515712 4.64141 80 2 25 10 49976 0 
-157.607 21.556 0.166922 0.515712 4.64141 80 2 25 10 49977 0 
-157.59 21.556 0.166932 0.515712 4.64141 80 2 25 10 49978 0 
-157.573 21.5561 0.166941 0.515712 4.64141 80 2 25 10 49979 0 
-157.556 21.5561 0.166951 0.515712 4.64141 80 2 25 10 49980 0 
-157.539 21.5562 0.166961 0.515712 4.64141 80 2 25 10 49981 0 
-157.522 21.5562 0.166971 0.515712 4.64141 80 2 25 10 49982 0 
-157.504 21.5563 0.16698 0.515712 4.64141 80 2 25 10 49983 0 
-157.487 21.5563 0.16699 0.515712 4.64141 80 2 25 10 49984 0 
-157.47 21.5564 0.167 0.515712 4.64141 80 2 25 10 49985 0 
-157.453 21.5564 0.16701 0.515712 4.64141 80 2 25 10 49986 0 
-157.436 21.5565 0.167019 0.515712 4.64141 80 2 25 10 49987 0 
-157.418 21.5565 0.167029 0.515712 4.64141 80 2 25 10 49988 0 
-157.401 21.5566 0.167039 0.515712 4.64141 80 2 25 10 49989 0 
-157.384 21.5566 0.167049 0.515712 4.64141 80 2 25 10 49990 0 
-157.367 21.5567 0.167058 0.515712 4.64141 80 2 25 10 49991 0 
-157.35 21.5567 0.167068 0.515712 4.64141 80 2 25 10 49992 0 
-157.332 21.5568 0.167078 0.515712 4.64141 80 2 25 10 49993 0 
-157.315 21.5568 0.167088 0.515712 4.64141 80 2 25 10 49994 0 
-157.298 21.5569 0.167097 0.515712 4.64141 80 2 25 10 49995 0 
-157.281 21.5569 0.167107 0.515712 4.64141 80 2 25 10 49996 0 
-157.264 21.557 0.167117 0.515712 4.64141 80 2 25 10 49997 0 
-157.246 21.557 0.167127 0.515712 4.64141 80 2 25 10 49998 0 
-157.229 21.5571 0.167136 0.515712 4.64141 80 2 25 10 49999 0 
