103.741 -23.3838 -180.007 0.25039 2.25351 -80 2 -25 10 49165 1 
103.733 -23.3838 -180.005 0.25039 2.25351 -80 2 -25 10 49166 1 
103.724 -23.3838 -180.003 0.25039 2.25351 -80 2 -25 10 49167 1 
103.716 -23.3838 -180.001 0.25039 2.25351 -80 2 -25 10 49168 1 
103.708 -23.3838 -180 0.25039 2.25351 -80 2 -25 10 49169 1 
103.699 -23.3838 -179.998 0.25039 2.25351 -80 2 -25 10 49170 1 
103.691 -23.3838 -179.996 0.25039 2.25351 -80 2 -25 10 49171 1 
103.683 -23.3838 -179.995 0.25039 2.25351 -80 2 -25 10 49172 1 
103.674 -23.3838 -179.993 0.25039 2.25351 -80 2 -25 10 49173 1 
103.666 -23.3838 -179.991 0.25039 2.25351 -80 2 -25 10 49174 1 
103.658 -23.3838 -179.99 0.25039 2.25351 -80 2 -25 10 49175 1 
103.649 -23.3838 -179.988 0.25039 2.25351 -80 2 -25 10 49176 1 
103.641 -23.3838 -179.987 0.25039 2.25351 -80 2 -25 10 49177 1 
103.633 -23.3838 -179.985 0.25039 2.25351 -80 2 -25 10 49178 1 
103.624 -23.3838 -179.984 0.25039 2.25351 -80 2 -25 10 49179 1 
103.616 -23.3838 -179.982 0.25039 2.25351 -80 2 -25 10 49180 1 
103.608 -23.3838 -179.981 0.25039 2.25351 -80 2 -25 10 49181 1 
103.599 -23.3838 -179.98 0.25039 2.25351 -80 2 -25 10 49182 1 
103.591 -23.3838 -179.978 0.25039 2.25351 -80 2 -25 10 49183 1 
103.583 -23.3838 -179.977 0.25039 2.25351 -80 2 -25 10 49184 1 
103.574 -23.3838 -179.976 0.25039 2.25351 -80 2 -25 10 49185 1 
103.566 -23.3838 -179.974 0.25039 2.25351 -80 2 -25 10 49186 1 
103.558 -23.3838 -179.973 0.25039 2.25351 -80 2 -25 10 49187 1 
103.549 -23.3838 -179.972 0.25039 2.25351 -80 2 -25 10 49188 1 
103.541 -23.3838 -179.971 0.25039 2.25351 -80 2 -25 10 49189 1 
103.532 -23.3838 -179.969 0.25039 2.25351 -80 2 -25 10 49190 1 
103.524 -23.3838 -179.968 0.25039 2.25351 -80 2 -25 10 49191 1 
103.516 -23.3838 -179.967 0.25039 2.25351 -80 2 -25 10 49192 1 
103.507 -23.3838 -179.966 0.25039 2.25351 -80 2 -25 10 49193 1 
103.499 -23.3838 -179.965 0.25039 2.25351 -80 2 -25 10 49194 1 
103.491 -23.3838 -179.964 0.25039 2.25351 -80 2 -25 10 49195 1 
103.482 -23.3838 -179.963 0.25039 2.25351 -80 2 -25 10 49196 1 
103.474 -23.3839 -179.961 0.25039 2.25351 -80 2 -25 10 49197 1 
103.466 -23.3839 -179.96 0.25039 2.25351 -80 2 -25 10 49198 1 
103.457 -23.3839 -179.959 0.25039 2.25351 -80 2 -25 10 49199 1 
103.449 -23.3839 -179.958 0.25039 2.25351 -80 2 -25 10 49200 1 
103.441 -23.3839 -179.957 0.25039 2.25351 -80 2 -25 10 49201 1 
103.432 -23.3839 -179.956 0.25039 2.25351 -80 2 -25 10 49202 1 
103.424 -23.3839 -179.955 0.25039 2.25351 -80 2 -25 10 49203 1 
103.416 -23.3839 -179.954 0.25039 2.25351 -80 2 -25 10 49204 1 
103.407 -23.3839 -179.953 0.25039 2.25351 -80 2 -25 10 49205 1 
103.399 -23.3839 -179.953 0.25039 2.25351 -80 2 -25 10 49206 1 
103.391 -23.3839 -179.952 0.25039 2.25351 -80 2 -25 10 49207 1 
103.382 -23.3839 -179.951 0.25039 2.25351 -80 2 -25 10 49208 1 
103.374 -23.3839 -179.95 0.25039 2.25351 -80 2 -25 10 49209 1 
103.366 -23.3839 -179.949 0.25039 2.25351 -80 2 -25 10 49210 1 
103.357 -23.3839 -179.948 0.25039 2.25351 -80 2 -25 10 49211 1 
103.349 -23.3839 -179.947 0.25039 2.25351 -80 2 -25 10 49212 1 
103.34 -23.384 -179.946 0.25039 2.25351 -80 2 -25 10 49213 1 
103.332 -23.384 -179.946 0.25039 2.25351 -80 2 -25 10 49214 1 
103.324 -23.384 -179.945 0.25039 2.25351 -80 2 -25 10 49215 1 
103.315 -23.384 -179.944 0.25039 2.25351 -80 2 -25 10 49216 1 
103.307 -23.384 -179.943 0.25039 2.25351 -80 2 -25 10 49217 1 
103.299 -23.384 -179.943 0.25039 2.25351 -80 2 -25 10 49218 1 
103.29 -23.384 -179.942 0.25039 2.25351 -80 2 -25 10 49219 1 
103.282 -23.384 -179.941 0.25039 2.25351 -80 2 -25 10 49220 1 
103.274 -23.384 -179.94 0.25039 2.25351 -80 2 -25 10 49221 1 
103.265 -23.384 -179.94 0.25039 2.25351 -80 2 -25 10 49222 1 
103.257 -23.384 -179.939 0.25039 2.25351 -80 2 -25 10 49223 1 
103.249 -23.384 -179.938 0.25039 2.25351 -80 2 -25 10 49224 1 
103.24 -23.3841 -179.938 0.25039 2.25351 -80 2 -25 10 49225 1 
103.232 -23.3841 -179.937 0.25039 2.25351 -80 2 -25 10 49226 1 
103.224 -23.3841 -179.936 0.25039 2.25351 -80 2 -25 10 49227 1 
103.215 -23.3841 -179.936 0.25039 2.25351 -80 2 -25 10 49228 1 
103.207 -23.3841 -179.935 0.25039 2.25351 -80 2 -25 10 49229 1 
103.199 -23.3841 -179.934 0.25039 2.25351 -80 2 -25 10 49230 1 
103.19 -23.3841 -179.934 0.25039 2.25351 -80 2 -25 10 49231 1 
103.182 -23.3841 -179.933 0.25039 2.25351 -80 2 -25 10 49232 1 
103.174 -23.3841 -179.933 0.25039 2.25351 -80 2 -25 10 49233 1 
103.165 -23.3841 -179.932 0.25039 2.25351 -80 2 -25 10 49234 1 
103.157 -23.3842 -179.931 0.25039 2.25351 -80 2 -25 10 49235 1 
103.149 -23.3842 -179.931 0.25039 2.25351 -80 2 -25 10 49236 1 
103.14 -23.3842 -179.93 0.25039 2.25351 -80 2 -25 10 49237 1 
103.132 -23.3842 -179.93 0.25039 2.25351 -80 2 -25 10 49238 1 
103.123 -23.3842 -179.929 0.25039 2.25351 -80 2 -25 10 49239 1 
103.115 -23.3842 -179.929 0.25039 2.25351 -80 2 -25 10 49240 1 
103.107 -23.3842 -179.928 0.25039 2.25351 -80 2 -25 10 49241 1 
103.098 -23.3842 -179.928 0.25039 2.25351 -80 2 -25 10 49242 1 
103.09 -23.3842 -179.927 0.25039 2.25351 -80 2 -25 10 49243 1 
103.082 -23.3842 -179.927 0.25039 2.25351 -80 2 -25 10 49244 1 
103.073 -23.3843 -179.926 0.25039 2.25351 -80 2 -25 10 49245 1 
103.065 -23.3843 -179.926 0.25039 2.25351 -80 2 -25 10 49246 1 
103.057 -23.3843 -179.925 0.25039 2.25351 -80 2 -25 10 49247 1 
103.048 -23.3843 -179.925 0.25039 2.25351 -80 2 -25 10 49248 1 
103.04 -23.3843 -179.924 0.25039 2.25351 -80 2 -25 10 49249 1 
103.032 -23.3843 -179.924 0.25039 2.25351 -80 2 -25 10 49250 1 
103.023 -23.3843 -179.923 0.25039 2.25351 -80 2 -25 10 49251 1 
103.015 -23.3843 -179.923 0.25039 2.25351 -80 2 -25 10 49252 1 
103.007 -23.3843 -179.923 0.25039 2.25351 -80 2 -25 10 49253 1 
102.998 -23.3844 -179.922 0.25039 2.25351 -80 2 -25 10 49254 1 
102.99 -23.3844 -179.922 0.25039 2.25351 -80 2 -25 10 49255 1 
102.982 -23.3844 -179.921 0.25039 2.25351 -80 2 -25 10 49256 1 
102.973 -23.3844 -179.921 0.25039 2.25351 -80 2 -25 10 49257 1 
102.965 -23.3844 -179.921 0.25039 2.25351 -80 2 -25 10 49258 1 
102.957 -23.3844 -179.92 0.25039 2.25351 -80 2 -25 10 49259 1 
102.948 -23.3844 -179.92 0.25039 2.25351 -80 2 -25 10 49260 1 
102.94 -23.3844 -179.919 0.25039 2.25351 -80 2 -25 10 49261 1 
102.932 -23.3844 -179.919 0.25039 2.25351 -80 2 -25 10 49262 1 
102.923 -23.3845 -179.919 0.25039 2.25351 -80 2 -25 10 49263 1 
102.915 -23.3845 -179.918 0.25039 2.25351 -80 2 -25 10 49264 1 
102.906 -23.3845 -179.918 0.25039 2.25351 -80 2 -25 10 49265 1 
102.898 -23.3845 -179.918 0.25039 2.25351 -80 2 -25 10 49266 1 
102.89 -23.3845 -179.917 0.25039 2.25351 -80 2 -25 10 49267 1 
102.881 -23.3845 -179.917 0.25039 2.25351 -80 2 -25 10 49268 1 
102.873 -23.3845 -179.917 0.25039 2.25351 -80 2 -25 10 49269 1 
102.865 -23.3845 -179.916 0.25039 2.25351 -80 2 -25 10 49270 1 
102.856 -23.3846 -179.916 0.25039 2.25351 -80 2 -25 10 49271 1 
102.848 -23.3846 -179.916 0.25039 2.25351 -80 2 -25 10 49272 1 
102.84 -23.3846 -179.915 0.25039 2.25351 -80 2 -25 10 49273 1 
102.831 -23.3846 -179.915 0.25039 2.25351 -80 2 -25 10 49274 1 
102.823 -23.3846 -179.915 0.25039 2.25351 -80 2 -25 10 49275 1 
102.815 -23.3846 -179.915 0.25039 2.25351 -80 2 -25 10 49276 1 
102.806 -23.3846 -179.914 0.25039 2.25351 -80 2 -25 10 49277 1 
102.798 -23.3846 -179.914 0.25039 2.25351 -80 2 -25 10 49278 1 
102.79 -23.3846 -179.914 0.25039 2.25351 -80 2 -25 10 49279 1 
102.781 -23.3847 -179.913 0.25039 2.25351 -80 2 -25 10 49280 1 
102.773 -23.3847 -179.913 0.25039 2.25351 -80 2 -25 10 49281 1 
102.765 -23.3847 -179.913 0.25039 2.25351 -80 2 -25 10 49282 1 
102.756 -23.3847 -179.913 0.25039 2.25351 -80 2 -25 10 49283 1 
102.748 -23.3847 -179.912 0.25039 2.25351 -80 2 -25 10 49284 1 
102.74 -23.3847 -179.912 0.25039 2.25351 -80 2 -25 10 49285 1 
102.731 -23.3847 -179.912 0.25039 2.25351 -80 2 -25 10 49286 1 
102.723 -23.3848 -179.912 0.25039 2.25351 -80 2 -25 10 49287 1 
102.715 -23.3848 -179.911 0.25039 2.25351 -80 2 -25 10 49288 1 
102.706 -23.3848 -179.911 0.25039 2.25351 -80 2 -25 10 49289 1 
102.698 -23.3848 -179.911 0.25039 2.25351 -80 2 -25 10 49290 1 
102.689 -23.3848 -179.911 0.25039 2.25351 -80 2 -25 10 49291 1 
102.681 -23.3848 -179.911 0.25039 2.25351 -80 2 -25 10 49292 1 
102.673 -23.3848 -179.91 0.25039 2.25351 -80 2 -25 10 49293 1 
102.664 -23.3848 -179.91 0.25039 2.25351 -80 2 -25 10 49294 1 
102.656 -23.3849 -179.91 0.25039 2.25351 -80 2 -25 10 49295 1 
102.648 -23.3849 -179.91 0.25039 2.25351 -80 2 -25 10 49296 1 
102.639 -23.3849 -179.91 0.25039 2.25351 -80 2 -25 10 49297 1 
102.631 -23.3849 -179.909 0.25039 2.25351 -80 2 -25 10 49298 1 
102.623 -23.3849 -179.909 0.25039 2.25351 -80 2 -25 10 49299 1 
102.614 -23.3849 -179.909 0.25039 2.25351 -80 2 -25 10 49300 1 
102.606 -23.3849 -179.909 0.25039 2.25351 -80 2 -25 10 49301 1 
102.598 -23.385 -179.909 0.25039 2.25351 -80 2 -25 10 49302 1 
102.589 -23.385 -179.908 0.25039 2.25351 -80 2 -25 10 49303 1 
102.581 -23.385 -179.908 0.25039 2.25351 -80 2 -25 10 49304 1 
102.573 -23.385 -179.908 0.25039 2.25351 -80 2 -25 10 49305 1 
102.564 -23.385 -179.908 0.25039 2.25351 -80 2 -25 10 49306 1 
102.556 -23.385 -179.908 0.25039 2.25351 -80 2 -25 10 49307 1 
102.548 -23.385 -179.908 0.25039 2.25351 -80 2 -25 10 49308 1 
102.539 -23.385 -179.907 0.25039 2.25351 -80 2 -25 10 49309 1 
102.531 -23.3851 -179.907 0.25039 2.25351 -80 2 -25 10 49310 1 
102.523 -23.3851 -179.907 0.25039 2.25351 -80 2 -25 10 49311 1 
102.514 -23.3851 -179.907 0.25039 2.25351 -80 2 -25 10 49312 1 
102.506 -23.3851 -179.907 0.25039 2.25351 -80 2 -25 10 49313 1 
102.497 -23.3851 -179.907 0.25039 2.25351 -80 2 -25 10 49314 1 
102.489 -23.3851 -179.906 0.25039 2.25351 -80 2 -25 10 49315 1 
102.481 -23.3851 -179.906 0.25039 2.25351 -80 2 -25 10 49316 1 
102.472 -23.3852 -179.906 0.25039 2.25351 -80 2 -25 10 49317 1 
102.464 -23.3852 -179.906 0.25039 2.25351 -80 2 -25 10 49318 1 
102.456 -23.3852 -179.906 0.25039 2.25351 -80 2 -25 10 49319 1 
102.447 -23.3852 -179.906 0.25039 2.25351 -80 2 -25 10 49320 1 
102.439 -23.3852 -179.906 0.25039 2.25351 -80 2 -25 10 49321 1 
102.431 -23.3852 -179.905 0.25039 2.25351 -80 2 -25 10 49322 1 
102.422 -23.3852 -179.905 0.25039 2.25351 -80 2 -25 10 49323 1 
102.414 -23.3853 -179.905 0.25039 2.25351 -80 2 -25 10 49324 1 
102.406 -23.3853 -179.905 0.25039 2.25351 -80 2 -25 10 49325 1 
102.397 -23.3853 -179.905 0.25039 2.25351 -80 2 -25 10 49326 1 
102.389 -23.3853 -179.905 0.25039 2.25351 -80 2 -25 10 49327 1 
102.381 -23.3853 -179.905 0.25039 2.25351 -80 2 -25 10 49328 1 
102.372 -23.3853 -179.905 0.25039 2.25351 -80 2 -25 10 49329 1 
102.364 -23.3853 -179.904 0.25039 2.25351 -80 2 -25 10 49330 1 
102.356 -23.3853 -179.904 0.25039 2.25351 -80 2 -25 10 49331 1 
102.347 -23.3854 -179.904 0.25039 2.25351 -80 2 -25 10 49332 1 
102.339 -23.3854 -179.904 0.25039 2.25351 -80 2 -25 10 49333 1 
102.331 -23.3854 -179.904 0.25039 2.25351 -80 2 -25 10 49334 1 
102.322 -23.3854 -179.904 0.25039 2.25351 -80 2 -25 10 49335 1 
102.314 -23.3854 -179.904 0.25039 2.25351 -80 2 -25 10 49336 1 
102.306 -23.3854 -179.904 0.25039 2.25351 -80 2 -25 10 49337 1 
102.297 -23.3854 -179.904 0.25039 2.25351 -80 2 -25 10 49338 1 
102.289 -23.3855 -179.903 0.25039 2.25351 -80 2 -25 10 49339 1 
102.28 -23.3855 -179.903 0.25039 2.25351 -80 2 -25 10 49340 1 
102.272 -23.3855 -179.903 0.25039 2.25351 -80 2 -25 10 49341 1 
102.264 -23.3855 -179.903 0.25039 2.25351 -80 2 -25 10 49342 1 
102.255 -23.3855 -179.903 0.25039 2.25351 -80 2 -25 10 49343 1 
102.247 -23.3855 -179.903 0.25039 2.25351 -80 2 -25 10 49344 1 
102.239 -23.3855 -179.903 0.25039 2.25351 -80 2 -25 10 49345 1 
102.23 -23.3855 -179.903 0.25039 2.25351 -80 2 -25 10 49346 1 
102.222 -23.3856 -179.903 0.25039 2.25351 -80 2 -25 10 49347 1 
102.214 -23.3856 -179.903 0.25039 2.25351 -80 2 -25 10 49348 1 
102.205 -23.3856 -179.902 0.25039 2.25351 -80 2 -25 10 49349 1 
102.197 -23.3856 -179.902 0.25039 2.25351 -80 2 -25 10 49350 1 
102.189 -23.3856 -179.902 0.25039 2.25351 -80 2 -25 10 49351 1 
102.18 -23.3856 -179.902 0.25039 2.25351 -80 2 -25 10 49352 1 
102.172 -23.3856 -179.902 0.25039 2.25351 -80 2 -25 10 49353 1 
102.164 -23.3857 -179.902 0.25039 2.25351 -80 2 -25 10 49354 1 
102.155 -23.3857 -179.902 0.25039 2.25351 -80 2 -25 10 49355 1 
102.147 -23.3857 -179.902 0.25039 2.25351 -80 2 -25 10 49356 1 
102.139 -23.3857 -179.902 0.25039 2.25351 -80 2 -25 10 49357 1 
102.13 -23.3857 -179.902 0.25039 2.25351 -80 2 -25 10 49358 1 
102.122 -23.3857 -179.902 0.25039 2.25351 -80 2 -25 10 49359 1 
102.114 -23.3857 -179.902 0.25039 2.25351 -80 2 -25 10 49360 1 
102.105 -23.3857 -179.902 0.25039 2.25351 -80 2 -25 10 49361 1 
102.097 -23.3858 -179.901 0.25039 2.25351 -80 2 -25 10 49362 1 
102.089 -23.3858 -179.901 0.25039 2.25351 -80 2 -25 10 49363 1 
102.08 -23.3858 -179.901 0.25039 2.25351 -80 2 -25 10 49364 1 
102.072 -23.3858 -179.901 0.25039 2.25351 -80 2 -25 10 49365 1 
102.063 -23.3858 -179.901 0.25039 2.25351 -80 2 -25 10 49366 1 
102.055 -23.3858 -179.901 0.25039 2.25351 -80 2 -25 10 49367 1 
102.047 -23.3859 -179.901 0.25039 2.25351 -80 2 -25 10 49368 1 
102.038 -23.3859 -179.901 0.25039 2.25351 -80 2 -25 10 49369 1 
102.03 -23.3859 -179.901 0.25039 2.25351 -80 2 -25 10 49370 1 
102.022 -23.3859 -179.901 0.25039 2.25351 -80 2 -25 10 49371 1 
102.013 -23.3859 -179.901 0.25039 2.25351 -80 2 -25 10 49372 1 
102.005 -23.3859 -179.901 0.25039 2.25351 -80 2 -25 10 49373 1 
101.997 -23.3859 -179.901 0.25039 2.25351 -80 2 -25 10 49374 1 
101.988 -23.386 -179.901 0.25039 2.25351 -80 2 -25 10 49375 1 
101.98 -23.386 -179.901 0.25039 2.25351 -80 2 -25 10 49376 1 
101.972 -23.386 -179.901 0.25039 2.25351 -80 2 -25 10 49377 1 
101.963 -23.386 -179.9 0.25039 2.25351 -80 2 -25 10 49378 1 
101.955 -23.386 -179.9 0.25039 2.25351 -80 2 -25 10 49379 1 
101.947 -23.386 -179.9 0.25039 2.25351 -80 2 -25 10 49380 1 
101.938 -23.3861 -179.9 0.25039 2.25351 -80 2 -25 10 49381 1 
101.93 -23.3861 -179.9 0.25039 2.25351 -80 2 -25 10 49382 1 
101.922 -23.3861 -179.9 0.25039 2.25351 -80 2 -25 10 49383 1 
101.913 -23.3861 -179.9 0.25039 2.25351 -80 2 -25 10 49384 1 
101.905 -23.3861 -179.9 0.25039 2.25351 -80 2 -25 10 49385 1 
101.897 -23.3861 -179.9 0.25039 2.25351 -80 2 -25 10 49386 1 
101.888 -23.3861 -179.9 0.25039 2.25351 -80 2 -25 10 49387 1 
101.88 -23.3862 -179.9 0.25039 2.25351 -80 2 -25 10 49388 1 
101.871 -23.3862 -179.9 0.25039 2.25351 -80 2 -25 10 49389 1 
101.863 -23.3862 -179.9 0.25039 2.25351 -80 2 -25 10 49390 1 
101.855 -23.3862 -179.9 0.25039 2.25351 -80 2 -25 10 49391 1 
101.846 -23.3862 -179.9 0.25039 2.25351 -80 2 -25 10 49392 1 
101.838 -23.3862 -179.9 0.25039 2.25351 -80 2 -25 10 49393 1 
101.83 -23.3863 -179.9 0.25039 2.25351 -80 2 -25 10 49394 1 
101.821 -23.3863 -179.9 0.25039 2.25351 -80 2 -25 10 49395 1 
101.813 -23.3863 -179.9 0.25039 2.25351 -80 2 -25 10 49396 1 
101.805 -23.3863 -179.9 0.25039 2.25351 -80 2 -25 10 49397 1 
101.796 -23.3863 -179.9 0.25039 2.25351 -80 2 -25 10 49398 1 
101.788 -23.3863 -179.9 0.25039 2.25351 -80 2 -25 10 49399 1 
101.78 -23.3863 -179.899 0.25039 2.25351 -80 2 -25 10 49400 1 
101.771 -23.3864 -179.899 0.25039 2.25351 -80 2 -25 10 49401 1 
101.763 -23.3864 -179.899 0.25039 2.25351 -80 2 -25 10 49402 1 
101.755 -23.3864 -179.899 0.25039 2.25351 -80 2 -25 10 49403 1 
101.746 -23.3864 -179.899 0.25039 2.25351 -80 2 -25 10 49404 1 
101.738 -23.3864 -179.899 0.25039 2.25351 -80 2 -25 10 49405 1 
101.73 -23.3864 -179.899 0.25039 2.25351 -80 2 -25 10 49406 1 
101.721 -23.3865 -179.899 0.25039 2.25351 -80 2 -25 10 49407 1 
101.713 -23.3865 -179.899 0.25039 2.25351 -80 2 -25 10 49408 1 
101.705 -23.3865 -179.899 0.25039 2.25351 -80 2 -25 10 49409 1 
101.696 -23.3865 -179.899 0.25039 2.25351 -80 2 -25 10 49410 1 
101.688 -23.3865 -179.899 0.25039 2.25351 -80 2 -25 10 49411 1 
101.68 -23.3865 -179.899 0.25039 2.25351 -80 2 -25 10 49412 1 
101.671 -23.3865 -179.899 0.25039 2.25351 -80 2 -25 10 49413 1 
101.663 -23.3866 -179.899 0.25039 2.25351 -80 2 -25 10 49414 1 
101.654 -23.3866 -179.899 0.25039 2.25351 -80 2 -25 10 49415 1 
101.646 -23.3866 -179.899 0.25039 2.25351 -80 2 -25 10 49416 1 
101.638 -23.3866 -179.899 0.25039 2.25351 -80 2 -25 10 49417 1 
101.629 -23.3866 -179.899 0.25039 2.25351 -80 2 -25 10 49418 1 
101.621 -23.3866 -179.899 0.25039 2.25351 -80 2 -25 10 49419 1 
101.613 -23.3867 -179.899 0.25039 2.25351 -80 2 -25 10 49420 1 
101.604 -23.3867 -179.899 0.25039 2.25351 -80 2 -25 10 49421 1 
101.596 -23.3867 -179.899 0.25039 2.25351 -80 2 -25 10 49422 1 
101.588 -23.3867 -179.899 0.25039 2.25351 -80 2 -25 10 49423 1 
101.579 -23.3867 -179.899 0.25039 2.25351 -80 2 -25 10 49424 1 
101.571 -23.3867 -179.899 0.25039 2.25351 -80 2 -25 10 49425 1 
101.563 -23.3867 -179.899 0.25039 2.25351 -80 2 -25 10 49426 1 
101.554 -23.3868 -179.899 0.25039 2.25351 -80 2 -25 10 49427 1 
101.546 -23.3868 -179.899 0.25039 2.25351 -80 2 -25 10 49428 1 
101.538 -23.3868 -179.899 0.25039 2.25351 -80 2 -25 10 49429 1 
101.529 -23.3868 -179.899 0.25039 2.25351 -80 2 -25 10 49430 1 
101.521 -23.3868 -179.898 0.25039 2.25351 -80 2 -25 10 49431 1 
101.513 -23.3868 -179.898 0.25039 2.25351 -80 2 -25 10 49432 1 
101.504 -23.3868 -179.898 0.25039 2.25351 -80 2 -25 10 49433 1 
101.496 -23.3869 -179.898 0.25039 2.25351 -80 2 -25 10 49434 1 
101.488 -23.3869 -179.898 0.25039 2.25351 -80 2 -25 10 49435 1 
101.479 -23.3869 -179.898 0.25039 2.25351 -80 2 -25 10 49436 1 
101.471 -23.3869 -179.898 0.25039 2.25351 -80 2 -25 10 49437 1 
101.463 -23.3869 -179.898 0.25039 2.25351 -80 2 -25 10 49438 1 
101.454 -23.3869 -179.898 0.25039 2.25351 -80 2 -25 10 49439 1 
101.446 -23.387 -179.898 0.25039 2.25351 -80 2 -25 10 49440 1 
101.437 -23.387 -179.898 0.25039 2.25351 -80 2 -25 10 49441 1 
101.429 -23.387 -179.898 0.25039 2.25351 -80 2 -25 10 49442 1 
101.421 -23.387 -179.898 0.25039 2.25351 -80 2 -25 10 49443 1 
101.412 -23.387 -179.898 0.25039 2.25351 -80 2 -25 10 49444 1 
101.404 -23.387 -179.898 0.25039 2.25351 -80 2 -25 10 49445 1 
101.396 -23.387 -179.898 0.25039 2.25351 -80 2 -25 10 49446 1 
101.387 -23.3871 -179.898 0.25039 2.25351 -80 2 -25 10 49447 1 
101.379 -23.3871 -179.898 0.25039 2.25351 -80 2 -25 10 49448 1 
101.371 -23.3871 -179.898 0.25039 2.25351 -80 2 -25 10 49449 1 
101.362 -23.3871 -179.898 0.25039 2.25351 -80 2 -25 10 49450 1 
101.354 -23.3871 -179.898 0.25039 2.25351 -80 2 -25 10 49451 1 
101.346 -23.3871 -179.898 0.25039 2.25351 -80 2 -25 10 49452 1 
101.337 -23.3872 -179.898 0.25039 2.25351 -80 2 -25 10 49453 1 
101.329 -23.3872 -179.898 0.25039 2.25351 -80 2 -25 10 49454 1 
101.321 -23.3872 -179.898 0.25039 2.25351 -80 2 -25 10 49455 1 
101.312 -23.3872 -179.898 0.25039 2.25351 -80 2 -25 10 49456 1 
101.304 -23.3872 -179.898 0.25039 2.25351 -80 2 -25 10 49457 1 
101.296 -23.3872 -179.898 0.25039 2.25351 -80 2 -25 10 49458 1 
101.287 -23.3872 -179.898 0.25039 2.25351 -80 2 -25 10 49459 1 
101.279 -23.3873 -179.898 0.25039 2.25351 -80 2 -25 10 49460 1 
101.271 -23.3873 -179.898 0.25039 2.25351 -80 2 -25 10 49461 1 
101.262 -23.3873 -179.898 0.25039 2.25351 -80 2 -25 10 49462 1 
101.254 -23.3873 -179.898 0.25039 2.25351 -80 2 -25 10 49463 1 
101.246 -23.3873 -179.898 0.25039 2.25351 -80 2 -25 10 49464 1 
101.237 -23.3873 -179.898 0.25039 2.25351 -80 2 -25 10 49465 1 
101.229 -23.3874 -179.898 0.25039 2.25351 -80 2 -25 10 49466 1 
101.22 -23.3874 -179.898 0.25039 2.25351 -80 2 -25 10 49467 1 
101.212 -23.3874 -179.898 0.25039 2.25351 -80 2 -25 10 49468 1 
101.204 -23.3874 -179.898 0.25039 2.25351 -80 2 -25 10 49469 1 
101.195 -23.3874 -179.898 0.25039 2.25351 -80 2 -25 10 49470 1 
101.187 -23.3874 -179.898 0.25039 2.25351 -80 2 -25 10 49471 1 
101.179 -23.3874 -179.898 0.25039 2.25351 -80 2 -25 10 49472 1 
101.17 -23.3875 -179.898 0.25039 2.25351 -80 2 -25 10 49473 1 
101.162 -23.3875 -179.898 0.25039 2.25351 -80 2 -25 10 49474 1 
101.154 -23.3875 -179.898 0.25039 2.25351 -80 2 -25 10 49475 1 
101.145 -23.3875 -179.898 0.25039 2.25351 -80 2 -25 10 49476 1 
101.137 -23.3875 -179.898 0.25039 2.25351 -80 2 -25 10 49477 1 
101.129 -23.3875 -179.898 0.25039 2.25351 -80 2 -25 10 49478 1 
101.12 -23.3876 -179.898 0.25039 2.25351 -80 2 -25 10 49479 1 
101.112 -23.3876 -179.898 0.25039 2.25351 -80 2 -25 10 49480 1 
101.104 -23.3876 -179.898 0.25039 2.25351 -80 2 -25 10 49481 1 
101.095 -23.3876 -179.898 0.25039 2.25351 -80 2 -25 10 49482 1 
101.087 -23.3876 -179.898 0.25039 2.25351 -80 2 -25 10 49483 1 
101.079 -23.3876 -179.898 0.25039 2.25351 -80 2 -25 10 49484 1 
101.07 -23.3876 -179.898 0.25039 2.25351 -80 2 -25 10 49485 1 
101.062 -23.3877 -179.898 0.25039 2.25351 -80 2 -25 10 49486 1 
101.054 -23.3877 -179.898 0.25039 2.25351 -80 2 -25 10 49487 1 
101.045 -23.3877 -179.898 0.25039 2.25351 -80 2 -25 10 49488 1 
101.037 -23.3877 -179.898 0.25039 2.25351 -80 2 -25 10 49489 1 
101.028 -23.3877 -179.898 0.25039 2.25351 -80 2 -25 10 49490 1 
101.02 -23.3877 -179.898 0.25039 2.25351 -80 2 -25 10 49491 1 
101.012 -23.3877 -179.898 0.25039 2.25351 -80 2 -25 10 49492 1 
101.003 -23.3878 -179.897 0.25039 2.25351 -80 2 -25 10 49493 1 
100.995 -23.3878 -179.897 0.25039 2.25351 -80 2 -25 10 49494 1 
100.987 -23.3878 -179.897 0.25039 2.25351 -80 2 -25 10 49495 1 
100.978 -23.3878 -179.897 0.25039 2.25351 -80 2 -25 10 49496 1 
100.97 -23.3878 -179.897 0.25039 2.25351 -80 2 -25 10 49497 1 
100.962 -23.3878 -179.897 0.25039 2.25351 -80 2 -25 10 49498 1 
100.953 -23.3879 -179.897 0.25039 2.25351 -80 2 -25 10 49499 1 
100.945 -23.3879 -179.897 0.25039 2.25351 -80 2 -25 10 49500 1 
100.937 -23.3879 -179.897 0.25039 2.25351 -80 2 -25 10 49501 1 
100.928 -23.3879 -179.897 0.25039 2.25351 -80 2 -25 10 49502 1 
100.92 -23.3879 -179.897 0.25039 2.25351 -80 2 -25 10 49503 1 
100.912 -23.3879 -179.897 0.25039 2.25351 -80 2 -25 10 49504 1 
100.903 -23.3879 -179.897 0.25039 2.25351 -80 2 -25 10 49505 1 
100.895 -23.388 -179.897 0.25039 2.25351 -80 2 -25 10 49506 1 
100.887 -23.388 -179.897 0.25039 2.25351 -80 2 -25 10 49507 1 
100.878 -23.388 -179.897 0.25039 2.25351 -80 2 -25 10 49508 1 
100.87 -23.388 -179.897 0.25039 2.25351 -80 2 -25 10 49509 1 
100.862 -23.388 -179.897 0.25039 2.25351 -80 2 -25 10 49510 1 
100.853 -23.388 -179.897 0.25039 2.25351 -80 2 -25 10 49511 1 
100.845 -23.3881 -179.897 0.25039 2.25351 -80 2 -25 10 49512 1 
100.837 -23.3881 -179.897 0.25039 2.25351 -80 2 -25 10 49513 1 
100.828 -23.3881 -179.897 0.25039 2.25351 -80 2 -25 10 49514 1 
100.82 -23.3881 -179.897 0.25039 2.25351 -80 2 -25 10 49515 1 
100.811 -23.3881 -179.897 0.25039 2.25351 -80 2 -25 10 49516 1 
100.803 -23.3881 -179.897 0.25039 2.25351 -80 2 -25 10 49517 1 
100.795 -23.3881 -179.897 0.25039 2.25351 -80 2 -25 10 49518 1 
100.786 -23.3882 -179.897 0.25039 2.25351 -80 2 -25 10 49519 1 
100.778 -23.3882 -179.897 0.25039 2.25351 -80 2 -25 10 49520 1 
100.77 -23.3882 -179.897 0.25039 2.25351 -80 2 -25 10 49521 1 
100.761 -23.3882 -179.897 0.25039 2.25351 -80 2 -25 10 49522 1 
100.753 -23.3882 -179.897 0.25039 2.25351 -80 2 -25 10 49523 1 
100.745 -23.3882 -179.897 0.25039 2.25351 -80 2 -25 10 49524 1 
100.736 -23.3883 -179.897 0.25039 2.25351 -80 2 -25 10 49525 1 
100.728 -23.3883 -179.897 0.25039 2.25351 -80 2 -25 10 49526 1 
100.72 -23.3883 -179.897 0.25039 2.25351 -80 2 -25 10 49527 1 
100.711 -23.3883 -179.897 0.25039 2.25351 -80 2 -25 10 49528 1 
100.703 -23.3883 -179.897 0.25039 2.25351 -80 2 -25 10 49529 1 
100.695 -23.3883 -179.897 0.25039 2.25351 -80 2 -25 10 49530 1 
100.686 -23.3883 -179.897 0.25039 2.25351 -80 2 -25 10 49531 1 
100.678 -23.3884 -179.897 0.25039 2.25351 -80 2 -25 10 49532 1 
100.67 -23.3884 -179.897 0.25039 2.25351 -80 2 -25 10 49533 1 
100.661 -23.3884 -179.897 0.25039 2.25351 -80 2 -25 10 49534 1 
100.653 -23.3884 -179.897 0.25039 2.25351 -80 2 -25 10 49535 1 
100.645 -23.3884 -179.897 0.25039 2.25351 -80 2 -25 10 49536 1 
100.636 -23.3884 -179.897 0.25039 2.25351 -80 2 -25 10 49537 1 
100.628 -23.3885 -179.897 0.25039 2.25351 -80 2 -25 10 49538 1 
100.62 -23.3885 -179.897 0.25039 2.25351 -80 2 -25 10 49539 1 
100.611 -23.3885 -179.897 0.25039 2.25351 -80 2 -25 10 49540 1 
100.603 -23.3885 -179.897 0.25039 2.25351 -80 2 -25 10 49541 1 
100.594 -23.3885 -179.897 0.25039 2.25351 -80 2 -25 10 49542 1 
100.586 -23.3885 -179.897 0.25039 2.25351 -80 2 -25 10 49543 1 
100.578 -23.3885 -179.897 0.25039 2.25351 -80 2 -25 10 49544 1 
100.569 -23.3886 -179.897 0.25039 2.25351 -80 2 -25 10 49545 1 
100.561 -23.3886 -179.897 0.25039 2.25351 -80 2 -25 10 49546 1 
100.553 -23.3886 -179.897 0.25039 2.25351 -80 2 -25 10 49547 1 
100.544 -23.3886 -179.897 0.25039 2.25351 -80 2 -25 10 49548 1 
100.536 -23.3886 -179.897 0.25039 2.25351 -80 2 -25 10 49549 1 
100.528 -23.3886 -179.897 0.25039 2.25351 -80 2 -25 10 49550 1 
100.519 -23.3886 -179.897 0.25039 2.25351 -80 2 -25 10 49551 1 
100.511 -23.3887 -179.897 0.25039 2.25351 -80 2 -25 10 49552 1 
100.503 -23.3887 -179.897 0.25039 2.25351 -80 2 -25 10 49553 1 
100.494 -23.3887 -179.897 0.25039 2.25351 -80 2 -25 10 49554 1 
100.486 -23.3887 -179.897 0.25039 2.25351 -80 2 -25 10 49555 1 
100.478 -23.3887 -179.897 0.25039 2.25351 -80 2 -25 10 49556 1 
100.469 -23.3887 -179.897 0.25039 2.25351 -80 2 -25 10 49557 1 
100.461 -23.3888 -179.897 0.25039 2.25351 -80 2 -25 10 49558 1 
100.453 -23.3888 -179.897 0.25039 2.25351 -80 2 -25 10 49559 1 
100.444 -23.3888 -179.897 0.25039 2.25351 -80 2 -25 10 49560 1 
100.436 -23.3888 -179.897 0.25039 2.25351 -80 2 -25 10 49561 1 
100.428 -23.3888 -179.897 0.25039 2.25351 -80 2 -25 10 49562 1 
100.419 -23.3888 -179.897 0.25039 2.25351 -80 2 -25 10 49563 1 
100.411 -23.3888 -179.897 0.25039 2.25351 -80 2 -25 10 49564 1 
100.403 -23.3889 -179.897 0.25039 2.25351 -80 2 -25 10 49565 1 
100.394 -23.3889 -179.897 0.25039 2.25351 -80 2 -25 10 49566 1 
100.386 -23.3889 -179.897 0.25039 2.25351 -80 2 -25 10 49567 1 
100.377 -23.3889 -179.897 0.25039 2.25351 -80 2 -25 10 49568 1 
100.369 -23.3889 -179.897 0.25039 2.25351 -80 2 -25 10 49569 1 
100.361 -23.3889 -179.897 0.25039 2.25351 -80 2 -25 10 49570 1 
100.352 -23.389 -179.897 0.25039 2.25351 -80 2 -25 10 49571 1 
100.344 -23.389 -179.897 0.25039 2.25351 -80 2 -25 10 49572 1 
100.336 -23.389 -179.897 0.25039 2.25351 -80 2 -25 10 49573 1 
100.327 -23.389 -179.897 0.25039 2.25351 -80 2 -25 10 49574 1 
100.319 -23.389 -179.897 0.25039 2.25351 -80 2 -25 10 49575 1 
100.311 -23.389 -179.897 0.25039 2.25351 -80 2 -25 10 49576 1 
100.302 -23.389 -179.897 0.25039 2.25351 -80 2 -25 10 49577 1 
100.294 -23.3891 -179.897 0.25039 2.25351 -80 2 -25 10 49578 1 
100.286 -23.3891 -179.897 0.25039 2.25351 -80 2 -25 10 49579 1 
100.277 -23.3891 -179.897 0.25039 2.25351 -80 2 -25 10 49580 1 
100.269 -23.3891 -179.897 0.25039 2.25351 -80 2 -25 10 49581 1 
100.261 -23.3891 -179.897 0.25039 2.25351 -80 2 -25 10 49582 1 
100.252 -23.3891 -179.897 0.25039 2.25351 -80 2 -25 10 49583 1 
100.244 -23.3892 -179.897 0.25039 2.25351 -80 2 -25 10 49584 1 
100.236 -23.3892 -179.897 0.25039 2.25351 -80 2 -25 10 49585 1 
100.227 -23.3892 -179.897 0.25039 2.25351 -80 2 -25 10 49586 1 
100.219 -23.3892 -179.897 0.25039 2.25351 -80 2 -25 10 49587 1 
100.211 -23.3892 -179.897 0.25039 2.25351 -80 2 -25 10 49588 1 
100.202 -23.3892 -179.897 0.25039 2.25351 -80 2 -25 10 49589 1 
100.194 -23.3892 -179.897 0.25039 2.25351 -80 2 -25 10 49590 1 
100.185 -23.3893 -179.897 0.25039 2.25351 -80 2 -25 10 49591 1 
100.177 -23.3893 -179.897 0.25039 2.25351 -80 2 -25 10 49592 1 
100.169 -23.3893 -179.897 0.25039 2.25351 -80 2 -25 10 49593 1 
100.16 -23.3893 -179.897 0.25039 2.25351 -80 2 -25 10 49594 1 
100.152 -23.3893 -179.897 0.25039 2.25351 -80 2 -25 10 49595 1 
100.144 -23.3893 -179.897 0.25039 2.25351 -80 2 -25 10 49596 1 
100.135 -23.3894 -179.897 0.25039 2.25351 -80 2 -25 10 49597 1 
100.127 -23.3894 -179.897 0.25039 2.25351 -80 2 -25 10 49598 1 
100.119 -23.3894 -179.897 0.25039 2.25351 -80 2 -25 10 49599 1 
100.11 -23.3894 -179.897 0.25039 2.25351 -80 2 -25 10 49600 1 
100.102 -23.3894 -179.897 0.25039 2.25351 -80 2 -25 10 49601 1 
100.094 -23.3894 -179.897 0.25039 2.25351 -80 2 -25 10 49602 1 
100.085 -23.3894 -179.897 0.25039 2.25351 -80 2 -25 10 49603 1 
100.077 -23.3895 -179.897 0.25039 2.25351 -80 2 -25 10 49604 1 
100.069 -23.3895 -179.897 0.25039 2.25351 -80 2 -25 10 49605 1 
100.06 -23.3895 -179.897 0.25039 2.25351 -80 2 -25 10 49606 1 
100.052 -23.3895 -179.897 0.25039 2.25351 -80 2 -25 10 49607 1 
100.044 -23.3895 -179.897 0.25039 2.25351 -80 2 -25 10 49608 1 
100.035 -23.3895 -179.897 0.25039 2.25351 -80 2 -25 10 49609 1 
100.027 -23.3895 -179.897 0.25039 2.25351 -80 2 -25 10 49610 1 
100.019 -23.3896 -179.897 0.25039 2.25351 -80 2 -25 10 49611 1 
100.01 -23.3896 -179.897 0.25039 2.25351 -80 2 -25 10 49612 1 
100.002 -23.3896 -179.897 0.25039 2.25351 -80 2 -25 10 49613 1 
99.9935 -23.3896 -179.897 0.25039 2.25351 -80 2 -25 10 49614 1 
99.9852 -23.3896 -179.897 0.25039 2.25351 -80 2 -25 10 49615 1 
99.9768 -23.3896 -179.897 0.25039 2.25351 -80 2 -25 10 49616 1 
99.9685 -23.3897 -179.897 0.25039 2.25351 -80 2 -25 10 49617 1 
99.9601 -23.3897 -179.897 0.25039 2.25351 -80 2 -25 10 49618 1 
99.9518 -23.3897 -179.897 0.25039 2.25351 -80 2 -25 10 49619 1 
99.9434 -23.3897 -179.897 0.25039 2.25351 -80 2 -25 10 49620 1 
99.9351 -23.3897 -179.897 0.25039 2.25351 -80 2 -25 10 49621 1 
99.9268 -23.3897 -179.897 0.25039 2.25351 -80 2 -25 10 49622 1 
99.9184 -23.3897 -179.897 0.25039 2.25351 -80 2 -25 10 49623 1 
99.9101 -23.3898 -179.897 0.25039 2.25351 -80 2 -25 10 49624 1 
99.9017 -23.3898 -179.897 0.25039 2.25351 -80 2 -25 10 49625 1 
99.8934 -23.3898 -179.897 0.25039 2.25351 -80 2 -25 10 49626 1 
99.885 -23.3898 -179.897 0.25039 2.25351 -80 2 -25 10 49627 1 
99.8767 -23.3898 -179.897 0.25039 2.25351 -80 2 -25 10 49628 1 
99.8683 -23.3898 -179.897 0.25039 2.25351 -80 2 -25 10 49629 1 
99.86 -23.3899 -179.897 0.25039 2.25351 -80 2 -25 10 49630 1 
99.8516 -23.3899 -179.897 0.25039 2.25351 -80 2 -25 10 49631 1 
99.8433 -23.3899 -179.897 0.25039 2.25351 -80 2 -25 10 49632 1 
99.8349 -23.3899 -179.897 0.25039 2.25351 -80 2 -25 10 49633 1 
99.8266 -23.3899 -179.897 0.25039 2.25351 -80 2 -25 10 49634 1 
99.8182 -23.3899 -179.897 0.25039 2.25351 -80 2 -25 10 49635 1 
99.8099 -23.3899 -179.897 0.25039 2.25351 -80 2 -25 10 49636 1 
99.8016 -23.39 -179.897 0.25039 2.25351 -80 2 -25 10 49637 1 
99.7932 -23.39 -179.897 0.25039 2.25351 -80 2 -25 10 49638 1 
99.7849 -23.39 -179.897 0.25039 2.25351 -80 2 -25 10 49639 1 
99.7765 -23.39 -179.897 0.25039 2.25351 -80 2 -25 10 49640 1 
99.7682 -23.39 -179.897 0.25039 2.25351 -80 2 -25 10 49641 1 
99.7598 -23.39 -179.897 0.25039 2.25351 -80 2 -25 10 49642 1 
99.7515 -23.3901 -179.897 0.25039 2.25351 -80 2 -25 10 49643 1 
99.7431 -23.3901 -179.897 0.25039 2.25351 -80 2 -25 10 49644 1 
99.7348 -23.3901 -179.897 0.25039 2.25351 -80 2 -25 10 49645 1 
99.7264 -23.3901 -179.897 0.25039 2.25351 -80 2 -25 10 49646 1 
99.7181 -23.3901 -179.897 0.25039 2.25351 -80 2 -25 10 49647 1 
99.7097 -23.3901 -179.897 0.25039 2.25351 -80 2 -25 10 49648 1 
99.7014 -23.3901 -179.897 0.25039 2.25351 -80 2 -25 10 49649 1 
99.693 -23.3902 -179.897 0.25039 2.25351 -80 2 -25 10 49650 1 
99.6847 -23.3902 -179.897 0.25039 2.25351 -80 2 -25 10 49651 1 
99.6764 -23.3902 -179.897 0.25039 2.25351 -80 2 -25 10 49652 1 
99.668 -23.3902 -179.897 0.25039 2.25351 -80 2 -25 10 49653 1 
99.6597 -23.3902 -179.897 0.25039 2.25351 -80 2 -25 10 49654 1 
99.6513 -23.3902 -179.897 0.25039 2.25351 -80 2 -25 10 49655 1 
99.643 -23.3903 -179.897 0.25039 2.25351 -80 2 -25 10 49656 1 
99.6346 -23.3903 -179.897 0.25039 2.25351 -80 2 -25 10 49657 1 
99.6263 -23.3903 -179.897 0.25039 2.25351 -80 2 -25 10 49658 1 
99.6179 -23.3903 -179.897 0.25039 2.25351 -80 2 -25 10 49659 1 
99.6096 -23.3903 -179.897 0.25039 2.25351 -80 2 -25 10 49660 1 
99.6012 -23.3903 -179.897 0.25039 2.25351 -80 2 -25 10 49661 1 
99.5929 -23.3903 -179.897 0.25039 2.25351 -80 2 -25 10 49662 1 
99.5845 -23.3904 -179.897 0.25039 2.25351 -80 2 -25 10 49663 1 
99.5762 -23.3904 -179.897 0.25039 2.25351 -80 2 -25 10 49664 1 
99.5678 -23.3904 -179.897 0.25039 2.25351 -80 2 -25 10 49665 1 
99.5595 -23.3904 -179.897 0.25039 2.25351 -80 2 -25 10 49666 1 
99.5512 -23.3904 -179.897 0.25039 2.25351 -80 2 -25 10 49667 1 
99.5428 -23.3904 -179.897 0.25039 2.25351 -80 2 -25 10 49668 1 
99.5345 -23.3904 -179.897 0.25039 2.25351 -80 2 -25 10 49669 1 
99.5261 -23.3905 -179.897 0.25039 2.25351 -80 2 -25 10 49670 1 
99.5178 -23.3905 -179.897 0.25039 2.25351 -80 2 -25 10 49671 1 
99.5094 -23.3905 -179.897 0.25039 2.25351 -80 2 -25 10 49672 1 
99.5011 -23.3905 -179.897 0.25039 2.25351 -80 2 -25 10 49673 1 
99.4927 -23.3905 -179.897 0.25039 2.25351 -80 2 -25 10 49674 1 
99.4844 -23.3905 -179.897 0.25039 2.25351 -80 2 -25 10 49675 1 
99.476 -23.3906 -179.897 0.25039 2.25351 -80 2 -25 10 49676 1 
99.4677 -23.3906 -179.897 0.25039 2.25351 -80 2 -25 10 49677 1 
99.4593 -23.3906 -179.897 0.25039 2.25351 -80 2 -25 10 49678 1 
99.451 -23.3906 -179.897 0.25039 2.25351 -80 2 -25 10 49679 1 
99.4426 -23.3906 -179.897 0.25039 2.25351 -80 2 -25 10 49680 1 
99.4343 -23.3906 -179.897 0.25039 2.25351 -80 2 -25 10 49681 1 
99.426 -23.3906 -179.897 0.25039 2.25351 -80 2 -25 10 49682 1 
99.4176 -23.3907 -179.897 0.25039 2.25351 -80 2 -25 10 49683 1 
99.4093 -23.3907 -179.896 0.25039 2.25351 -80 2 -25 10 49684 1 
99.4009 -23.3907 -179.896 0.25039 2.25351 -80 2 -25 10 49685 1 
99.3926 -23.3907 -179.896 0.25039 2.25351 -80 2 -25 10 49686 1 
99.3842 -23.3907 -179.896 0.25039 2.25351 -80 2 -25 10 49687 1 
99.3759 -23.3907 -179.896 0.25039 2.25351 -80 2 -25 10 49688 1 
99.3675 -23.3908 -179.896 0.25039 2.25351 -80 2 -25 10 49689 1 
99.3592 -23.3908 -179.896 0.25039 2.25351 -80 2 -25 10 49690 1 
99.3508 -23.3908 -179.896 0.25039 2.25351 -80 2 -25 10 49691 1 
99.3425 -23.3908 -179.896 0.25039 2.25351 -80 2 -25 10 49692 1 
99.3341 -23.3908 -179.896 0.25039 2.25351 -80 2 -25 10 49693 1 
99.3258 -23.3908 -179.896 0.25039 2.25351 -80 2 -25 10 49694 1 
99.3175 -23.3908 -179.896 0.25039 2.25351 -80 2 -25 10 49695 1 
99.3091 -23.3909 -179.896 0.25039 2.25351 -80 2 -25 10 49696 1 
99.3008 -23.3909 -179.896 0.25039 2.25351 -80 2 -25 10 49697 1 
99.2924 -23.3909 -179.896 0.25039 2.25351 -80 2 -25 10 49698 1 
99.2841 -23.3909 -179.896 0.25039 2.25351 -80 2 -25 10 49699 1 
99.2757 -23.3909 -179.896 0.25039 2.25351 -80 2 -25 10 49700 1 
99.2674 -23.3909 -179.896 0.25039 2.25351 -80 2 -25 10 49701 1 
99.259 -23.391 -179.896 0.25039 2.25351 -80 2 -25 10 49702 1 
99.2507 -23.391 -179.896 0.25039 2.25351 -80 2 -25 10 49703 1 
99.2423 -23.391 -179.896 0.25039 2.25351 -80 2 -25 10 49704 1 
99.234 -23.391 -179.896 0.25039 2.25351 -80 2 -25 10 49705 1 
99.2256 -23.391 -179.896 0.25039 2.25351 -80 2 -25 10 49706 1 
99.2173 -23.391 -179.896 0.25039 2.25351 -80 2 -25 10 49707 1 
99.2089 -23.391 -179.896 0.25039 2.25351 -80 2 -25 10 49708 1 
99.2006 -23.3911 -179.896 0.25039 2.25351 -80 2 -25 10 49709 1 
99.1923 -23.3911 -179.896 0.25039 2.25351 -80 2 -25 10 49710 1 
99.1839 -23.3911 -179.896 0.25039 2.25351 -80 2 -25 10 49711 1 
99.1756 -23.3911 -179.896 0.25039 2.25351 -80 2 -25 10 49712 1 
99.1672 -23.3911 -179.896 0.25039 2.25351 -80 2 -25 10 49713 1 
99.1589 -23.3911 -179.896 0.25039 2.25351 -80 2 -25 10 49714 1 
99.1505 -23.3912 -179.896 0.25039 2.25351 -80 2 -25 10 49715 1 
99.1422 -23.3912 -179.896 0.25039 2.25351 -80 2 -25 10 49716 1 
99.1338 -23.3912 -179.896 0.25039 2.25351 -80 2 -25 10 49717 1 
99.1255 -23.3912 -179.896 0.25039 2.25351 -80 2 -25 10 49718 1 
99.1171 -23.3912 -179.896 0.25039 2.25351 -80 2 -25 10 49719 1 
99.1088 -23.3912 -179.896 0.25039 2.25351 -80 2 -25 10 49720 1 
99.1004 -23.3912 -179.896 0.25039 2.25351 -80 2 -25 10 49721 1 
99.0921 -23.3913 -179.896 0.25039 2.25351 -80 2 -25 10 49722 1 
99.0837 -23.3913 -179.896 0.25039 2.25351 -80 2 -25 10 49723 1 
99.0754 -23.3913 -179.896 0.25039 2.25351 -80 2 -25 10 49724 1 
99.0671 -23.3913 -179.896 0.25039 2.25351 -80 2 -25 10 49725 1 
99.0587 -23.3913 -179.896 0.25039 2.25351 -80 2 -25 10 49726 1 
99.0504 -23.3913 -179.896 0.25039 2.25351 -80 2 -25 10 49727 1 
99.042 -23.3913 -179.896 0.25039 2.25351 -80 2 -25 10 49728 1 
99.0337 -23.3914 -179.896 0.25039 2.25351 -80 2 -25 10 49729 1 
99.0253 -23.3914 -179.896 0.25039 2.25351 -80 2 -25 10 49730 1 
99.017 -23.3914 -179.896 0.25039 2.25351 -80 2 -25 10 49731 1 
99.0086 -23.3914 -179.896 0.25039 2.25351 -80 2 -25 10 49732 1 
99.0003 -23.3914 -179.896 0.25039 2.25351 -80 2 -25 10 49733 1 
98.9919 -23.3914 -179.896 0.25039 2.25351 -80 2 -25 10 49734 1 
98.9836 -23.3915 -179.896 0.25039 2.25351 -80 2 -25 10 49735 1 
98.9752 -23.3915 -179.896 0.25039 2.25351 -80 2 -25 10 49736 1 
98.9669 -23.3915 -179.896 0.25039 2.25351 -80 2 -25 10 49737 1 
98.9585 -23.3915 -179.896 0.25039 2.25351 -80 2 -25 10 49738 1 
98.9502 -23.3915 -179.896 0.25039 2.25351 -80 2 -25 10 49739 1 
98.9419 -23.3915 -179.896 0.25039 2.25351 -80 2 -25 10 49740 1 
98.9335 -23.3915 -179.896 0.25039 2.25351 -80 2 -25 10 49741 1 
98.9252 -23.3916 -179.896 0.25039 2.25351 -80 2 -25 10 49742 1 
98.9168 -23.3916 -179.896 0.25039 2.25351 -80 2 -25 10 49743 1 
98.9085 -23.3916 -179.896 0.25039 2.25351 -80 2 -25 10 49744 1 
98.9001 -23.3916 -179.896 0.25039 2.25351 -80 2 -25 10 49745 1 
98.8918 -23.3916 -179.896 0.25039 2.25351 -80 2 -25 10 49746 1 
98.8834 -23.3916 -179.896 0.25039 2.25351 -80 2 -25 10 49747 1 
98.8751 -23.3917 -179.896 0.25039 2.25351 -80 2 -25 10 49748 1 
98.8667 -23.3917 -179.896 0.25039 2.25351 -80 2 -25 10 49749 1 
98.8584 -23.3917 -179.896 0.25039 2.25351 -80 2 -25 10 49750 1 
98.85 -23.3917 -179.896 0.25039 2.25351 -80 2 -25 10 49751 1 
98.8417 -23.3917 -179.896 0.25039 2.25351 -80 2 -25 10 49752 1 
98.8334 -23.3917 -179.896 0.25039 2.25351 -80 2 -25 10 49753 1 
98.825 -23.3917 -179.896 0.25039 2.25351 -80 2 -25 10 49754 1 
98.8167 -23.3918 -179.896 0.25039 2.25351 -80 2 -25 10 49755 1 
98.8083 -23.3918 -179.896 0.25039 2.25351 -80 2 -25 10 49756 1 
98.8 -23.3918 -179.896 0.25039 2.25351 -80 2 -25 10 49757 1 
98.7916 -23.3918 -179.896 0.25039 2.25351 -80 2 -25 10 49758 1 
98.7833 -23.3918 -179.896 0.25039 2.25351 -80 2 -25 10 49759 1 
98.7749 -23.3918 -179.896 0.25039 2.25351 -80 2 -25 10 49760 1 
98.7666 -23.3919 -179.896 0.25039 2.25351 -80 2 -25 10 49761 1 
98.7582 -23.3919 -179.896 0.25039 2.25351 -80 2 -25 10 49762 1 
98.7499 -23.3919 -179.896 0.25039 2.25351 -80 2 -25 10 49763 1 
98.7415 -23.3919 -179.896 0.25039 2.25351 -80 2 -25 10 49764 1 
98.7332 -23.3919 -179.896 0.25039 2.25351 -80 2 -25 10 49765 1 
98.7248 -23.3919 -179.896 0.25039 2.25351 -80 2 -25 10 49766 1 
98.7165 -23.3919 -179.896 0.25039 2.25351 -80 2 -25 10 49767 1 
98.7082 -23.392 -179.896 0.25039 2.25351 -80 2 -25 10 49768 1 
98.6998 -23.392 -179.896 0.25039 2.25351 -80 2 -25 10 49769 1 
98.6915 -23.392 -179.896 0.25039 2.25351 -80 2 -25 10 49770 1 
98.6831 -23.392 -179.896 0.25039 2.25351 -80 2 -25 10 49771 1 
98.6748 -23.392 -179.896 0.25039 2.25351 -80 2 -25 10 49772 1 
98.6664 -23.392 -179.896 0.25039 2.25351 -80 2 -25 10 49773 1 
98.6581 -23.3921 -179.896 0.25039 2.25351 -80 2 -25 10 49774 1 
98.6497 -23.3921 -179.896 0.25039 2.25351 -80 2 -25 10 49775 1 
98.6414 -23.3921 -179.896 0.25039 2.25351 -80 2 -25 10 49776 1 
98.633 -23.3921 -179.896 0.25039 2.25351 -80 2 -25 10 49777 1 
98.6247 -23.3921 -179.896 0.25039 2.25351 -80 2 -25 10 49778 1 
98.6163 -23.3921 -179.896 0.25039 2.25351 -80 2 -25 10 49779 1 
98.608 -23.3921 -179.896 0.25039 2.25351 -80 2 -25 10 49780 1 
98.5996 -23.3922 -179.896 0.25039 2.25351 -80 2 -25 10 49781 1 
98.5913 -23.3922 -179.896 0.25039 2.25351 -80 2 -25 10 49782 1 
98.583 -23.3922 -179.896 0.25039 2.25351 -80 2 -25 10 49783 1 
98.5746 -23.3922 -179.896 0.25039 2.25351 -80 2 -25 10 49784 1 
98.5663 -23.3922 -179.896 0.25039 2.25351 -80 2 -25 10 49785 1 
98.5579 -23.3922 -179.896 0.25039 2.25351 -80 2 -25 10 49786 1 
98.5496 -23.3923 -179.896 0.25039 2.25351 -80 2 -25 10 49787 1 
98.5412 -23.3923 -179.896 0.25039 2.25351 -80 2 -25 10 49788 1 
98.5329 -23.3923 -179.896 0.25039 2.25351 -80 2 -25 10 49789 1 
98.5245 -23.3923 -179.896 0.25039 2.25351 -80 2 -25 10 49790 1 
98.5162 -23.3923 -179.896 0.25039 2.25351 -80 2 -25 10 49791 1 
98.5078 -23.3923 -179.896 0.25039 2.25351 -80 2 -25 10 49792 1 
98.4995 -23.3923 -179.896 0.25039 2.25351 -80 2 -25 10 49793 1 
98.4911 -23.3924 -179.896 0.25039 2.25351 -80 2 -25 10 49794 1 
98.4828 -23.3924 -179.896 0.25039 2.25351 -80 2 -25 10 49795 1 
98.4744 -23.3924 -179.896 0.25039 2.25351 -80 2 -25 10 49796 1 
98.4661 -23.3924 -179.896 0.25039 2.25351 -80 2 -25 10 49797 1 
98.4578 -23.3924 -179.896 0.25039 2.25351 -80 2 -25 10 49798 1 
98.4494 -23.3924 -179.896 0.25039 2.25351 -80 2 -25 10 49799 1 
98.4411 -23.3924 -179.896 0.25039 2.25351 -80 2 -25 10 49800 1 
98.4327 -23.3925 -179.896 0.25039 2.25351 -80 2 -25 10 49801 1 
98.4244 -23.3925 -179.896 0.25039 2.25351 -80 2 -25 10 49802 1 
98.416 -23.3925 -179.896 0.25039 2.25351 -80 2 -25 10 49803 1 
98.4077 -23.3925 -179.896 0.25039 2.25351 -80 2 -25 10 49804 1 
98.3993 -23.3925 -179.896 0.25039 2.25351 -80 2 -25 10 49805 1 
98.391 -23.3925 -179.896 0.25039 2.25351 -80 2 -25 10 49806 1 
98.3826 -23.3926 -179.896 0.25039 2.25351 -80 2 -25 10 49807 1 
98.3743 -23.3926 -179.896 0.25039 2.25351 -80 2 -25 10 49808 1 
98.3659 -23.3926 -179.896 0.25039 2.25351 -80 2 -25 10 49809 1 
98.3576 -23.3926 -179.896 0.25039 2.25351 -80 2 -25 10 49810 1 
98.3493 -23.3926 -179.896 0.25039 2.25351 -80 2 -25 10 49811 1 
98.3409 -23.3926 -179.896 0.25039 2.25351 -80 2 -25 10 49812 1 
98.3326 -23.3926 -179.896 0.25039 2.25351 -80 2 -25 10 49813 1 
98.3242 -23.3927 -179.896 0.25039 2.25351 -80 2 -25 10 49814 1 
98.3159 -23.3927 -179.896 0.25039 2.25351 -80 2 -25 10 49815 1 
98.3075 -23.3927 -179.896 0.25039 2.25351 -80 2 -25 10 49816 1 
98.2992 -23.3927 -179.896 0.25039 2.25351 -80 2 -25 10 49817 1 
98.2908 -23.3927 -179.896 0.25039 2.25351 -80 2 -25 10 49818 1 
98.2825 -23.3927 -179.896 0.25039 2.25351 -80 2 -25 10 49819 1 
98.2741 -23.3928 -179.896 0.25039 2.25351 -80 2 -25 10 49820 1 
98.2658 -23.3928 -179.896 0.25039 2.25351 -80 2 -25 10 49821 1 
98.2574 -23.3928 -179.896 0.25039 2.25351 -80 2 -25 10 49822 1 
98.2491 -23.3928 -179.896 0.25039 2.25351 -80 2 -25 10 49823 1 
98.2407 -23.3928 -179.896 0.25039 2.25351 -80 2 -25 10 49824 1 
98.2324 -23.3928 -179.896 0.25039 2.25351 -80 2 -25 10 49825 1 
98.2241 -23.3928 -179.896 0.25039 2.25351 -80 2 -25 10 49826 1 
98.2157 -23.3929 -179.896 0.25039 2.25351 -80 2 -25 10 49827 1 
98.2074 -23.3929 -179.896 0.25039 2.25351 -80 2 -25 10 49828 1 
98.199 -23.3929 -179.896 0.25039 2.25351 -80 2 -25 10 49829 1 
98.1907 -23.3929 -179.896 0.25039 2.25351 -80 2 -25 10 49830 1 
98.1823 -23.3929 -179.896 0.25039 2.25351 -80 2 -25 10 49831 1 
98.174 -23.3929 -179.896 0.25039 2.25351 -80 2 -25 10 49832 1 
98.1656 -23.393 -179.896 0.25039 2.25351 -80 2 -25 10 49833 1 
98.1573 -23.393 -179.896 0.25039 2.25351 -80 2 -25 10 49834 1 
98.1489 -23.393 -179.896 0.25039 2.25351 -80 2 -25 10 49835 1 
98.1406 -23.393 -179.896 0.25039 2.25351 -80 2 -25 10 49836 1 
98.1322 -23.393 -179.896 0.25039 2.25351 -80 2 -25 10 49837 1 
98.1239 -23.393 -179.896 0.25039 2.25351 -80 2 -25 10 49838 1 
98.1155 -23.393 -179.896 0.25039 2.25351 -80 2 -25 10 49839 1 
98.1072 -23.3931 -179.896 0.25039 2.25351 -80 2 -25 10 49840 1 
98.0989 -23.3931 -179.896 0.25039 2.25351 -80 2 -25 10 49841 1 
98.0905 -23.3931 -179.896 0.25039 2.25351 -80 2 -25 10 49842 1 
98.0822 -23.3931 -179.896 0.25039 2.25351 -80 2 -25 10 49843 1 
98.0738 -23.3931 -179.896 0.25039 2.25351 -80 2 -25 10 49844 1 
98.0655 -23.3931 -179.896 0.25039 2.25351 -80 2 -25 10 49845 1 
98.0571 -23.3932 -179.896 0.25039 2.25351 -80 2 -25 10 49846 1 
98.0488 -23.3932 -179.896 0.25039 2.25351 -80 2 -25 10 49847 1 
98.0404 -23.3932 -179.896 0.25039 2.25351 -80 2 -25 10 49848 1 
98.0321 -23.3932 -179.896 0.25039 2.25351 -80 2 -25 10 49849 1 
98.0237 -23.3932 -179.896 0.25039 2.25351 -80 2 -25 10 49850 1 
98.0154 -23.3932 -179.896 0.25039 2.25351 -80 2 -25 10 49851 1 
98.007 -23.3932 -179.896 0.25039 2.25351 -80 2 -25 10 49852 1 
97.9987 -23.3933 -179.896 0.25039 2.25351 -80 2 -25 10 49853 1 
97.9903 -23.3933 -179.896 0.25039 2.25351 -80 2 -25 10 49854 1 
97.982 -23.3933 -179.896 0.25039 2.25351 -80 2 -25 10 49855 1 
97.9737 -23.3933 -179.896 0.25039 2.25351 -80 2 -25 10 49856 1 
97.9653 -23.3933 -179.896 0.25039 2.25351 -80 2 -25 10 49857 1 
97.957 -23.3933 -179.896 0.25039 2.25351 -80 2 -25 10 49858 1 
97.9486 -23.3933 -179.896 0.25039 2.25351 -80 2 -25 10 49859 1 
97.9403 -23.3934 -179.896 0.25039 2.25351 -80 2 -25 10 49860 1 
97.9319 -23.3934 -179.896 0.25039 2.25351 -80 2 -25 10 49861 1 
97.9236 -23.3934 -179.896 0.25039 2.25351 -80 2 -25 10 49862 1 
97.9152 -23.3934 -179.896 0.25039 2.25351 -80 2 -25 10 49863 1 
97.9069 -23.3934 -179.896 0.25039 2.25351 -80 2 -25 10 49864 1 
97.8985 -23.3934 -179.896 0.25039 2.25351 -80 2 -25 10 49865 1 
97.8902 -23.3935 -179.896 0.25039 2.25351 -80 2 -25 10 49866 1 
97.8818 -23.3935 -179.896 0.25039 2.25351 -80 2 -25 10 49867 1 
97.8735 -23.3935 -179.896 0.25039 2.25351 -80 2 -25 10 49868 1 
97.8652 -23.3935 -179.896 0.25039 2.25351 -80 2 -25 10 49869 1 
97.8568 -23.3935 -179.896 0.25039 2.25351 -80 2 -25 10 49870 1 
97.8485 -23.3935 -179.896 0.25039 2.25351 -80 2 -25 10 49871 1 
97.8401 -23.3935 -179.896 0.25039 2.25351 -80 2 -25 10 49872 1 
97.8318 -23.3936 -179.896 0.25039 2.25351 -80 2 -25 10 49873 1 
97.8234 -23.3936 -179.896 0.25039 2.25351 -80 2 -25 10 49874 1 
97.8151 -23.3936 -179.896 0.25039 2.25351 -80 2 -25 10 49875 1 
97.8067 -23.3936 -179.896 0.25039 2.25351 -80 2 -25 10 49876 1 
97.7984 -23.3936 -179.896 0.25039 2.25351 -80 2 -25 10 49877 1 
97.79 -23.3936 -179.896 0.25039 2.25351 -80 2 -25 10 49878 1 
97.7817 -23.3937 -179.896 0.25039 2.25351 -80 2 -25 10 49879 1 
97.7733 -23.3937 -179.896 0.25039 2.25351 -80 2 -25 10 49880 1 
97.765 -23.3937 -179.896 0.25039 2.25351 -80 2 -25 10 49881 1 
97.7566 -23.3937 -179.896 0.25039 2.25351 -80 2 -25 10 49882 1 
97.7483 -23.3937 -179.896 0.25039 2.25351 -80 2 -25 10 49883 1 
97.74 -23.3937 -179.896 0.25039 2.25351 -80 2 -25 10 49884 1 
97.7316 -23.3937 -179.896 0.25039 2.25351 -80 2 -25 10 49885 1 
97.7233 -23.3938 -179.896 0.25039 2.25351 -80 2 -25 10 49886 1 
97.7149 -23.3938 -179.896 0.25039 2.25351 -80 2 -25 10 49887 1 
97.7066 -23.3938 -179.896 0.25039 2.25351 -80 2 -25 10 49888 1 
97.6982 -23.3938 -179.896 0.25039 2.25351 -80 2 -25 10 49889 1 
97.6899 -23.3938 -179.896 0.25039 2.25351 -80 2 -25 10 49890 1 
97.6815 -23.3938 -179.896 0.25039 2.25351 -80 2 -25 10 49891 1 
97.6732 -23.3939 -179.896 0.25039 2.25351 -80 2 -25 10 49892 1 
97.6648 -23.3939 -179.896 0.25039 2.25351 -80 2 -25 10 49893 1 
97.6565 -23.3939 -179.896 0.25039 2.25351 -80 2 -25 10 49894 1 
97.6481 -23.3939 -179.896 0.25039 2.25351 -80 2 -25 10 49895 1 
97.6398 -23.3939 -179.896 0.25039 2.25351 -80 2 -25 10 49896 1 
97.6314 -23.3939 -179.896 0.25039 2.25351 -80 2 -25 10 49897 1 
97.6231 -23.3939 -179.896 0.25039 2.25351 -80 2 -25 10 49898 1 
97.6148 -23.394 -179.896 0.25039 2.25351 -80 2 -25 10 49899 1 
97.6064 -23.394 -179.896 0.25039 2.25351 -80 2 -25 10 49900 1 
97.5981 -23.394 -179.896 0.25039 2.25351 -80 2 -25 10 49901 1 
97.5897 -23.394 -179.896 0.25039 2.25351 -80 2 -25 10 49902 1 
97.5814 -23.394 -179.896 0.25039 2.25351 -80 2 -25 10 49903 1 
97.573 -23.394 -179.896 0.25039 2.25351 -80 2 -25 10 49904 1 
97.5647 -23.3941 -179.896 0.25039 2.25351 -80 2 -25 10 49905 1 
97.5563 -23.3941 -179.896 0.25039 2.25351 -80 2 -25 10 49906 1 
97.548 -23.3941 -179.896 0.25039 2.25351 -80 2 -25 10 49907 1 
97.5396 -23.3941 -179.896 0.25039 2.25351 -80 2 -25 10 49908 1 
97.5313 -23.3941 -179.896 0.25039 2.25351 -80 2 -25 10 49909 1 
97.5229 -23.3941 -179.896 0.25039 2.25351 -80 2 -25 10 49910 1 
97.5146 -23.3941 -179.896 0.25039 2.25351 -80 2 -25 10 49911 1 
97.5062 -23.3942 -179.896 0.25039 2.25351 -80 2 -25 10 49912 1 
97.4979 -23.3942 -179.896 0.25039 2.25351 -80 2 -25 10 49913 1 
97.4896 -23.3942 -179.896 0.25039 2.25351 -80 2 -25 10 49914 1 
97.4812 -23.3942 -179.896 0.25039 2.25351 -80 2 -25 10 49915 1 
97.4729 -23.3942 -179.896 0.25039 2.25351 -80 2 -25 10 49916 1 
97.4645 -23.3942 -179.896 0.25039 2.25351 -80 2 -25 10 49917 1 
97.4562 -23.3942 -179.896 0.25039 2.25351 -80 2 -25 10 49918 1 
97.4478 -23.3943 -179.896 0.25039 2.25351 -80 2 -25 10 49919 1 
97.4395 -23.3943 -179.896 0.25039 2.25351 -80 2 -25 10 49920 1 
97.4311 -23.3943 -179.896 0.25039 2.25351 -80 2 -25 10 49921 1 
97.4228 -23.3943 -179.896 0.25039 2.25351 -80 2 -25 10 49922 1 
97.4144 -23.3943 -179.896 0.25039 2.25351 -80 2 -25 10 49923 1 
97.4061 -23.3943 -179.896 0.25039 2.25351 -80 2 -25 10 49924 1 
97.3977 -23.3944 -179.896 0.25039 2.25351 -80 2 -25 10 49925 1 
97.3894 -23.3944 -179.896 0.25039 2.25351 -80 2 -25 10 49926 1 
97.3811 -23.3944 -179.896 0.25039 2.25351 -80 2 -25 10 49927 1 
97.3727 -23.3944 -179.896 0.25039 2.25351 -80 2 -25 10 49928 1 
97.3644 -23.3944 -179.896 0.25039 2.25351 -80 2 -25 10 49929 1 
97.356 -23.3944 -179.896 0.25039 2.25351 -80 2 -25 10 49930 1 
97.3477 -23.3944 -179.896 0.25039 2.25351 -80 2 -25 10 49931 1 
97.3393 -23.3945 -179.896 0.25039 2.25351 -80 2 -25 10 49932 1 
97.331 -23.3945 -179.896 0.25039 2.25351 -80 2 -25 10 49933 1 
97.3226 -23.3945 -179.896 0.25039 2.25351 -80 2 -25 10 49934 1 
97.3143 -23.3945 -179.896 0.25039 2.25351 -80 2 -25 10 49935 1 
97.3059 -23.3945 -179.896 0.25039 2.25351 -80 2 -25 10 49936 1 
97.2976 -23.3945 -179.896 0.25039 2.25351 -80 2 -25 10 49937 1 
97.2892 -23.3946 -179.896 0.25039 2.25351 -80 2 -25 10 49938 1 
97.2809 -23.3946 -179.895 0.25039 2.25351 -80 2 -25 10 49939 1 
97.2725 -23.3946 -179.895 0.25039 2.25351 -80 2 -25 10 49940 1 
97.2642 -23.3946 -179.895 0.25039 2.25351 -80 2 -25 10 49941 1 
97.2559 -23.3946 -179.895 0.25039 2.25351 -80 2 -25 10 49942 1 
97.2475 -23.3946 -179.895 0.25039 2.25351 -80 2 -25 10 49943 1 
97.2392 -23.3946 -179.895 0.25039 2.25351 -80 2 -25 10 49944 1 
97.2308 -23.3947 -179.895 0.25039 2.25351 -80 2 -25 10 49945 1 
97.2225 -23.3947 -179.895 0.25039 2.25351 -80 2 -25 10 49946 1 
97.2141 -23.3947 -179.895 0.25039 2.25351 -80 2 -25 10 49947 1 
97.2058 -23.3947 -179.895 0.25039 2.25351 -80 2 -25 10 49948 1 
97.1974 -23.3947 -179.895 0.25039 2.25351 -80 2 -25 10 49949 1 
97.1891 -23.3947 -179.895 0.25039 2.25351 -80 2 -25 10 49950 1 
97.1807 -23.3948 -179.895 0.25039 2.25351 -80 2 -25 10 49951 1 
97.1724 -23.3948 -179.895 0.25039 2.25351 -80 2 -25 10 49952 1 
97.164 -23.3948 -179.895 0.25039 2.25351 -80 2 -25 10 49953 1 
97.1557 -23.3948 -179.895 0.25039 2.25351 -80 2 -25 10 49954 1 
97.1473 -23.3948 -179.895 0.25039 2.25351 -80 2 -25 10 49955 1 
97.139 -23.3948 -179.895 0.25039 2.25351 -80 2 -25 10 49956 1 
97.1307 -23.3948 -179.895 0.25039 2.25351 -80 2 -25 10 49957 1 
97.1223 -23.3949 -179.895 0.25039 2.25351 -80 2 -25 10 49958 1 
97.114 -23.3949 -179.895 0.25039 2.25351 -80 2 -25 10 49959 1 
97.1056 -23.3949 -179.895 0.25039 2.25351 -80 2 -25 10 49960 1 
97.0973 -23.3949 -179.895 0.25039 2.25351 -80 2 -25 10 49961 1 
97.0889 -23.3949 -179.895 0.25039 2.25351 -80 2 -25 10 49962 1 
97.0806 -23.3949 -179.895 0.25039 2.25351 -80 2 -25 10 49963 1 
97.0722 -23.395 -179.895 0.25039 2.25351 -80 2 -25 10 49964 1 
97.0639 -23.395 -179.895 0.25039 2.25351 -80 2 -25 10 49965 1 
97.0555 -23.395 -179.895 0.25039 2.25351 -80 2 -25 10 49966 1 
97.0472 -23.395 -179.895 0.25039 2.25351 -80 2 -25 10 49967 1 
97.0388 -23.395 -179.895 0.25039 2.25351 -80 2 -25 10 49968 1 
97.0305 -23.395 -179.895 0.25039 2.25351 -80 2 -25 10 49969 1 
97.0221 -23.395 -179.895 0.25039 2.25351 -80 2 -25 10 49970 1 
97.0138 -23.3951 -179.895 0.25039 2.25351 -80 2 -25 10 49971 1 
97.0055 -23.3951 -179.895 0.25039 2.25351 -80 2 -25 10 49972 1 
96.9971 -23.3951 -179.895 0.25039 2.25351 -80 2 -25 10 49973 1 
96.9888 -23.3951 -179.895 0.25039 2.25351 -80 2 -25 10 49974 1 
96.9804 -23.3951 -179.895 0.25039 2.25351 -80 2 -25 10 49975 1 
96.9721 -23.3951 -179.895 0.25039 2.25351 -80 2 -25 10 49976 1 
96.9637 -23.3951 -179.895 0.25039 2.25351 -80 2 -25 10 49977 1 
96.9554 -23.3952 -179.895 0.25039 2.25351 -80 2 -25 10 49978 1 
96.947 -23.3952 -179.895 0.25039 2.25351 -80 2 -25 10 49979 1 
96.9387 -23.3952 -179.895 0.25039 2.25351 -80 2 -25 10 49980 1 
96.9303 -23.3952 -179.895 0.25039 2.25351 -80 2 -25 10 49981 1 
96.922 -23.3952 -179.895 0.25039 2.25351 -80 2 -25 10 49982 1 
96.9136 -23.3952 -179.895 0.25039 2.25351 -80 2 -25 10 49983 1 
96.9053 -23.3953 -179.895 0.25039 2.25351 -80 2 -25 10 49984 1 
96.8969 -23.3953 -179.895 0.25039 2.25351 -80 2 -25 10 49985 1 
96.8886 -23.3953 -179.895 0.25039 2.25351 -80 2 -25 10 49986 1 
96.8803 -23.3953 -179.895 0.25039 2.25351 -80 2 -25 10 49987 1 
96.8719 -23.3953 -179.895 0.25039 2.25351 -80 2 -25 10 49988 1 
96.8636 -23.3953 -179.895 0.25039 2.25351 -80 2 -25 10 49989 1 
96.8552 -23.3953 -179.895 0.25039 2.25351 -80 2 -25 10 49990 1 
96.8469 -23.3954 -179.895 0.25039 2.25351 -80 2 -25 10 49991 1 
96.8385 -23.3954 -179.895 0.25039 2.25351 -80 2 -25 10 49992 1 
96.8302 -23.3954 -179.895 0.25039 2.25351 -80 2 -25 10 49993 1 
96.8218 -23.3954 -179.895 0.25039 2.25351 -80 2 -25 10 49994 1 
96.8135 -23.3954 -179.895 0.25039 2.25351 -80 2 -25 10 49995 1 
96.8051 -23.3954 -179.895 0.25039 2.25351 -80 2 -25 10 49996 1 
96.7968 -23.3955 -179.895 0.25039 2.25351 -80 2 -25 10 49997 1 
96.7884 -23.3955 -179.895 0.25039 2.25351 -80 2 -25 10 49998 1 
96.7801 -23.3955 -179.895 0.25039 2.25351 -80 2 -25 10 49999 1 
