87.0057 -21.2831 -184.295 0.257322 2.3159 -80 2 -25 10 48753 1 
86.9972 -21.2824 -184.219 0.257322 2.3159 -80 2 -25 10 48754 1 
86.9886 -21.2818 -184.145 0.257322 2.3159 -80 2 -25 10 48755 1 
86.9801 -21.2812 -184.071 0.257322 2.3159 -80 2 -25 10 48756 1 
86.9715 -21.2806 -183.999 0.257322 2.3159 -80 2 -25 10 48757 1 
86.963 -21.28 -183.928 0.257322 2.3159 -80 2 -25 10 48758 1 
86.9544 -21.2794 -183.859 0.257322 2.3159 -80 2 -25 10 48759 1 
86.9458 -21.2788 -183.79 0.257322 2.3159 -80 2 -25 10 48760 1 
86.9373 -21.2782 -183.722 0.257322 2.3159 -80 2 -25 10 48761 1 
86.9287 -21.2777 -183.656 0.257322 2.3159 -80 2 -25 10 48762 1 
86.9202 -21.2771 -183.591 0.257322 2.3159 -80 2 -25 10 48763 1 
86.9116 -21.2766 -183.527 0.257322 2.3159 -80 2 -25 10 48764 1 
86.903 -21.2761 -183.464 0.257322 2.3159 -80 2 -25 10 48765 1 
86.8945 -21.2755 -183.402 0.257322 2.3159 -80 2 -25 10 48766 1 
86.8859 -21.275 -183.341 0.257322 2.3159 -80 2 -25 10 48767 1 
86.8774 -21.2745 -183.281 0.257322 2.3159 -80 2 -25 10 48768 1 
86.8688 -21.274 -183.222 0.257322 2.3159 -80 2 -25 10 48769 1 
86.8602 -21.2736 -183.164 0.257322 2.3159 -80 2 -25 10 48770 1 
86.8517 -21.2731 -183.106 0.257322 2.3159 -80 2 -25 10 48771 1 
86.8431 -21.2726 -183.05 0.257322 2.3159 -80 2 -25 10 48772 1 
86.8345 -21.2722 -182.995 0.257322 2.3159 -80 2 -25 10 48773 1 
86.826 -21.2717 -182.941 0.257322 2.3159 -80 2 -25 10 48774 1 
86.8174 -21.2713 -182.888 0.257322 2.3159 -80 2 -25 10 48775 1 
86.8088 -21.2708 -182.835 0.257322 2.3159 -80 2 -25 10 48776 1 
86.8003 -21.2704 -182.784 0.257322 2.3159 -80 2 -25 10 48777 1 
86.7917 -21.27 -182.733 0.257322 2.3159 -80 2 -25 10 48778 1 
86.7831 -21.2696 -182.683 0.257322 2.3159 -80 2 -25 10 48779 1 
86.7746 -21.2692 -182.634 0.257322 2.3159 -80 2 -25 10 48780 1 
86.766 -21.2688 -182.586 0.257322 2.3159 -80 2 -25 10 48781 1 
86.7574 -21.2684 -182.538 0.257322 2.3159 -80 2 -25 10 48782 1 
86.7489 -21.268 -182.492 0.257322 2.3159 -80 2 -25 10 48783 1 
86.7403 -21.2677 -182.446 0.257322 2.3159 -80 2 -25 10 48784 1 
86.7317 -21.2673 -182.401 0.257322 2.3159 -80 2 -25 10 48785 1 
86.7232 -21.2669 -182.356 0.257322 2.3159 -80 2 -25 10 48786 1 
86.7146 -21.2666 -182.313 0.257322 2.3159 -80 2 -25 10 48787 1 
86.706 -21.2662 -182.27 0.257322 2.3159 -80 2 -25 10 48788 1 
86.6974 -21.2659 -182.228 0.257322 2.3159 -80 2 -25 10 48789 1 
86.6889 -21.2656 -182.186 0.257322 2.3159 -80 2 -25 10 48790 1 
86.6803 -21.2652 -182.146 0.257322 2.3159 -80 2 -25 10 48791 1 
86.6717 -21.2649 -182.105 0.257322 2.3159 -80 2 -25 10 48792 1 
86.6632 -21.2646 -182.066 0.257322 2.3159 -80 2 -25 10 48793 1 
86.6546 -21.2643 -182.027 0.257322 2.3159 -80 2 -25 10 48794 1 
86.646 -21.264 -181.989 0.257322 2.3159 -80 2 -25 10 48795 1 
86.6375 -21.2637 -181.952 0.257322 2.3159 -80 2 -25 10 48796 1 
86.6289 -21.2634 -181.915 0.257322 2.3159 -80 2 -25 10 48797 1 
86.6203 -21.2631 -181.879 0.257322 2.3159 -80 2 -25 10 48798 1 
86.6117 -21.2628 -181.843 0.257322 2.3159 -80 2 -25 10 48799 1 
86.6031 -21.2625 -181.808 0.257322 2.3159 -80 2 -25 10 48800 1 
86.5946 -21.2623 -181.773 0.257322 2.3159 -80 2 -25 10 48801 1 
86.586 -21.262 -181.74 0.257322 2.3159 -80 2 -25 10 48802 1 
86.5774 -21.2617 -181.706 0.257322 2.3159 -80 2 -25 10 48803 1 
86.5688 -21.2615 -181.673 0.257322 2.3159 -80 2 -25 10 48804 1 
86.5603 -21.2612 -181.641 0.257322 2.3159 -80 2 -25 10 48805 1 
86.5517 -21.261 -181.609 0.257322 2.3159 -80 2 -25 10 48806 1 
86.5431 -21.2608 -181.578 0.257322 2.3159 -80 2 -25 10 48807 1 
86.5345 -21.2605 -181.548 0.257322 2.3159 -80 2 -25 10 48808 1 
86.526 -21.2603 -181.518 0.257322 2.3159 -80 2 -25 10 48809 1 
86.5174 -21.2601 -181.488 0.257322 2.3159 -80 2 -25 10 48810 1 
86.5088 -21.2598 -181.459 0.257322 2.3159 -80 2 -25 10 48811 1 
86.5002 -21.2596 -181.43 0.257322 2.3159 -80 2 -25 10 48812 1 
86.4917 -21.2594 -181.402 0.257322 2.3159 -80 2 -25 10 48813 1 
86.4831 -21.2592 -181.374 0.257322 2.3159 -80 2 -25 10 48814 1 
86.4745 -21.259 -181.347 0.257322 2.3159 -80 2 -25 10 48815 1 
86.4659 -21.2588 -181.32 0.257322 2.3159 -80 2 -25 10 48816 1 
86.4574 -21.2586 -181.294 0.257322 2.3159 -80 2 -25 10 48817 1 
86.4488 -21.2584 -181.268 0.257322 2.3159 -80 2 -25 10 48818 1 
86.4402 -21.2582 -181.242 0.257322 2.3159 -80 2 -25 10 48819 1 
86.4316 -21.258 -181.217 0.257322 2.3159 -80 2 -25 10 48820 1 
86.4231 -21.2578 -181.193 0.257322 2.3159 -80 2 -25 10 48821 1 
86.4145 -21.2577 -181.169 0.257322 2.3159 -80 2 -25 10 48822 1 
86.4059 -21.2575 -181.145 0.257322 2.3159 -80 2 -25 10 48823 1 
86.3973 -21.2573 -181.121 0.257322 2.3159 -80 2 -25 10 48824 1 
86.3888 -21.2571 -181.098 0.257322 2.3159 -80 2 -25 10 48825 1 
86.3802 -21.257 -181.076 0.257322 2.3159 -80 2 -25 10 48826 1 
86.3716 -21.2568 -181.053 0.257322 2.3159 -80 2 -25 10 48827 1 
86.363 -21.2567 -181.031 0.257322 2.3159 -80 2 -25 10 48828 1 
86.3545 -21.2565 -181.01 0.257322 2.3159 -80 2 -25 10 48829 1 
86.3459 -21.2564 -180.989 0.257322 2.3159 -80 2 -25 10 48830 1 
86.3373 -21.2562 -180.968 0.257322 2.3159 -80 2 -25 10 48831 1 
86.3287 -21.2561 -180.947 0.257322 2.3159 -80 2 -25 10 48832 1 
86.3202 -21.2559 -180.927 0.257322 2.3159 -80 2 -25 10 48833 1 
86.3116 -21.2558 -180.907 0.257322 2.3159 -80 2 -25 10 48834 1 
86.303 -21.2556 -180.888 0.257322 2.3159 -80 2 -25 10 48835 1 
86.2944 -21.2555 -180.869 0.257322 2.3159 -80 2 -25 10 48836 1 
86.2859 -21.2554 -180.85 0.257322 2.3159 -80 2 -25 10 48837 1 
86.2773 -21.2553 -180.831 0.257322 2.3159 -80 2 -25 10 48838 1 
86.2687 -21.2551 -180.813 0.257322 2.3159 -80 2 -25 10 48839 1 
86.2601 -21.255 -180.795 0.257322 2.3159 -80 2 -25 10 48840 1 
86.2516 -21.2549 -180.778 0.257322 2.3159 -80 2 -25 10 48841 1 
86.243 -21.2548 -180.76 0.257322 2.3159 -80 2 -25 10 48842 1 
86.2344 -21.2547 -180.743 0.257322 2.3159 -80 2 -25 10 48843 1 
86.2258 -21.2545 -180.727 0.257322 2.3159 -80 2 -25 10 48844 1 
86.2173 -21.2544 -180.71 0.257322 2.3159 -80 2 -25 10 48845 1 
86.2087 -21.2543 -180.694 0.257322 2.3159 -80 2 -25 10 48846 1 
86.2001 -21.2542 -180.678 0.257322 2.3159 -80 2 -25 10 48847 1 
86.1915 -21.2541 -180.662 0.257322 2.3159 -80 2 -25 10 48848 1 
86.183 -21.254 -180.647 0.257322 2.3159 -80 2 -25 10 48849 1 
86.1744 -21.2539 -180.632 0.257322 2.3159 -80 2 -25 10 48850 1 
86.1658 -21.2538 -180.617 0.257322 2.3159 -80 2 -25 10 48851 1 
86.1572 -21.2537 -180.602 0.257322 2.3159 -80 2 -25 10 48852 1 
86.1487 -21.2537 -180.588 0.257322 2.3159 -80 2 -25 10 48853 1 
86.1401 -21.2536 -180.574 0.257322 2.3159 -80 2 -25 10 48854 1 
86.1315 -21.2535 -180.56 0.257322 2.3159 -80 2 -25 10 48855 1 
86.1229 -21.2534 -180.546 0.257322 2.3159 -80 2 -25 10 48856 1 
86.1143 -21.2533 -180.533 0.257322 2.3159 -80 2 -25 10 48857 1 
86.1058 -21.2532 -180.519 0.257322 2.3159 -80 2 -25 10 48858 1 
86.0972 -21.2532 -180.506 0.257322 2.3159 -80 2 -25 10 48859 1 
86.0886 -21.2531 -180.494 0.257322 2.3159 -80 2 -25 10 48860 1 
86.08 -21.253 -180.481 0.257322 2.3159 -80 2 -25 10 48861 1 
86.0715 -21.2529 -180.469 0.257322 2.3159 -80 2 -25 10 48862 1 
86.0629 -21.2529 -180.456 0.257322 2.3159 -80 2 -25 10 48863 1 
86.0543 -21.2528 -180.445 0.257322 2.3159 -80 2 -25 10 48864 1 
86.0457 -21.2527 -180.433 0.257322 2.3159 -80 2 -25 10 48865 1 
86.0372 -21.2527 -180.421 0.257322 2.3159 -80 2 -25 10 48866 1 
86.0286 -21.2526 -180.41 0.257322 2.3159 -80 2 -25 10 48867 1 
86.02 -21.2525 -180.399 0.257322 2.3159 -80 2 -25 10 48868 1 
86.0114 -21.2525 -180.388 0.257322 2.3159 -80 2 -25 10 48869 1 
86.0029 -21.2524 -180.377 0.257322 2.3159 -80 2 -25 10 48870 1 
85.9943 -21.2524 -180.366 0.257322 2.3159 -80 2 -25 10 48871 1 
85.9857 -21.2523 -180.356 0.257322 2.3159 -80 2 -25 10 48872 1 
85.9771 -21.2523 -180.345 0.257322 2.3159 -80 2 -25 10 48873 1 
85.9686 -21.2522 -180.335 0.257322 2.3159 -80 2 -25 10 48874 1 
85.96 -21.2522 -180.325 0.257322 2.3159 -80 2 -25 10 48875 1 
85.9514 -21.2521 -180.316 0.257322 2.3159 -80 2 -25 10 48876 1 
85.9428 -21.2521 -180.306 0.257322 2.3159 -80 2 -25 10 48877 1 
85.9343 -21.252 -180.296 0.257322 2.3159 -80 2 -25 10 48878 1 
85.9257 -21.252 -180.287 0.257322 2.3159 -80 2 -25 10 48879 1 
85.9171 -21.2519 -180.278 0.257322 2.3159 -80 2 -25 10 48880 1 
85.9085 -21.2519 -180.269 0.257322 2.3159 -80 2 -25 10 48881 1 
85.9 -21.2518 -180.26 0.257322 2.3159 -80 2 -25 10 48882 1 
85.8914 -21.2518 -180.251 0.257322 2.3159 -80 2 -25 10 48883 1 
85.8828 -21.2518 -180.243 0.257322 2.3159 -80 2 -25 10 48884 1 
85.8742 -21.2517 -180.234 0.257322 2.3159 -80 2 -25 10 48885 1 
85.8657 -21.2517 -180.226 0.257322 2.3159 -80 2 -25 10 48886 1 
85.8571 -21.2517 -180.218 0.257322 2.3159 -80 2 -25 10 48887 1 
85.8485 -21.2516 -180.21 0.257322 2.3159 -80 2 -25 10 48888 1 
85.8399 -21.2516 -180.202 0.257322 2.3159 -80 2 -25 10 48889 1 
85.8314 -21.2516 -180.194 0.257322 2.3159 -80 2 -25 10 48890 1 
85.8228 -21.2515 -180.187 0.257322 2.3159 -80 2 -25 10 48891 1 
85.8142 -21.2515 -180.179 0.257322 2.3159 -80 2 -25 10 48892 1 
85.8056 -21.2515 -180.172 0.257322 2.3159 -80 2 -25 10 48893 1 
85.7971 -21.2515 -180.165 0.257322 2.3159 -80 2 -25 10 48894 1 
85.7885 -21.2514 -180.158 0.257322 2.3159 -80 2 -25 10 48895 1 
85.7799 -21.2514 -180.151 0.257322 2.3159 -80 2 -25 10 48896 1 
85.7713 -21.2514 -180.144 0.257322 2.3159 -80 2 -25 10 48897 1 
85.7628 -21.2514 -180.137 0.257322 2.3159 -80 2 -25 10 48898 1 
85.7542 -21.2513 -180.13 0.257322 2.3159 -80 2 -25 10 48899 1 
85.7456 -21.2513 -180.124 0.257322 2.3159 -80 2 -25 10 48900 1 
85.737 -21.2513 -180.117 0.257322 2.3159 -80 2 -25 10 48901 1 
85.7285 -21.2513 -180.111 0.257322 2.3159 -80 2 -25 10 48902 1 
85.7199 -21.2513 -180.105 0.257322 2.3159 -80 2 -25 10 48903 1 
85.7113 -21.2513 -180.099 0.257322 2.3159 -80 2 -25 10 48904 1 
85.7027 -21.2512 -180.093 0.257322 2.3159 -80 2 -25 10 48905 1 
85.6942 -21.2512 -180.087 0.257322 2.3159 -80 2 -25 10 48906 1 
85.6856 -21.2512 -180.081 0.257322 2.3159 -80 2 -25 10 48907 1 
85.677 -21.2512 -180.075 0.257322 2.3159 -80 2 -25 10 48908 1 
85.6684 -21.2512 -180.07 0.257322 2.3159 -80 2 -25 10 48909 1 
85.6599 -21.2512 -180.064 0.257322 2.3159 -80 2 -25 10 48910 1 
85.6513 -21.2512 -180.059 0.257322 2.3159 -80 2 -25 10 48911 1 
85.6427 -21.2512 -180.053 0.257322 2.3159 -80 2 -25 10 48912 1 
85.6341 -21.2512 -180.048 0.257322 2.3159 -80 2 -25 10 48913 1 
85.6255 -21.2512 -180.043 0.257322 2.3159 -80 2 -25 10 48914 1 
85.617 -21.2511 -180.038 0.257322 2.3159 -80 2 -25 10 48915 1 
85.6084 -21.2511 -180.033 0.257322 2.3159 -80 2 -25 10 48916 1 
85.5998 -21.2511 -180.028 0.257322 2.3159 -80 2 -25 10 48917 1 
85.5912 -21.2511 -180.023 0.257322 2.3159 -80 2 -25 10 48918 1 
85.5827 -21.2511 -180.018 0.257322 2.3159 -80 2 -25 10 48919 1 
85.5741 -21.2511 -180.013 0.257322 2.3159 -80 2 -25 10 48920 1 
85.5655 -21.2511 -180.009 0.257322 2.3159 -80 2 -25 10 48921 1 
85.5569 -21.2511 -180.004 0.257322 2.3159 -80 2 -25 10 48922 1 
85.5484 -21.2511 -180 0.257322 2.3159 -80 2 -25 10 48923 1 
85.5398 -21.2511 -179.996 0.257322 2.3159 -80 2 -25 10 48924 1 
85.5312 -21.2511 -179.991 0.257322 2.3159 -80 2 -25 10 48925 1 
85.5226 -21.2511 -179.987 0.257322 2.3159 -80 2 -25 10 48926 1 
85.5141 -21.2511 -179.983 0.257322 2.3159 -80 2 -25 10 48927 1 
85.5055 -21.2511 -179.979 0.257322 2.3159 -80 2 -25 10 48928 1 
85.4969 -21.2511 -179.975 0.257322 2.3159 -80 2 -25 10 48929 1 
85.4883 -21.2511 -179.971 0.257322 2.3159 -80 2 -25 10 48930 1 
85.4798 -21.2511 -179.967 0.257322 2.3159 -80 2 -25 10 48931 1 
85.4712 -21.2511 -179.963 0.257322 2.3159 -80 2 -25 10 48932 1 
85.4626 -21.2512 -179.959 0.257322 2.3159 -80 2 -25 10 48933 1 
85.454 -21.2512 -179.956 0.257322 2.3159 -80 2 -25 10 48934 1 
85.4455 -21.2512 -179.952 0.257322 2.3159 -80 2 -25 10 48935 1 
85.4369 -21.2512 -179.948 0.257322 2.3159 -80 2 -25 10 48936 1 
85.4283 -21.2512 -179.945 0.257322 2.3159 -80 2 -25 10 48937 1 
85.4197 -21.2512 -179.941 0.257322 2.3159 -80 2 -25 10 48938 1 
85.4112 -21.2512 -179.938 0.257322 2.3159 -80 2 -25 10 48939 1 
85.4026 -21.2512 -179.935 0.257322 2.3159 -80 2 -25 10 48940 1 
85.394 -21.2512 -179.931 0.257322 2.3159 -80 2 -25 10 48941 1 
85.3854 -21.2512 -179.928 0.257322 2.3159 -80 2 -25 10 48942 1 
85.3769 -21.2512 -179.925 0.257322 2.3159 -80 2 -25 10 48943 1 
85.3683 -21.2512 -179.922 0.257322 2.3159 -80 2 -25 10 48944 1 
85.3597 -21.2513 -179.919 0.257322 2.3159 -80 2 -25 10 48945 1 
85.3511 -21.2513 -179.916 0.257322 2.3159 -80 2 -25 10 48946 1 
85.3426 -21.2513 -179.913 0.257322 2.3159 -80 2 -25 10 48947 1 
85.334 -21.2513 -179.91 0.257322 2.3159 -80 2 -25 10 48948 1 
85.3254 -21.2513 -179.907 0.257322 2.3159 -80 2 -25 10 48949 1 
85.3168 -21.2513 -179.904 0.257322 2.3159 -80 2 -25 10 48950 1 
85.3083 -21.2513 -179.901 0.257322 2.3159 -80 2 -25 10 48951 1 
85.2997 -21.2514 -179.898 0.257322 2.3159 -80 2 -25 10 48952 1 
85.2911 -21.2514 -179.896 0.257322 2.3159 -80 2 -25 10 48953 1 
85.2825 -21.2514 -179.893 0.257322 2.3159 -80 2 -25 10 48954 1 
85.274 -21.2514 -179.891 0.257322 2.3159 -80 2 -25 10 48955 1 
85.2654 -21.2514 -179.888 0.257322 2.3159 -80 2 -25 10 48956 1 
85.2568 -21.2514 -179.885 0.257322 2.3159 -80 2 -25 10 48957 1 
85.2482 -21.2514 -179.883 0.257322 2.3159 -80 2 -25 10 48958 1 
85.2397 -21.2515 -179.881 0.257322 2.3159 -80 2 -25 10 48959 1 
85.2311 -21.2515 -179.878 0.257322 2.3159 -80 2 -25 10 48960 1 
85.2225 -21.2515 -179.876 0.257322 2.3159 -80 2 -25 10 48961 1 
85.2139 -21.2515 -179.873 0.257322 2.3159 -80 2 -25 10 48962 1 
85.2054 -21.2515 -179.871 0.257322 2.3159 -80 2 -25 10 48963 1 
85.1968 -21.2516 -179.869 0.257322 2.3159 -80 2 -25 10 48964 1 
85.1882 -21.2516 -179.867 0.257322 2.3159 -80 2 -25 10 48965 1 
85.1796 -21.2516 -179.865 0.257322 2.3159 -80 2 -25 10 48966 1 
85.1711 -21.2516 -179.862 0.257322 2.3159 -80 2 -25 10 48967 1 
85.1625 -21.2516 -179.86 0.257322 2.3159 -80 2 -25 10 48968 1 
85.1539 -21.2517 -179.858 0.257322 2.3159 -80 2 -25 10 48969 1 
85.1453 -21.2517 -179.856 0.257322 2.3159 -80 2 -25 10 48970 1 
85.1367 -21.2517 -179.854 0.257322 2.3159 -80 2 -25 10 48971 1 
85.1282 -21.2517 -179.852 0.257322 2.3159 -80 2 -25 10 48972 1 
85.1196 -21.2517 -179.85 0.257322 2.3159 -80 2 -25 10 48973 1 
85.111 -21.2518 -179.849 0.257322 2.3159 -80 2 -25 10 48974 1 
85.1024 -21.2518 -179.847 0.257322 2.3159 -80 2 -25 10 48975 1 
85.0939 -21.2518 -179.845 0.257322 2.3159 -80 2 -25 10 48976 1 
85.0853 -21.2518 -179.843 0.257322 2.3159 -80 2 -25 10 48977 1 
85.0767 -21.2519 -179.841 0.257322 2.3159 -80 2 -25 10 48978 1 
85.0681 -21.2519 -179.84 0.257322 2.3159 -80 2 -25 10 48979 1 
85.0596 -21.2519 -179.838 0.257322 2.3159 -80 2 -25 10 48980 1 
85.051 -21.2519 -179.836 0.257322 2.3159 -80 2 -25 10 48981 1 
85.0424 -21.252 -179.834 0.257322 2.3159 -80 2 -25 10 48982 1 
85.0338 -21.252 -179.833 0.257322 2.3159 -80 2 -25 10 48983 1 
85.0253 -21.252 -179.831 0.257322 2.3159 -80 2 -25 10 48984 1 
85.0167 -21.252 -179.83 0.257322 2.3159 -80 2 -25 10 48985 1 
85.0081 -21.2521 -179.828 0.257322 2.3159 -80 2 -25 10 48986 1 
84.9995 -21.2521 -179.827 0.257322 2.3159 -80 2 -25 10 48987 1 
84.991 -21.2521 -179.825 0.257322 2.3159 -80 2 -25 10 48988 1 
84.9824 -21.2521 -179.824 0.257322 2.3159 -80 2 -25 10 48989 1 
84.9738 -21.2522 -179.822 0.257322 2.3159 -80 2 -25 10 48990 1 
84.9652 -21.2522 -179.821 0.257322 2.3159 -80 2 -25 10 48991 1 
84.9567 -21.2522 -179.819 0.257322 2.3159 -80 2 -25 10 48992 1 
84.9481 -21.2522 -179.818 0.257322 2.3159 -80 2 -25 10 48993 1 
84.9395 -21.2523 -179.817 0.257322 2.3159 -80 2 -25 10 48994 1 
84.9309 -21.2523 -179.815 0.257322 2.3159 -80 2 -25 10 48995 1 
84.9224 -21.2523 -179.814 0.257322 2.3159 -80 2 -25 10 48996 1 
84.9138 -21.2524 -179.813 0.257322 2.3159 -80 2 -25 10 48997 1 
84.9052 -21.2524 -179.811 0.257322 2.3159 -80 2 -25 10 48998 1 
84.8966 -21.2524 -179.81 0.257322 2.3159 -80 2 -25 10 48999 1 
84.8881 -21.2524 -179.809 0.257322 2.3159 -80 2 -25 10 49000 1 
84.8795 -21.2525 -179.808 0.257322 2.3159 -80 2 -25 10 49001 1 
84.8709 -21.2525 -179.806 0.257322 2.3159 -80 2 -25 10 49002 1 
84.8623 -21.2525 -179.805 0.257322 2.3159 -80 2 -25 10 49003 1 
84.8538 -21.2526 -179.804 0.257322 2.3159 -80 2 -25 10 49004 1 
84.8452 -21.2526 -179.803 0.257322 2.3159 -80 2 -25 10 49005 1 
84.8366 -21.2526 -179.802 0.257322 2.3159 -80 2 -25 10 49006 1 
84.828 -21.2526 -179.801 0.257322 2.3159 -80 2 -25 10 49007 1 
84.8195 -21.2527 -179.8 0.257322 2.3159 -80 2 -25 10 49008 1 
84.8109 -21.2527 -179.799 0.257322 2.3159 -80 2 -25 10 49009 1 
84.8023 -21.2527 -179.798 0.257322 2.3159 -80 2 -25 10 49010 1 
84.7937 -21.2528 -179.797 0.257322 2.3159 -80 2 -25 10 49011 1 
84.7852 -21.2528 -179.796 0.257322 2.3159 -80 2 -25 10 49012 1 
84.7766 -21.2528 -179.795 0.257322 2.3159 -80 2 -25 10 49013 1 
84.768 -21.2529 -179.794 0.257322 2.3159 -80 2 -25 10 49014 1 
84.7594 -21.2529 -179.793 0.257322 2.3159 -80 2 -25 10 49015 1 
84.7509 -21.2529 -179.792 0.257322 2.3159 -80 2 -25 10 49016 1 
84.7423 -21.2529 -179.791 0.257322 2.3159 -80 2 -25 10 49017 1 
84.7337 -21.253 -179.79 0.257322 2.3159 -80 2 -25 10 49018 1 
84.7251 -21.253 -179.789 0.257322 2.3159 -80 2 -25 10 49019 1 
84.7166 -21.253 -179.788 0.257322 2.3159 -80 2 -25 10 49020 1 
84.708 -21.2531 -179.787 0.257322 2.3159 -80 2 -25 10 49021 1 
84.6994 -21.2531 -179.786 0.257322 2.3159 -80 2 -25 10 49022 1 
84.6908 -21.2531 -179.786 0.257322 2.3159 -80 2 -25 10 49023 1 
84.6823 -21.2532 -179.785 0.257322 2.3159 -80 2 -25 10 49024 1 
84.6737 -21.2532 -179.784 0.257322 2.3159 -80 2 -25 10 49025 1 
84.6651 -21.2532 -179.783 0.257322 2.3159 -80 2 -25 10 49026 1 
84.6565 -21.2533 -179.782 0.257322 2.3159 -80 2 -25 10 49027 1 
84.6479 -21.2533 -179.782 0.257322 2.3159 -80 2 -25 10 49028 1 
84.6394 -21.2533 -179.781 0.257322 2.3159 -80 2 -25 10 49029 1 
84.6308 -21.2534 -179.78 0.257322 2.3159 -80 2 -25 10 49030 1 
84.6222 -21.2534 -179.779 0.257322 2.3159 -80 2 -25 10 49031 1 
84.6136 -21.2534 -179.779 0.257322 2.3159 -80 2 -25 10 49032 1 
84.6051 -21.2535 -179.778 0.257322 2.3159 -80 2 -25 10 49033 1 
84.5965 -21.2535 -179.777 0.257322 2.3159 -80 2 -25 10 49034 1 
84.5879 -21.2535 -179.777 0.257322 2.3159 -80 2 -25 10 49035 1 
84.5793 -21.2536 -179.776 0.257322 2.3159 -80 2 -25 10 49036 1 
84.5708 -21.2536 -179.775 0.257322 2.3159 -80 2 -25 10 49037 1 
84.5622 -21.2536 -179.775 0.257322 2.3159 -80 2 -25 10 49038 1 
84.5536 -21.2537 -179.774 0.257322 2.3159 -80 2 -25 10 49039 1 
84.545 -21.2537 -179.773 0.257322 2.3159 -80 2 -25 10 49040 1 
84.5365 -21.2537 -179.773 0.257322 2.3159 -80 2 -25 10 49041 1 
84.5279 -21.2538 -179.772 0.257322 2.3159 -80 2 -25 10 49042 1 
84.5193 -21.2538 -179.771 0.257322 2.3159 -80 2 -25 10 49043 1 
84.5107 -21.2538 -179.771 0.257322 2.3159 -80 2 -25 10 49044 1 
84.5022 -21.2539 -179.77 0.257322 2.3159 -80 2 -25 10 49045 1 
84.4936 -21.2539 -179.77 0.257322 2.3159 -80 2 -25 10 49046 1 
84.485 -21.2539 -179.769 0.257322 2.3159 -80 2 -25 10 49047 1 
84.4764 -21.254 -179.769 0.257322 2.3159 -80 2 -25 10 49048 1 
84.4679 -21.254 -179.768 0.257322 2.3159 -80 2 -25 10 49049 1 
84.4593 -21.254 -179.767 0.257322 2.3159 -80 2 -25 10 49050 1 
84.4507 -21.2541 -179.767 0.257322 2.3159 -80 2 -25 10 49051 1 
84.4421 -21.2541 -179.766 0.257322 2.3159 -80 2 -25 10 49052 1 
84.4336 -21.2541 -179.766 0.257322 2.3159 -80 2 -25 10 49053 1 
84.425 -21.2542 -179.765 0.257322 2.3159 -80 2 -25 10 49054 1 
84.4164 -21.2542 -179.765 0.257322 2.3159 -80 2 -25 10 49055 1 
84.4078 -21.2542 -179.764 0.257322 2.3159 -80 2 -25 10 49056 1 
84.3993 -21.2543 -179.764 0.257322 2.3159 -80 2 -25 10 49057 1 
84.3907 -21.2543 -179.763 0.257322 2.3159 -80 2 -25 10 49058 1 
84.3821 -21.2544 -179.763 0.257322 2.3159 -80 2 -25 10 49059 1 
84.3735 -21.2544 -179.763 0.257322 2.3159 -80 2 -25 10 49060 1 
84.365 -21.2544 -179.762 0.257322 2.3159 -80 2 -25 10 49061 1 
84.3564 -21.2545 -179.762 0.257322 2.3159 -80 2 -25 10 49062 1 
84.3478 -21.2545 -179.761 0.257322 2.3159 -80 2 -25 10 49063 1 
84.3392 -21.2545 -179.761 0.257322 2.3159 -80 2 -25 10 49064 1 
84.3307 -21.2546 -179.76 0.257322 2.3159 -80 2 -25 10 49065 1 
84.3221 -21.2546 -179.76 0.257322 2.3159 -80 2 -25 10 49066 1 
84.3135 -21.2546 -179.76 0.257322 2.3159 -80 2 -25 10 49067 1 
84.3049 -21.2547 -179.759 0.257322 2.3159 -80 2 -25 10 49068 1 
84.2964 -21.2547 -179.759 0.257322 2.3159 -80 2 -25 10 49069 1 
84.2878 -21.2548 -179.758 0.257322 2.3159 -80 2 -25 10 49070 1 
84.2792 -21.2548 -179.758 0.257322 2.3159 -80 2 -25 10 49071 1 
84.2706 -21.2548 -179.758 0.257322 2.3159 -80 2 -25 10 49072 1 
84.2621 -21.2549 -179.757 0.257322 2.3159 -80 2 -25 10 49073 1 
84.2535 -21.2549 -179.757 0.257322 2.3159 -80 2 -25 10 49074 1 
84.2449 -21.2549 -179.757 0.257322 2.3159 -80 2 -25 10 49075 1 
84.2363 -21.255 -179.756 0.257322 2.3159 -80 2 -25 10 49076 1 
84.2278 -21.255 -179.756 0.257322 2.3159 -80 2 -25 10 49077 1 
84.2192 -21.255 -179.756 0.257322 2.3159 -80 2 -25 10 49078 1 
84.2106 -21.2551 -179.755 0.257322 2.3159 -80 2 -25 10 49079 1 
84.202 -21.2551 -179.755 0.257322 2.3159 -80 2 -25 10 49080 1 
84.1935 -21.2552 -179.755 0.257322 2.3159 -80 2 -25 10 49081 1 
84.1849 -21.2552 -179.754 0.257322 2.3159 -80 2 -25 10 49082 1 
84.1763 -21.2552 -179.754 0.257322 2.3159 -80 2 -25 10 49083 1 
84.1677 -21.2553 -179.754 0.257322 2.3159 -80 2 -25 10 49084 1 
84.1591 -21.2553 -179.753 0.257322 2.3159 -80 2 -25 10 49085 1 
84.1506 -21.2553 -179.753 0.257322 2.3159 -80 2 -25 10 49086 1 
84.142 -21.2554 -179.753 0.257322 2.3159 -80 2 -25 10 49087 1 
84.1334 -21.2554 -179.752 0.257322 2.3159 -80 2 -25 10 49088 1 
84.1248 -21.2554 -179.752 0.257322 2.3159 -80 2 -25 10 49089 1 
84.1163 -21.2555 -179.752 0.257322 2.3159 -80 2 -25 10 49090 1 
84.1077 -21.2555 -179.752 0.257322 2.3159 -80 2 -25 10 49091 1 
84.0991 -21.2556 -179.751 0.257322 2.3159 -80 2 -25 10 49092 1 
84.0905 -21.2556 -179.751 0.257322 2.3159 -80 2 -25 10 49093 1 
84.082 -21.2556 -179.751 0.257322 2.3159 -80 2 -25 10 49094 1 
84.0734 -21.2557 -179.75 0.257322 2.3159 -80 2 -25 10 49095 1 
84.0648 -21.2557 -179.75 0.257322 2.3159 -80 2 -25 10 49096 1 
84.0562 -21.2557 -179.75 0.257322 2.3159 -80 2 -25 10 49097 1 
84.0477 -21.2558 -179.75 0.257322 2.3159 -80 2 -25 10 49098 1 
84.0391 -21.2558 -179.749 0.257322 2.3159 -80 2 -25 10 49099 1 
84.0305 -21.2559 -179.749 0.257322 2.3159 -80 2 -25 10 49100 1 
84.0219 -21.2559 -179.749 0.257322 2.3159 -80 2 -25 10 49101 1 
84.0134 -21.2559 -179.749 0.257322 2.3159 -80 2 -25 10 49102 1 
84.0048 -21.256 -179.749 0.257322 2.3159 -80 2 -25 10 49103 1 
83.9962 -21.256 -179.748 0.257322 2.3159 -80 2 -25 10 49104 1 
83.9876 -21.256 -179.748 0.257322 2.3159 -80 2 -25 10 49105 1 
83.9791 -21.2561 -179.748 0.257322 2.3159 -80 2 -25 10 49106 1 
83.9705 -21.2561 -179.748 0.257322 2.3159 -80 2 -25 10 49107 1 
83.9619 -21.2562 -179.747 0.257322 2.3159 -80 2 -25 10 49108 1 
83.9533 -21.2562 -179.747 0.257322 2.3159 -80 2 -25 10 49109 1 
83.9448 -21.2562 -179.747 0.257322 2.3159 -80 2 -25 10 49110 1 
83.9362 -21.2563 -179.747 0.257322 2.3159 -80 2 -25 10 49111 1 
83.9276 -21.2563 -179.747 0.257322 2.3159 -80 2 -25 10 49112 1 
83.919 -21.2564 -179.746 0.257322 2.3159 -80 2 -25 10 49113 1 
83.9105 -21.2564 -179.746 0.257322 2.3159 -80 2 -25 10 49114 1 
83.9019 -21.2564 -179.746 0.257322 2.3159 -80 2 -25 10 49115 1 
83.8933 -21.2565 -179.746 0.257322 2.3159 -80 2 -25 10 49116 1 
83.8847 -21.2565 -179.746 0.257322 2.3159 -80 2 -25 10 49117 1 
83.8762 -21.2565 -179.746 0.257322 2.3159 -80 2 -25 10 49118 1 
83.8676 -21.2566 -179.745 0.257322 2.3159 -80 2 -25 10 49119 1 
83.859 -21.2566 -179.745 0.257322 2.3159 -80 2 -25 10 49120 1 
83.8504 -21.2567 -179.745 0.257322 2.3159 -80 2 -25 10 49121 1 
83.8419 -21.2567 -179.745 0.257322 2.3159 -80 2 -25 10 49122 1 
83.8333 -21.2567 -179.745 0.257322 2.3159 -80 2 -25 10 49123 1 
83.8247 -21.2568 -179.745 0.257322 2.3159 -80 2 -25 10 49124 1 
83.8161 -21.2568 -179.744 0.257322 2.3159 -80 2 -25 10 49125 1 
83.8076 -21.2568 -179.744 0.257322 2.3159 -80 2 -25 10 49126 1 
83.799 -21.2569 -179.744 0.257322 2.3159 -80 2 -25 10 49127 1 
83.7904 -21.2569 -179.744 0.257322 2.3159 -80 2 -25 10 49128 1 
83.7818 -21.257 -179.744 0.257322 2.3159 -80 2 -25 10 49129 1 
83.7733 -21.257 -179.744 0.257322 2.3159 -80 2 -25 10 49130 1 
83.7647 -21.257 -179.743 0.257322 2.3159 -80 2 -25 10 49131 1 
83.7561 -21.2571 -179.743 0.257322 2.3159 -80 2 -25 10 49132 1 
83.7475 -21.2571 -179.743 0.257322 2.3159 -80 2 -25 10 49133 1 
83.739 -21.2572 -179.743 0.257322 2.3159 -80 2 -25 10 49134 1 
83.7304 -21.2572 -179.743 0.257322 2.3159 -80 2 -25 10 49135 1 
83.7218 -21.2572 -179.743 0.257322 2.3159 -80 2 -25 10 49136 1 
83.7132 -21.2573 -179.743 0.257322 2.3159 -80 2 -25 10 49137 1 
83.7047 -21.2573 -179.743 0.257322 2.3159 -80 2 -25 10 49138 1 
83.6961 -21.2573 -179.742 0.257322 2.3159 -80 2 -25 10 49139 1 
83.6875 -21.2574 -179.742 0.257322 2.3159 -80 2 -25 10 49140 1 
83.6789 -21.2574 -179.742 0.257322 2.3159 -80 2 -25 10 49141 1 
83.6703 -21.2575 -179.742 0.257322 2.3159 -80 2 -25 10 49142 1 
83.6618 -21.2575 -179.742 0.257322 2.3159 -80 2 -25 10 49143 1 
83.6532 -21.2575 -179.742 0.257322 2.3159 -80 2 -25 10 49144 1 
83.6446 -21.2576 -179.742 0.257322 2.3159 -80 2 -25 10 49145 1 
83.636 -21.2576 -179.742 0.257322 2.3159 -80 2 -25 10 49146 1 
83.6275 -21.2577 -179.741 0.257322 2.3159 -80 2 -25 10 49147 1 
83.6189 -21.2577 -179.741 0.257322 2.3159 -80 2 -25 10 49148 1 
83.6103 -21.2577 -179.741 0.257322 2.3159 -80 2 -25 10 49149 1 
83.6017 -21.2578 -179.741 0.257322 2.3159 -80 2 -25 10 49150 1 
83.5932 -21.2578 -179.741 0.257322 2.3159 -80 2 -25 10 49151 1 
83.5846 -21.2578 -179.741 0.257322 2.3159 -80 2 -25 10 49152 1 
83.576 -21.2579 -179.741 0.257322 2.3159 -80 2 -25 10 49153 1 
83.5674 -21.2579 -179.741 0.257322 2.3159 -80 2 -25 10 49154 1 
83.5589 -21.258 -179.741 0.257322 2.3159 -80 2 -25 10 49155 1 
83.5503 -21.258 -179.74 0.257322 2.3159 -80 2 -25 10 49156 1 
83.5417 -21.258 -179.74 0.257322 2.3159 -80 2 -25 10 49157 1 
83.5331 -21.2581 -179.74 0.257322 2.3159 -80 2 -25 10 49158 1 
83.5246 -21.2581 -179.74 0.257322 2.3159 -80 2 -25 10 49159 1 
83.516 -21.2581 -179.74 0.257322 2.3159 -80 2 -25 10 49160 1 
83.5074 -21.2582 -179.74 0.257322 2.3159 -80 2 -25 10 49161 1 
83.4988 -21.2582 -179.74 0.257322 2.3159 -80 2 -25 10 49162 1 
83.4903 -21.2583 -179.74 0.257322 2.3159 -80 2 -25 10 49163 1 
83.4817 -21.2583 -179.74 0.257322 2.3159 -80 2 -25 10 49164 1 
83.4731 -21.2583 -179.74 0.257322 2.3159 -80 2 -25 10 49165 1 
83.4645 -21.2584 -179.74 0.257322 2.3159 -80 2 -25 10 49166 1 
83.456 -21.2584 -179.739 0.257322 2.3159 -80 2 -25 10 49167 1 
83.4474 -21.2585 -179.739 0.257322 2.3159 -80 2 -25 10 49168 1 
83.4388 -21.2585 -179.739 0.257322 2.3159 -80 2 -25 10 49169 1 
83.4302 -21.2585 -179.739 0.257322 2.3159 -80 2 -25 10 49170 1 
83.4217 -21.2586 -179.739 0.257322 2.3159 -80 2 -25 10 49171 1 
83.4131 -21.2586 -179.739 0.257322 2.3159 -80 2 -25 10 49172 1 
83.4045 -21.2586 -179.739 0.257322 2.3159 -80 2 -25 10 49173 1 
83.3959 -21.2587 -179.739 0.257322 2.3159 -80 2 -25 10 49174 1 
83.3874 -21.2587 -179.739 0.257322 2.3159 -80 2 -25 10 49175 1 
83.3788 -21.2588 -179.739 0.257322 2.3159 -80 2 -25 10 49176 1 
83.3702 -21.2588 -179.739 0.257322 2.3159 -80 2 -25 10 49177 1 
83.3616 -21.2588 -179.739 0.257322 2.3159 -80 2 -25 10 49178 1 
83.3531 -21.2589 -179.739 0.257322 2.3159 -80 2 -25 10 49179 1 
83.3445 -21.2589 -179.738 0.257322 2.3159 -80 2 -25 10 49180 1 
83.3359 -21.259 -179.738 0.257322 2.3159 -80 2 -25 10 49181 1 
83.3273 -21.259 -179.738 0.257322 2.3159 -80 2 -25 10 49182 1 
83.3188 -21.259 -179.738 0.257322 2.3159 -80 2 -25 10 49183 1 
83.3102 -21.2591 -179.738 0.257322 2.3159 -80 2 -25 10 49184 1 
83.3016 -21.2591 -179.738 0.257322 2.3159 -80 2 -25 10 49185 1 
83.293 -21.2592 -179.738 0.257322 2.3159 -80 2 -25 10 49186 1 
83.2845 -21.2592 -179.738 0.257322 2.3159 -80 2 -25 10 49187 1 
83.2759 -21.2592 -179.738 0.257322 2.3159 -80 2 -25 10 49188 1 
83.2673 -21.2593 -179.738 0.257322 2.3159 -80 2 -25 10 49189 1 
83.2587 -21.2593 -179.738 0.257322 2.3159 -80 2 -25 10 49190 1 
83.2502 -21.2594 -179.738 0.257322 2.3159 -80 2 -25 10 49191 1 
83.2416 -21.2594 -179.738 0.257322 2.3159 -80 2 -25 10 49192 1 
83.233 -21.2594 -179.738 0.257322 2.3159 -80 2 -25 10 49193 1 
83.2244 -21.2595 -179.738 0.257322 2.3159 -80 2 -25 10 49194 1 
83.2159 -21.2595 -179.738 0.257322 2.3159 -80 2 -25 10 49195 1 
83.2073 -21.2596 -179.737 0.257322 2.3159 -80 2 -25 10 49196 1 
83.1987 -21.2596 -179.737 0.257322 2.3159 -80 2 -25 10 49197 1 
83.1901 -21.2596 -179.737 0.257322 2.3159 -80 2 -25 10 49198 1 
83.1815 -21.2597 -179.737 0.257322 2.3159 -80 2 -25 10 49199 1 
83.173 -21.2597 -179.737 0.257322 2.3159 -80 2 -25 10 49200 1 
83.1644 -21.2598 -179.737 0.257322 2.3159 -80 2 -25 10 49201 1 
83.1558 -21.2598 -179.737 0.257322 2.3159 -80 2 -25 10 49202 1 
83.1472 -21.2598 -179.737 0.257322 2.3159 -80 2 -25 10 49203 1 
83.1387 -21.2599 -179.737 0.257322 2.3159 -80 2 -25 10 49204 1 
83.1301 -21.2599 -179.737 0.257322 2.3159 -80 2 -25 10 49205 1 
83.1215 -21.26 -179.737 0.257322 2.3159 -80 2 -25 10 49206 1 
83.1129 -21.26 -179.737 0.257322 2.3159 -80 2 -25 10 49207 1 
83.1044 -21.26 -179.737 0.257322 2.3159 -80 2 -25 10 49208 1 
83.0958 -21.2601 -179.737 0.257322 2.3159 -80 2 -25 10 49209 1 
83.0872 -21.2601 -179.737 0.257322 2.3159 -80 2 -25 10 49210 1 
83.0786 -21.2602 -179.737 0.257322 2.3159 -80 2 -25 10 49211 1 
83.0701 -21.2602 -179.737 0.257322 2.3159 -80 2 -25 10 49212 1 
83.0615 -21.2602 -179.737 0.257322 2.3159 -80 2 -25 10 49213 1 
83.0529 -21.2603 -179.737 0.257322 2.3159 -80 2 -25 10 49214 1 
83.0443 -21.2603 -179.737 0.257322 2.3159 -80 2 -25 10 49215 1 
83.0358 -21.2604 -179.736 0.257322 2.3159 -80 2 -25 10 49216 1 
83.0272 -21.2604 -179.736 0.257322 2.3159 -80 2 -25 10 49217 1 
83.0186 -21.2604 -179.736 0.257322 2.3159 -80 2 -25 10 49218 1 
83.01 -21.2605 -179.736 0.257322 2.3159 -80 2 -25 10 49219 1 
83.0015 -21.2605 -179.736 0.257322 2.3159 -80 2 -25 10 49220 1 
82.9929 -21.2606 -179.736 0.257322 2.3159 -80 2 -25 10 49221 1 
82.9843 -21.2606 -179.736 0.257322 2.3159 -80 2 -25 10 49222 1 
82.9757 -21.2606 -179.736 0.257322 2.3159 -80 2 -25 10 49223 1 
82.9672 -21.2607 -179.736 0.257322 2.3159 -80 2 -25 10 49224 1 
82.9586 -21.2607 -179.736 0.257322 2.3159 -80 2 -25 10 49225 1 
82.95 -21.2608 -179.736 0.257322 2.3159 -80 2 -25 10 49226 1 
82.9414 -21.2608 -179.736 0.257322 2.3159 -80 2 -25 10 49227 1 
82.9329 -21.2608 -179.736 0.257322 2.3159 -80 2 -25 10 49228 1 
82.9243 -21.2609 -179.736 0.257322 2.3159 -80 2 -25 10 49229 1 
82.9157 -21.2609 -179.736 0.257322 2.3159 -80 2 -25 10 49230 1 
82.9071 -21.261 -179.736 0.257322 2.3159 -80 2 -25 10 49231 1 
82.8986 -21.261 -179.736 0.257322 2.3159 -80 2 -25 10 49232 1 
82.89 -21.261 -179.736 0.257322 2.3159 -80 2 -25 10 49233 1 
82.8814 -21.2611 -179.736 0.257322 2.3159 -80 2 -25 10 49234 1 
82.8728 -21.2611 -179.736 0.257322 2.3159 -80 2 -25 10 49235 1 
82.8643 -21.2612 -179.736 0.257322 2.3159 -80 2 -25 10 49236 1 
82.8557 -21.2612 -179.736 0.257322 2.3159 -80 2 -25 10 49237 1 
82.8471 -21.2612 -179.736 0.257322 2.3159 -80 2 -25 10 49238 1 
82.8385 -21.2613 -179.736 0.257322 2.3159 -80 2 -25 10 49239 1 
82.83 -21.2613 -179.736 0.257322 2.3159 -80 2 -25 10 49240 1 
82.8214 -21.2614 -179.736 0.257322 2.3159 -80 2 -25 10 49241 1 
82.8128 -21.2614 -179.736 0.257322 2.3159 -80 2 -25 10 49242 1 
82.8042 -21.2614 -179.736 0.257322 2.3159 -80 2 -25 10 49243 1 
82.7957 -21.2615 -179.735 0.257322 2.3159 -80 2 -25 10 49244 1 
82.7871 -21.2615 -179.735 0.257322 2.3159 -80 2 -25 10 49245 1 
82.7785 -21.2616 -179.735 0.257322 2.3159 -80 2 -25 10 49246 1 
82.7699 -21.2616 -179.735 0.257322 2.3159 -80 2 -25 10 49247 1 
82.7614 -21.2616 -179.735 0.257322 2.3159 -80 2 -25 10 49248 1 
82.7528 -21.2617 -179.735 0.257322 2.3159 -80 2 -25 10 49249 1 
82.7442 -21.2617 -179.735 0.257322 2.3159 -80 2 -25 10 49250 1 
82.7356 -21.2618 -179.735 0.257322 2.3159 -80 2 -25 10 49251 1 
82.7271 -21.2618 -179.735 0.257322 2.3159 -80 2 -25 10 49252 1 
82.7185 -21.2618 -179.735 0.257322 2.3159 -80 2 -25 10 49253 1 
82.7099 -21.2619 -179.735 0.257322 2.3159 -80 2 -25 10 49254 1 
82.7013 -21.2619 -179.735 0.257322 2.3159 -80 2 -25 10 49255 1 
82.6927 -21.262 -179.735 0.257322 2.3159 -80 2 -25 10 49256 1 
82.6842 -21.262 -179.735 0.257322 2.3159 -80 2 -25 10 49257 1 
82.6756 -21.262 -179.735 0.257322 2.3159 -80 2 -25 10 49258 1 
82.667 -21.2621 -179.735 0.257322 2.3159 -80 2 -25 10 49259 1 
82.6584 -21.2621 -179.735 0.257322 2.3159 -80 2 -25 10 49260 1 
82.6499 -21.2622 -179.735 0.257322 2.3159 -80 2 -25 10 49261 1 
82.6413 -21.2622 -179.735 0.257322 2.3159 -80 2 -25 10 49262 1 
82.6327 -21.2622 -179.735 0.257322 2.3159 -80 2 -25 10 49263 1 
82.6241 -21.2623 -179.735 0.257322 2.3159 -80 2 -25 10 49264 1 
82.6156 -21.2623 -179.735 0.257322 2.3159 -80 2 -25 10 49265 1 
82.607 -21.2624 -179.735 0.257322 2.3159 -80 2 -25 10 49266 1 
82.5984 -21.2624 -179.735 0.257322 2.3159 -80 2 -25 10 49267 1 
82.5898 -21.2624 -179.735 0.257322 2.3159 -80 2 -25 10 49268 1 
82.5813 -21.2625 -179.735 0.257322 2.3159 -80 2 -25 10 49269 1 
82.5727 -21.2625 -179.735 0.257322 2.3159 -80 2 -25 10 49270 1 
82.5641 -21.2626 -179.735 0.257322 2.3159 -80 2 -25 10 49271 1 
82.5555 -21.2626 -179.735 0.257322 2.3159 -80 2 -25 10 49272 1 
82.547 -21.2626 -179.735 0.257322 2.3159 -80 2 -25 10 49273 1 
82.5384 -21.2627 -179.735 0.257322 2.3159 -80 2 -25 10 49274 1 
82.5298 -21.2627 -179.735 0.257322 2.3159 -80 2 -25 10 49275 1 
82.5212 -21.2628 -179.735 0.257322 2.3159 -80 2 -25 10 49276 1 
82.5127 -21.2628 -179.735 0.257322 2.3159 -80 2 -25 10 49277 1 
82.5041 -21.2628 -179.735 0.257322 2.3159 -80 2 -25 10 49278 1 
82.4955 -21.2629 -179.735 0.257322 2.3159 -80 2 -25 10 49279 1 
82.4869 -21.2629 -179.734 0.257322 2.3159 -80 2 -25 10 49280 1 
82.4784 -21.263 -179.734 0.257322 2.3159 -80 2 -25 10 49281 1 
82.4698 -21.263 -179.734 0.257322 2.3159 -80 2 -25 10 49282 1 
82.4612 -21.263 -179.734 0.257322 2.3159 -80 2 -25 10 49283 1 
82.4526 -21.2631 -179.734 0.257322 2.3159 -80 2 -25 10 49284 1 
82.4441 -21.2631 -179.734 0.257322 2.3159 -80 2 -25 10 49285 1 
82.4355 -21.2632 -179.734 0.257322 2.3159 -80 2 -25 10 49286 1 
82.4269 -21.2632 -179.734 0.257322 2.3159 -80 2 -25 10 49287 1 
82.4183 -21.2632 -179.734 0.257322 2.3159 -80 2 -25 10 49288 1 
82.4098 -21.2633 -179.734 0.257322 2.3159 -80 2 -25 10 49289 1 
82.4012 -21.2633 -179.734 0.257322 2.3159 -80 2 -25 10 49290 1 
82.3926 -21.2634 -179.734 0.257322 2.3159 -80 2 -25 10 49291 1 
82.384 -21.2634 -179.734 0.257322 2.3159 -80 2 -25 10 49292 1 
82.3755 -21.2634 -179.734 0.257322 2.3159 -80 2 -25 10 49293 1 
82.3669 -21.2635 -179.734 0.257322 2.3159 -80 2 -25 10 49294 1 
82.3583 -21.2635 -179.734 0.257322 2.3159 -80 2 -25 10 49295 1 
82.3497 -21.2636 -179.734 0.257322 2.3159 -80 2 -25 10 49296 1 
82.3412 -21.2636 -179.734 0.257322 2.3159 -80 2 -25 10 49297 1 
82.3326 -21.2636 -179.734 0.257322 2.3159 -80 2 -25 10 49298 1 
82.324 -21.2637 -179.734 0.257322 2.3159 -80 2 -25 10 49299 1 
82.3154 -21.2637 -179.734 0.257322 2.3159 -80 2 -25 10 49300 1 
82.3069 -21.2638 -179.734 0.257322 2.3159 -80 2 -25 10 49301 1 
82.2983 -21.2638 -179.734 0.257322 2.3159 -80 2 -25 10 49302 1 
82.2897 -21.2638 -179.734 0.257322 2.3159 -80 2 -25 10 49303 1 
82.2811 -21.2639 -179.734 0.257322 2.3159 -80 2 -25 10 49304 1 
82.2726 -21.2639 -179.734 0.257322 2.3159 -80 2 -25 10 49305 1 
82.264 -21.264 -179.734 0.257322 2.3159 -80 2 -25 10 49306 1 
82.2554 -21.264 -179.734 0.257322 2.3159 -80 2 -25 10 49307 1 
82.2468 -21.264 -179.734 0.257322 2.3159 -80 2 -25 10 49308 1 
82.2383 -21.2641 -179.734 0.257322 2.3159 -80 2 -25 10 49309 1 
82.2297 -21.2641 -179.734 0.257322 2.3159 -80 2 -25 10 49310 1 
82.2211 -21.2642 -179.734 0.257322 2.3159 -80 2 -25 10 49311 1 
82.2125 -21.2642 -179.734 0.257322 2.3159 -80 2 -25 10 49312 1 
82.2039 -21.2642 -179.734 0.257322 2.3159 -80 2 -25 10 49313 1 
82.1954 -21.2643 -179.734 0.257322 2.3159 -80 2 -25 10 49314 1 
82.1868 -21.2643 -179.734 0.257322 2.3159 -80 2 -25 10 49315 1 
82.1782 -21.2644 -179.734 0.257322 2.3159 -80 2 -25 10 49316 1 
82.1696 -21.2644 -179.734 0.257322 2.3159 -80 2 -25 10 49317 1 
82.1611 -21.2644 -179.734 0.257322 2.3159 -80 2 -25 10 49318 1 
82.1525 -21.2645 -179.734 0.257322 2.3159 -80 2 -25 10 49319 1 
82.1439 -21.2645 -179.734 0.257322 2.3159 -80 2 -25 10 49320 1 
82.1353 -21.2646 -179.734 0.257322 2.3159 -80 2 -25 10 49321 1 
82.1268 -21.2646 -179.734 0.257322 2.3159 -80 2 -25 10 49322 1 
82.1182 -21.2646 -179.734 0.257322 2.3159 -80 2 -25 10 49323 1 
82.1096 -21.2647 -179.734 0.257322 2.3159 -80 2 -25 10 49324 1 
82.101 -21.2647 -179.734 0.257322 2.3159 -80 2 -25 10 49325 1 
82.0925 -21.2648 -179.734 0.257322 2.3159 -80 2 -25 10 49326 1 
82.0839 -21.2648 -179.734 0.257322 2.3159 -80 2 -25 10 49327 1 
82.0753 -21.2648 -179.734 0.257322 2.3159 -80 2 -25 10 49328 1 
82.0667 -21.2649 -179.734 0.257322 2.3159 -80 2 -25 10 49329 1 
82.0582 -21.2649 -179.734 0.257322 2.3159 -80 2 -25 10 49330 1 
82.0496 -21.265 -179.734 0.257322 2.3159 -80 2 -25 10 49331 1 
82.041 -21.265 -179.734 0.257322 2.3159 -80 2 -25 10 49332 1 
82.0324 -21.265 -179.734 0.257322 2.3159 -80 2 -25 10 49333 1 
82.0239 -21.2651 -179.734 0.257322 2.3159 -80 2 -25 10 49334 1 
82.0153 -21.2651 -179.734 0.257322 2.3159 -80 2 -25 10 49335 1 
82.0067 -21.2652 -179.734 0.257322 2.3159 -80 2 -25 10 49336 1 
81.9981 -21.2652 -179.734 0.257322 2.3159 -80 2 -25 10 49337 1 
81.9896 -21.2652 -179.734 0.257322 2.3159 -80 2 -25 10 49338 1 
81.981 -21.2653 -179.734 0.257322 2.3159 -80 2 -25 10 49339 1 
81.9724 -21.2653 -179.734 0.257322 2.3159 -80 2 -25 10 49340 1 
81.9638 -21.2654 -179.734 0.257322 2.3159 -80 2 -25 10 49341 1 
81.9553 -21.2654 -179.734 0.257322 2.3159 -80 2 -25 10 49342 1 
81.9467 -21.2654 -179.734 0.257322 2.3159 -80 2 -25 10 49343 1 
81.9381 -21.2655 -179.734 0.257322 2.3159 -80 2 -25 10 49344 1 
81.9295 -21.2655 -179.734 0.257322 2.3159 -80 2 -25 10 49345 1 
81.921 -21.2656 -179.733 0.257322 2.3159 -80 2 -25 10 49346 1 
81.9124 -21.2656 -179.733 0.257322 2.3159 -80 2 -25 10 49347 1 
81.9038 -21.2656 -179.733 0.257322 2.3159 -80 2 -25 10 49348 1 
81.8952 -21.2657 -179.733 0.257322 2.3159 -80 2 -25 10 49349 1 
81.8867 -21.2657 -179.733 0.257322 2.3159 -80 2 -25 10 49350 1 
81.8781 -21.2658 -179.733 0.257322 2.3159 -80 2 -25 10 49351 1 
81.8695 -21.2658 -179.733 0.257322 2.3159 -80 2 -25 10 49352 1 
81.8609 -21.2658 -179.733 0.257322 2.3159 -80 2 -25 10 49353 1 
81.8524 -21.2659 -179.733 0.257322 2.3159 -80 2 -25 10 49354 1 
81.8438 -21.2659 -179.733 0.257322 2.3159 -80 2 -25 10 49355 1 
81.8352 -21.266 -179.733 0.257322 2.3159 -80 2 -25 10 49356 1 
81.8266 -21.266 -179.733 0.257322 2.3159 -80 2 -25 10 49357 1 
81.8181 -21.266 -179.733 0.257322 2.3159 -80 2 -25 10 49358 1 
81.8095 -21.2661 -179.733 0.257322 2.3159 -80 2 -25 10 49359 1 
81.8009 -21.2661 -179.733 0.257322 2.3159 -80 2 -25 10 49360 1 
81.7923 -21.2662 -179.733 0.257322 2.3159 -80 2 -25 10 49361 1 
81.7838 -21.2662 -179.733 0.257322 2.3159 -80 2 -25 10 49362 1 
81.7752 -21.2662 -179.733 0.257322 2.3159 -80 2 -25 10 49363 1 
81.7666 -21.2663 -179.733 0.257322 2.3159 -80 2 -25 10 49364 1 
81.758 -21.2663 -179.733 0.257322 2.3159 -80 2 -25 10 49365 1 
81.7495 -21.2664 -179.733 0.257322 2.3159 -80 2 -25 10 49366 1 
81.7409 -21.2664 -179.733 0.257322 2.3159 -80 2 -25 10 49367 1 
81.7323 -21.2664 -179.733 0.257322 2.3159 -80 2 -25 10 49368 1 
81.7237 -21.2665 -179.733 0.257322 2.3159 -80 2 -25 10 49369 1 
81.7151 -21.2665 -179.733 0.257322 2.3159 -80 2 -25 10 49370 1 
81.7066 -21.2666 -179.733 0.257322 2.3159 -80 2 -25 10 49371 1 
81.698 -21.2666 -179.733 0.257322 2.3159 -80 2 -25 10 49372 1 
81.6894 -21.2666 -179.733 0.257322 2.3159 -80 2 -25 10 49373 1 
81.6808 -21.2667 -179.733 0.257322 2.3159 -80 2 -25 10 49374 1 
81.6723 -21.2667 -179.733 0.257322 2.3159 -80 2 -25 10 49375 1 
81.6637 -21.2668 -179.733 0.257322 2.3159 -80 2 -25 10 49376 1 
81.6551 -21.2668 -179.733 0.257322 2.3159 -80 2 -25 10 49377 1 
81.6465 -21.2668 -179.733 0.257322 2.3159 -80 2 -25 10 49378 1 
81.638 -21.2669 -179.733 0.257322 2.3159 -80 2 -25 10 49379 1 
81.6294 -21.2669 -179.733 0.257322 2.3159 -80 2 -25 10 49380 1 
81.6208 -21.267 -179.733 0.257322 2.3159 -80 2 -25 10 49381 1 
81.6122 -21.267 -179.733 0.257322 2.3159 -80 2 -25 10 49382 1 
81.6037 -21.267 -179.733 0.257322 2.3159 -80 2 -25 10 49383 1 
81.5951 -21.2671 -179.733 0.257322 2.3159 -80 2 -25 10 49384 1 
81.5865 -21.2671 -179.733 0.257322 2.3159 -80 2 -25 10 49385 1 
81.5779 -21.2672 -179.733 0.257322 2.3159 -80 2 -25 10 49386 1 
81.5694 -21.2672 -179.733 0.257322 2.3159 -80 2 -25 10 49387 1 
81.5608 -21.2672 -179.733 0.257322 2.3159 -80 2 -25 10 49388 1 
81.5522 -21.2673 -179.733 0.257322 2.3159 -80 2 -25 10 49389 1 
81.5436 -21.2673 -179.733 0.257322 2.3159 -80 2 -25 10 49390 1 
81.5351 -21.2674 -179.733 0.257322 2.3159 -80 2 -25 10 49391 1 
81.5265 -21.2674 -179.733 0.257322 2.3159 -80 2 -25 10 49392 1 
81.5179 -21.2674 -179.733 0.257322 2.3159 -80 2 -25 10 49393 1 
81.5093 -21.2675 -179.733 0.257322 2.3159 -80 2 -25 10 49394 1 
81.5008 -21.2675 -179.733 0.257322 2.3159 -80 2 -25 10 49395 1 
81.4922 -21.2676 -179.733 0.257322 2.3159 -80 2 -25 10 49396 1 
81.4836 -21.2676 -179.733 0.257322 2.3159 -80 2 -25 10 49397 1 
81.475 -21.2676 -179.733 0.257322 2.3159 -80 2 -25 10 49398 1 
81.4665 -21.2677 -179.733 0.257322 2.3159 -80 2 -25 10 49399 1 
81.4579 -21.2677 -179.733 0.257322 2.3159 -80 2 -25 10 49400 1 
81.4493 -21.2678 -179.733 0.257322 2.3159 -80 2 -25 10 49401 1 
81.4407 -21.2678 -179.733 0.257322 2.3159 -80 2 -25 10 49402 1 
81.4322 -21.2678 -179.733 0.257322 2.3159 -80 2 -25 10 49403 1 
81.4236 -21.2679 -179.733 0.257322 2.3159 -80 2 -25 10 49404 1 
81.415 -21.2679 -179.733 0.257322 2.3159 -80 2 -25 10 49405 1 
81.4064 -21.268 -179.733 0.257322 2.3159 -80 2 -25 10 49406 1 
81.3979 -21.268 -179.733 0.257322 2.3159 -80 2 -25 10 49407 1 
81.3893 -21.268 -179.733 0.257322 2.3159 -80 2 -25 10 49408 1 
81.3807 -21.2681 -179.733 0.257322 2.3159 -80 2 -25 10 49409 1 
81.3721 -21.2681 -179.733 0.257322 2.3159 -80 2 -25 10 49410 1 
81.3636 -21.2682 -179.732 0.257322 2.3159 -80 2 -25 10 49411 1 
81.355 -21.2682 -179.732 0.257322 2.3159 -80 2 -25 10 49412 1 
81.3464 -21.2682 -179.732 0.257322 2.3159 -80 2 -25 10 49413 1 
81.3378 -21.2683 -179.732 0.257322 2.3159 -80 2 -25 10 49414 1 
81.3293 -21.2683 -179.732 0.257322 2.3159 -80 2 -25 10 49415 1 
81.3207 -21.2684 -179.732 0.257322 2.3159 -80 2 -25 10 49416 1 
81.3121 -21.2684 -179.732 0.257322 2.3159 -80 2 -25 10 49417 1 
81.3035 -21.2684 -179.732 0.257322 2.3159 -80 2 -25 10 49418 1 
81.295 -21.2685 -179.732 0.257322 2.3159 -80 2 -25 10 49419 1 
81.2864 -21.2685 -179.732 0.257322 2.3159 -80 2 -25 10 49420 1 
81.2778 -21.2686 -179.732 0.257322 2.3159 -80 2 -25 10 49421 1 
81.2692 -21.2686 -179.732 0.257322 2.3159 -80 2 -25 10 49422 1 
81.2607 -21.2687 -179.732 0.257322 2.3159 -80 2 -25 10 49423 1 
81.2521 -21.2687 -179.732 0.257322 2.3159 -80 2 -25 10 49424 1 
81.2435 -21.2687 -179.732 0.257322 2.3159 -80 2 -25 10 49425 1 
81.2349 -21.2688 -179.732 0.257322 2.3159 -80 2 -25 10 49426 1 
81.2263 -21.2688 -179.732 0.257322 2.3159 -80 2 -25 10 49427 1 
81.2178 -21.2689 -179.732 0.257322 2.3159 -80 2 -25 10 49428 1 
81.2092 -21.2689 -179.732 0.257322 2.3159 -80 2 -25 10 49429 1 
81.2006 -21.2689 -179.732 0.257322 2.3159 -80 2 -25 10 49430 1 
81.192 -21.269 -179.732 0.257322 2.3159 -80 2 -25 10 49431 1 
81.1835 -21.269 -179.732 0.257322 2.3159 -80 2 -25 10 49432 1 
81.1749 -21.2691 -179.732 0.257322 2.3159 -80 2 -25 10 49433 1 
81.1663 -21.2691 -179.732 0.257322 2.3159 -80 2 -25 10 49434 1 
81.1577 -21.2691 -179.732 0.257322 2.3159 -80 2 -25 10 49435 1 
81.1492 -21.2692 -179.732 0.257322 2.3159 -80 2 -25 10 49436 1 
81.1406 -21.2692 -179.732 0.257322 2.3159 -80 2 -25 10 49437 1 
81.132 -21.2693 -179.732 0.257322 2.3159 -80 2 -25 10 49438 1 
81.1234 -21.2693 -179.732 0.257322 2.3159 -80 2 -25 10 49439 1 
81.1149 -21.2693 -179.732 0.257322 2.3159 -80 2 -25 10 49440 1 
81.1063 -21.2694 -179.732 0.257322 2.3159 -80 2 -25 10 49441 1 
81.0977 -21.2694 -179.732 0.257322 2.3159 -80 2 -25 10 49442 1 
81.0891 -21.2695 -179.732 0.257322 2.3159 -80 2 -25 10 49443 1 
81.0806 -21.2695 -179.732 0.257322 2.3159 -80 2 -25 10 49444 1 
81.072 -21.2695 -179.732 0.257322 2.3159 -80 2 -25 10 49445 1 
81.0634 -21.2696 -179.732 0.257322 2.3159 -80 2 -25 10 49446 1 
81.0548 -21.2696 -179.732 0.257322 2.3159 -80 2 -25 10 49447 1 
81.0463 -21.2697 -179.732 0.257322 2.3159 -80 2 -25 10 49448 1 
81.0377 -21.2697 -179.732 0.257322 2.3159 -80 2 -25 10 49449 1 
81.0291 -21.2697 -179.732 0.257322 2.3159 -80 2 -25 10 49450 1 
81.0205 -21.2698 -179.732 0.257322 2.3159 -80 2 -25 10 49451 1 
81.012 -21.2698 -179.732 0.257322 2.3159 -80 2 -25 10 49452 1 
81.0034 -21.2699 -179.732 0.257322 2.3159 -80 2 -25 10 49453 1 
80.9948 -21.2699 -179.732 0.257322 2.3159 -80 2 -25 10 49454 1 
80.9862 -21.2699 -179.732 0.257322 2.3159 -80 2 -25 10 49455 1 
80.9777 -21.27 -179.732 0.257322 2.3159 -80 2 -25 10 49456 1 
80.9691 -21.27 -179.732 0.257322 2.3159 -80 2 -25 10 49457 1 
80.9605 -21.2701 -179.732 0.257322 2.3159 -80 2 -25 10 49458 1 
80.9519 -21.2701 -179.732 0.257322 2.3159 -80 2 -25 10 49459 1 
80.9434 -21.2701 -179.732 0.257322 2.3159 -80 2 -25 10 49460 1 
80.9348 -21.2702 -179.732 0.257322 2.3159 -80 2 -25 10 49461 1 
80.9262 -21.2702 -179.732 0.257322 2.3159 -80 2 -25 10 49462 1 
80.9176 -21.2703 -179.732 0.257322 2.3159 -80 2 -25 10 49463 1 
80.9091 -21.2703 -179.732 0.257322 2.3159 -80 2 -25 10 49464 1 
80.9005 -21.2703 -179.732 0.257322 2.3159 -80 2 -25 10 49465 1 
80.8919 -21.2704 -179.732 0.257322 2.3159 -80 2 -25 10 49466 1 
80.8833 -21.2704 -179.732 0.257322 2.3159 -80 2 -25 10 49467 1 
80.8748 -21.2705 -179.732 0.257322 2.3159 -80 2 -25 10 49468 1 
80.8662 -21.2705 -179.732 0.257322 2.3159 -80 2 -25 10 49469 1 
80.8576 -21.2705 -179.732 0.257322 2.3159 -80 2 -25 10 49470 1 
80.849 -21.2706 -179.732 0.257322 2.3159 -80 2 -25 10 49471 1 
80.8405 -21.2706 -179.732 0.257322 2.3159 -80 2 -25 10 49472 1 
80.8319 -21.2707 -179.732 0.257322 2.3159 -80 2 -25 10 49473 1 
80.8233 -21.2707 -179.732 0.257322 2.3159 -80 2 -25 10 49474 1 
80.8147 -21.2707 -179.732 0.257322 2.3159 -80 2 -25 10 49475 1 
80.8062 -21.2708 -179.732 0.257322 2.3159 -80 2 -25 10 49476 1 
80.7976 -21.2708 -179.731 0.257322 2.3159 -80 2 -25 10 49477 1 
80.789 -21.2709 -179.731 0.257322 2.3159 -80 2 -25 10 49478 1 
80.7804 -21.2709 -179.731 0.257322 2.3159 -80 2 -25 10 49479 1 
80.7719 -21.2709 -179.731 0.257322 2.3159 -80 2 -25 10 49480 1 
80.7633 -21.271 -179.731 0.257322 2.3159 -80 2 -25 10 49481 1 
80.7547 -21.271 -179.731 0.257322 2.3159 -80 2 -25 10 49482 1 
80.7461 -21.2711 -179.731 0.257322 2.3159 -80 2 -25 10 49483 1 
80.7375 -21.2711 -179.731 0.257322 2.3159 -80 2 -25 10 49484 1 
80.729 -21.2711 -179.731 0.257322 2.3159 -80 2 -25 10 49485 1 
80.7204 -21.2712 -179.731 0.257322 2.3159 -80 2 -25 10 49486 1 
80.7118 -21.2712 -179.731 0.257322 2.3159 -80 2 -25 10 49487 1 
80.7032 -21.2713 -179.731 0.257322 2.3159 -80 2 -25 10 49488 1 
80.6947 -21.2713 -179.731 0.257322 2.3159 -80 2 -25 10 49489 1 
80.6861 -21.2713 -179.731 0.257322 2.3159 -80 2 -25 10 49490 1 
80.6775 -21.2714 -179.731 0.257322 2.3159 -80 2 -25 10 49491 1 
80.6689 -21.2714 -179.731 0.257322 2.3159 -80 2 -25 10 49492 1 
80.6604 -21.2715 -179.731 0.257322 2.3159 -80 2 -25 10 49493 1 
80.6518 -21.2715 -179.731 0.257322 2.3159 -80 2 -25 10 49494 1 
80.6432 -21.2715 -179.731 0.257322 2.3159 -80 2 -25 10 49495 1 
80.6346 -21.2716 -179.731 0.257322 2.3159 -80 2 -25 10 49496 1 
80.6261 -21.2716 -179.731 0.257322 2.3159 -80 2 -25 10 49497 1 
80.6175 -21.2717 -179.731 0.257322 2.3159 -80 2 -25 10 49498 1 
80.6089 -21.2717 -179.731 0.257322 2.3159 -80 2 -25 10 49499 1 
80.6003 -21.2717 -179.731 0.257322 2.3159 -80 2 -25 10 49500 1 
80.5918 -21.2718 -179.731 0.257322 2.3159 -80 2 -25 10 49501 1 
80.5832 -21.2718 -179.731 0.257322 2.3159 -80 2 -25 10 49502 1 
80.5746 -21.2719 -179.731 0.257322 2.3159 -80 2 -25 10 49503 1 
80.566 -21.2719 -179.731 0.257322 2.3159 -80 2 -25 10 49504 1 
80.5575 -21.2719 -179.731 0.257322 2.3159 -80 2 -25 10 49505 1 
80.5489 -21.272 -179.731 0.257322 2.3159 -80 2 -25 10 49506 1 
80.5403 -21.272 -179.731 0.257322 2.3159 -80 2 -25 10 49507 1 
80.5317 -21.2721 -179.731 0.257322 2.3159 -80 2 -25 10 49508 1 
80.5232 -21.2721 -179.731 0.257322 2.3159 -80 2 -25 10 49509 1 
80.5146 -21.2721 -179.731 0.257322 2.3159 -80 2 -25 10 49510 1 
80.506 -21.2722 -179.731 0.257322 2.3159 -80 2 -25 10 49511 1 
80.4974 -21.2722 -179.731 0.257322 2.3159 -80 2 -25 10 49512 1 
80.4889 -21.2723 -179.731 0.257322 2.3159 -80 2 -25 10 49513 1 
80.4803 -21.2723 -179.731 0.257322 2.3159 -80 2 -25 10 49514 1 
80.4717 -21.2723 -179.731 0.257322 2.3159 -80 2 -25 10 49515 1 
80.4631 -21.2724 -179.731 0.257322 2.3159 -80 2 -25 10 49516 1 
80.4546 -21.2724 -179.731 0.257322 2.3159 -80 2 -25 10 49517 1 
80.446 -21.2725 -179.731 0.257322 2.3159 -80 2 -25 10 49518 1 
80.4374 -21.2725 -179.731 0.257322 2.3159 -80 2 -25 10 49519 1 
80.4288 -21.2725 -179.731 0.257322 2.3159 -80 2 -25 10 49520 1 
80.4203 -21.2726 -179.731 0.257322 2.3159 -80 2 -25 10 49521 1 
80.4117 -21.2726 -179.731 0.257322 2.3159 -80 2 -25 10 49522 1 
80.4031 -21.2727 -179.731 0.257322 2.3159 -80 2 -25 10 49523 1 
80.3945 -21.2727 -179.731 0.257322 2.3159 -80 2 -25 10 49524 1 
80.386 -21.2727 -179.731 0.257322 2.3159 -80 2 -25 10 49525 1 
80.3774 -21.2728 -179.731 0.257322 2.3159 -80 2 -25 10 49526 1 
80.3688 -21.2728 -179.731 0.257322 2.3159 -80 2 -25 10 49527 1 
80.3602 -21.2729 -179.731 0.257322 2.3159 -80 2 -25 10 49528 1 
80.3517 -21.2729 -179.731 0.257322 2.3159 -80 2 -25 10 49529 1 
80.3431 -21.2729 -179.731 0.257322 2.3159 -80 2 -25 10 49530 1 
80.3345 -21.273 -179.731 0.257322 2.3159 -80 2 -25 10 49531 1 
80.3259 -21.273 -179.731 0.257322 2.3159 -80 2 -25 10 49532 1 
80.3174 -21.2731 -179.731 0.257322 2.3159 -80 2 -25 10 49533 1 
80.3088 -21.2731 -179.731 0.257322 2.3159 -80 2 -25 10 49534 1 
80.3002 -21.2731 -179.731 0.257322 2.3159 -80 2 -25 10 49535 1 
80.2916 -21.2732 -179.731 0.257322 2.3159 -80 2 -25 10 49536 1 
80.2831 -21.2732 -179.731 0.257322 2.3159 -80 2 -25 10 49537 1 
80.2745 -21.2733 -179.731 0.257322 2.3159 -80 2 -25 10 49538 1 
80.2659 -21.2733 -179.731 0.257322 2.3159 -80 2 -25 10 49539 1 
80.2573 -21.2733 -179.731 0.257322 2.3159 -80 2 -25 10 49540 1 
80.2487 -21.2734 -179.731 0.257322 2.3159 -80 2 -25 10 49541 1 
80.2402 -21.2734 -179.731 0.257322 2.3159 -80 2 -25 10 49542 1 
80.2316 -21.2735 -179.731 0.257322 2.3159 -80 2 -25 10 49543 1 
80.223 -21.2735 -179.731 0.257322 2.3159 -80 2 -25 10 49544 1 
80.2144 -21.2735 -179.731 0.257322 2.3159 -80 2 -25 10 49545 1 
80.2059 -21.2736 -179.731 0.257322 2.3159 -80 2 -25 10 49546 1 
80.1973 -21.2736 -179.731 0.257322 2.3159 -80 2 -25 10 49547 1 
80.1887 -21.2737 -179.731 0.257322 2.3159 -80 2 -25 10 49548 1 
80.1801 -21.2737 -179.731 0.257322 2.3159 -80 2 -25 10 49549 1 
80.1716 -21.2737 -179.73 0.257322 2.3159 -80 2 -25 10 49550 1 
80.163 -21.2738 -179.73 0.257322 2.3159 -80 2 -25 10 49551 1 
80.1544 -21.2738 -179.73 0.257322 2.3159 -80 2 -25 10 49552 1 
80.1458 -21.2739 -179.73 0.257322 2.3159 -80 2 -25 10 49553 1 
80.1373 -21.2739 -179.73 0.257322 2.3159 -80 2 -25 10 49554 1 
80.1287 -21.2739 -179.73 0.257322 2.3159 -80 2 -25 10 49555 1 
80.1201 -21.274 -179.73 0.257322 2.3159 -80 2 -25 10 49556 1 
80.1115 -21.274 -179.73 0.257322 2.3159 -80 2 -25 10 49557 1 
80.103 -21.2741 -179.73 0.257322 2.3159 -80 2 -25 10 49558 1 
80.0944 -21.2741 -179.73 0.257322 2.3159 -80 2 -25 10 49559 1 
80.0858 -21.2741 -179.73 0.257322 2.3159 -80 2 -25 10 49560 1 
80.0772 -21.2742 -179.73 0.257322 2.3159 -80 2 -25 10 49561 1 
80.0687 -21.2742 -179.73 0.257322 2.3159 -80 2 -25 10 49562 1 
80.0601 -21.2743 -179.73 0.257322 2.3159 -80 2 -25 10 49563 1 
80.0515 -21.2743 -179.73 0.257322 2.3159 -80 2 -25 10 49564 1 
80.0429 -21.2743 -179.73 0.257322 2.3159 -80 2 -25 10 49565 1 
80.0344 -21.2744 -179.73 0.257322 2.3159 -80 2 -25 10 49566 1 
80.0258 -21.2744 -179.73 0.257322 2.3159 -80 2 -25 10 49567 1 
80.0172 -21.2745 -179.73 0.257322 2.3159 -80 2 -25 10 49568 1 
80.0086 -21.2745 -179.73 0.257322 2.3159 -80 2 -25 10 49569 1 
80.0001 -21.2745 -179.73 0.257322 2.3159 -80 2 -25 10 49570 1 
79.9915 -21.2746 -179.73 0.257322 2.3159 -80 2 -25 10 49571 1 
79.9829 -21.2746 -179.73 0.257322 2.3159 -80 2 -25 10 49572 1 
79.9743 -21.2747 -179.73 0.257322 2.3159 -80 2 -25 10 49573 1 
79.9658 -21.2747 -179.73 0.257322 2.3159 -80 2 -25 10 49574 1 
79.9572 -21.2747 -179.73 0.257322 2.3159 -80 2 -25 10 49575 1 
79.9486 -21.2748 -179.73 0.257322 2.3159 -80 2 -25 10 49576 1 
79.94 -21.2748 -179.73 0.257322 2.3159 -80 2 -25 10 49577 1 
79.9315 -21.2749 -179.73 0.257322 2.3159 -80 2 -25 10 49578 1 
79.9229 -21.2749 -179.73 0.257322 2.3159 -80 2 -25 10 49579 1 
79.9143 -21.2749 -179.73 0.257322 2.3159 -80 2 -25 10 49580 1 
79.9057 -21.275 -179.73 0.257322 2.3159 -80 2 -25 10 49581 1 
79.8972 -21.275 -179.73 0.257322 2.3159 -80 2 -25 10 49582 1 
79.8886 -21.2751 -179.73 0.257322 2.3159 -80 2 -25 10 49583 1 
79.88 -21.2751 -179.73 0.257322 2.3159 -80 2 -25 10 49584 1 
79.8714 -21.2751 -179.73 0.257322 2.3159 -80 2 -25 10 49585 1 
79.8629 -21.2752 -179.73 0.257322 2.3159 -80 2 -25 10 49586 1 
79.8543 -21.2752 -179.73 0.257322 2.3159 -80 2 -25 10 49587 1 
79.8457 -21.2753 -179.73 0.257322 2.3159 -80 2 -25 10 49588 1 
79.8371 -21.2753 -179.73 0.257322 2.3159 -80 2 -25 10 49589 1 
79.8286 -21.2753 -179.73 0.257322 2.3159 -80 2 -25 10 49590 1 
79.82 -21.2754 -179.73 0.257322 2.3159 -80 2 -25 10 49591 1 
79.8114 -21.2754 -179.73 0.257322 2.3159 -80 2 -25 10 49592 1 
79.8028 -21.2755 -179.73 0.257322 2.3159 -80 2 -25 10 49593 1 
79.7943 -21.2755 -179.73 0.257322 2.3159 -80 2 -25 10 49594 1 
79.7857 -21.2755 -179.73 0.257322 2.3159 -80 2 -25 10 49595 1 
79.7771 -21.2756 -179.73 0.257322 2.3159 -80 2 -25 10 49596 1 
79.7685 -21.2756 -179.73 0.257322 2.3159 -80 2 -25 10 49597 1 
79.7599 -21.2757 -179.73 0.257322 2.3159 -80 2 -25 10 49598 1 
79.7514 -21.2757 -179.73 0.257322 2.3159 -80 2 -25 10 49599 1 
79.7428 -21.2757 -179.73 0.257322 2.3159 -80 2 -25 10 49600 1 
79.7342 -21.2758 -179.73 0.257322 2.3159 -80 2 -25 10 49601 1 
79.7256 -21.2758 -179.73 0.257322 2.3159 -80 2 -25 10 49602 1 
79.7171 -21.2759 -179.73 0.257322 2.3159 -80 2 -25 10 49603 1 
79.7085 -21.2759 -179.73 0.257322 2.3159 -80 2 -25 10 49604 1 
79.6999 -21.2759 -179.73 0.257322 2.3159 -80 2 -25 10 49605 1 
79.6913 -21.276 -179.73 0.257322 2.3159 -80 2 -25 10 49606 1 
79.6828 -21.276 -179.73 0.257322 2.3159 -80 2 -25 10 49607 1 
79.6742 -21.2761 -179.73 0.257322 2.3159 -80 2 -25 10 49608 1 
79.6656 -21.2761 -179.73 0.257322 2.3159 -80 2 -25 10 49609 1 
79.657 -21.2761 -179.73 0.257322 2.3159 -80 2 -25 10 49610 1 
79.6485 -21.2762 -179.73 0.257322 2.3159 -80 2 -25 10 49611 1 
79.6399 -21.2762 -179.73 0.257322 2.3159 -80 2 -25 10 49612 1 
79.6313 -21.2763 -179.73 0.257322 2.3159 -80 2 -25 10 49613 1 
79.6227 -21.2763 -179.73 0.257322 2.3159 -80 2 -25 10 49614 1 
79.6142 -21.2763 -179.73 0.257322 2.3159 -80 2 -25 10 49615 1 
79.6056 -21.2764 -179.73 0.257322 2.3159 -80 2 -25 10 49616 1 
79.597 -21.2764 -179.73 0.257322 2.3159 -80 2 -25 10 49617 1 
79.5884 -21.2765 -179.73 0.257322 2.3159 -80 2 -25 10 49618 1 
79.5799 -21.2765 -179.73 0.257322 2.3159 -80 2 -25 10 49619 1 
79.5713 -21.2765 -179.73 0.257322 2.3159 -80 2 -25 10 49620 1 
79.5627 -21.2766 -179.73 0.257322 2.3159 -80 2 -25 10 49621 1 
79.5541 -21.2766 -179.73 0.257322 2.3159 -80 2 -25 10 49622 1 
79.5456 -21.2767 -179.73 0.257322 2.3159 -80 2 -25 10 49623 1 
79.537 -21.2767 -179.73 0.257322 2.3159 -80 2 -25 10 49624 1 
79.5284 -21.2767 -179.73 0.257322 2.3159 -80 2 -25 10 49625 1 
79.5198 -21.2768 -179.73 0.257322 2.3159 -80 2 -25 10 49626 1 
79.5113 -21.2768 -179.73 0.257322 2.3159 -80 2 -25 10 49627 1 
79.5027 -21.2769 -179.73 0.257322 2.3159 -80 2 -25 10 49628 1 
79.4941 -21.2769 -179.73 0.257322 2.3159 -80 2 -25 10 49629 1 
79.4855 -21.2769 -179.73 0.257322 2.3159 -80 2 -25 10 49630 1 
79.477 -21.277 -179.73 0.257322 2.3159 -80 2 -25 10 49631 1 
79.4684 -21.277 -179.73 0.257322 2.3159 -80 2 -25 10 49632 1 
79.4598 -21.2771 -179.73 0.257322 2.3159 -80 2 -25 10 49633 1 
79.4512 -21.2771 -179.73 0.257322 2.3159 -80 2 -25 10 49634 1 
79.4427 -21.2771 -179.73 0.257322 2.3159 -80 2 -25 10 49635 1 
79.4341 -21.2772 -179.729 0.257322 2.3159 -80 2 -25 10 49636 1 
79.4255 -21.2772 -179.729 0.257322 2.3159 -80 2 -25 10 49637 1 
79.4169 -21.2773 -179.729 0.257322 2.3159 -80 2 -25 10 49638 1 
79.4084 -21.2773 -179.729 0.257322 2.3159 -80 2 -25 10 49639 1 
79.3998 -21.2773 -179.729 0.257322 2.3159 -80 2 -25 10 49640 1 
79.3912 -21.2774 -179.729 0.257322 2.3159 -80 2 -25 10 49641 1 
79.3826 -21.2774 -179.729 0.257322 2.3159 -80 2 -25 10 49642 1 
79.3741 -21.2775 -179.729 0.257322 2.3159 -80 2 -25 10 49643 1 
79.3655 -21.2775 -179.729 0.257322 2.3159 -80 2 -25 10 49644 1 
79.3569 -21.2775 -179.729 0.257322 2.3159 -80 2 -25 10 49645 1 
79.3483 -21.2776 -179.729 0.257322 2.3159 -80 2 -25 10 49646 1 
79.3398 -21.2776 -179.729 0.257322 2.3159 -80 2 -25 10 49647 1 
79.3312 -21.2777 -179.729 0.257322 2.3159 -80 2 -25 10 49648 1 
79.3226 -21.2777 -179.729 0.257322 2.3159 -80 2 -25 10 49649 1 
79.314 -21.2777 -179.729 0.257322 2.3159 -80 2 -25 10 49650 1 
79.3055 -21.2778 -179.729 0.257322 2.3159 -80 2 -25 10 49651 1 
79.2969 -21.2778 -179.729 0.257322 2.3159 -80 2 -25 10 49652 1 
79.2883 -21.2779 -179.729 0.257322 2.3159 -80 2 -25 10 49653 1 
79.2797 -21.2779 -179.729 0.257322 2.3159 -80 2 -25 10 49654 1 
79.2711 -21.2779 -179.729 0.257322 2.3159 -80 2 -25 10 49655 1 
79.2626 -21.278 -179.729 0.257322 2.3159 -80 2 -25 10 49656 1 
79.254 -21.278 -179.729 0.257322 2.3159 -80 2 -25 10 49657 1 
79.2454 -21.2781 -179.729 0.257322 2.3159 -80 2 -25 10 49658 1 
79.2368 -21.2781 -179.729 0.257322 2.3159 -80 2 -25 10 49659 1 
79.2283 -21.2781 -179.729 0.257322 2.3159 -80 2 -25 10 49660 1 
79.2197 -21.2782 -179.729 0.257322 2.3159 -80 2 -25 10 49661 1 
79.2111 -21.2782 -179.729 0.257322 2.3159 -80 2 -25 10 49662 1 
79.2025 -21.2783 -179.729 0.257322 2.3159 -80 2 -25 10 49663 1 
79.194 -21.2783 -179.729 0.257322 2.3159 -80 2 -25 10 49664 1 
79.1854 -21.2783 -179.729 0.257322 2.3159 -80 2 -25 10 49665 1 
79.1768 -21.2784 -179.729 0.257322 2.3159 -80 2 -25 10 49666 1 
79.1682 -21.2784 -179.729 0.257322 2.3159 -80 2 -25 10 49667 1 
79.1597 -21.2785 -179.729 0.257322 2.3159 -80 2 -25 10 49668 1 
79.1511 -21.2785 -179.729 0.257322 2.3159 -80 2 -25 10 49669 1 
79.1425 -21.2785 -179.729 0.257322 2.3159 -80 2 -25 10 49670 1 
79.1339 -21.2786 -179.729 0.257322 2.3159 -80 2 -25 10 49671 1 
79.1254 -21.2786 -179.729 0.257322 2.3159 -80 2 -25 10 49672 1 
79.1168 -21.2787 -179.729 0.257322 2.3159 -80 2 -25 10 49673 1 
79.1082 -21.2787 -179.729 0.257322 2.3159 -80 2 -25 10 49674 1 
79.0996 -21.2787 -179.729 0.257322 2.3159 -80 2 -25 10 49675 1 
79.0911 -21.2788 -179.729 0.257322 2.3159 -80 2 -25 10 49676 1 
79.0825 -21.2788 -179.729 0.257322 2.3159 -80 2 -25 10 49677 1 
79.0739 -21.2789 -179.729 0.257322 2.3159 -80 2 -25 10 49678 1 
79.0653 -21.2789 -179.729 0.257322 2.3159 -80 2 -25 10 49679 1 
79.0568 -21.2789 -179.729 0.257322 2.3159 -80 2 -25 10 49680 1 
79.0482 -21.279 -179.729 0.257322 2.3159 -80 2 -25 10 49681 1 
79.0396 -21.279 -179.729 0.257322 2.3159 -80 2 -25 10 49682 1 
79.031 -21.2791 -179.729 0.257322 2.3159 -80 2 -25 10 49683 1 
79.0225 -21.2791 -179.729 0.257322 2.3159 -80 2 -25 10 49684 1 
79.0139 -21.2791 -179.729 0.257322 2.3159 -80 2 -25 10 49685 1 
79.0053 -21.2792 -179.729 0.257322 2.3159 -80 2 -25 10 49686 1 
78.9967 -21.2792 -179.729 0.257322 2.3159 -80 2 -25 10 49687 1 
78.9882 -21.2793 -179.729 0.257322 2.3159 -80 2 -25 10 49688 1 
78.9796 -21.2793 -179.729 0.257322 2.3159 -80 2 -25 10 49689 1 
78.971 -21.2793 -179.729 0.257322 2.3159 -80 2 -25 10 49690 1 
78.9624 -21.2794 -179.729 0.257322 2.3159 -80 2 -25 10 49691 1 
78.9539 -21.2794 -179.729 0.257322 2.3159 -80 2 -25 10 49692 1 
78.9453 -21.2795 -179.729 0.257322 2.3159 -80 2 -25 10 49693 1 
78.9367 -21.2795 -179.729 0.257322 2.3159 -80 2 -25 10 49694 1 
78.9281 -21.2795 -179.729 0.257322 2.3159 -80 2 -25 10 49695 1 
78.9196 -21.2796 -179.729 0.257322 2.3159 -80 2 -25 10 49696 1 
78.911 -21.2796 -179.729 0.257322 2.3159 -80 2 -25 10 49697 1 
78.9024 -21.2797 -179.729 0.257322 2.3159 -80 2 -25 10 49698 1 
78.8938 -21.2797 -179.729 0.257322 2.3159 -80 2 -25 10 49699 1 
78.8853 -21.2797 -179.729 0.257322 2.3159 -80 2 -25 10 49700 1 
78.8767 -21.2798 -179.729 0.257322 2.3159 -80 2 -25 10 49701 1 
78.8681 -21.2798 -179.729 0.257322 2.3159 -80 2 -25 10 49702 1 
78.8595 -21.2799 -179.729 0.257322 2.3159 -80 2 -25 10 49703 1 
78.851 -21.2799 -179.729 0.257322 2.3159 -80 2 -25 10 49704 1 
78.8424 -21.2799 -179.729 0.257322 2.3159 -80 2 -25 10 49705 1 
78.8338 -21.28 -179.729 0.257322 2.3159 -80 2 -25 10 49706 1 
78.8252 -21.28 -179.729 0.257322 2.3159 -80 2 -25 10 49707 1 
78.8167 -21.2801 -179.729 0.257322 2.3159 -80 2 -25 10 49708 1 
78.8081 -21.2801 -179.729 0.257322 2.3159 -80 2 -25 10 49709 1 
78.7995 -21.2801 -179.729 0.257322 2.3159 -80 2 -25 10 49710 1 
78.7909 -21.2802 -179.729 0.257322 2.3159 -80 2 -25 10 49711 1 
78.7823 -21.2802 -179.729 0.257322 2.3159 -80 2 -25 10 49712 1 
78.7738 -21.2803 -179.729 0.257322 2.3159 -80 2 -25 10 49713 1 
78.7652 -21.2803 -179.729 0.257322 2.3159 -80 2 -25 10 49714 1 
78.7566 -21.2803 -179.729 0.257322 2.3159 -80 2 -25 10 49715 1 
78.748 -21.2804 -179.729 0.257322 2.3159 -80 2 -25 10 49716 1 
78.7395 -21.2804 -179.729 0.257322 2.3159 -80 2 -25 10 49717 1 
78.7309 -21.2805 -179.729 0.257322 2.3159 -80 2 -25 10 49718 1 
78.7223 -21.2805 -179.729 0.257322 2.3159 -80 2 -25 10 49719 1 
78.7137 -21.2805 -179.728 0.257322 2.3159 -80 2 -25 10 49720 1 
78.7052 -21.2806 -179.728 0.257322 2.3159 -80 2 -25 10 49721 1 
78.6966 -21.2806 -179.728 0.257322 2.3159 -80 2 -25 10 49722 1 
78.688 -21.2807 -179.728 0.257322 2.3159 -80 2 -25 10 49723 1 
78.6794 -21.2807 -179.728 0.257322 2.3159 -80 2 -25 10 49724 1 
78.6709 -21.2807 -179.728 0.257322 2.3159 -80 2 -25 10 49725 1 
78.6623 -21.2808 -179.728 0.257322 2.3159 -80 2 -25 10 49726 1 
78.6537 -21.2808 -179.728 0.257322 2.3159 -80 2 -25 10 49727 1 
78.6451 -21.2809 -179.728 0.257322 2.3159 -80 2 -25 10 49728 1 
78.6366 -21.2809 -179.728 0.257322 2.3159 -80 2 -25 10 49729 1 
78.628 -21.2809 -179.728 0.257322 2.3159 -80 2 -25 10 49730 1 
78.6194 -21.281 -179.728 0.257322 2.3159 -80 2 -25 10 49731 1 
78.6108 -21.281 -179.728 0.257322 2.3159 -80 2 -25 10 49732 1 
78.6023 -21.2811 -179.728 0.257322 2.3159 -80 2 -25 10 49733 1 
78.5937 -21.2811 -179.728 0.257322 2.3159 -80 2 -25 10 49734 1 
78.5851 -21.2811 -179.728 0.257322 2.3159 -80 2 -25 10 49735 1 
78.5765 -21.2812 -179.728 0.257322 2.3159 -80 2 -25 10 49736 1 
78.568 -21.2812 -179.728 0.257322 2.3159 -80 2 -25 10 49737 1 
78.5594 -21.2813 -179.728 0.257322 2.3159 -80 2 -25 10 49738 1 
78.5508 -21.2813 -179.728 0.257322 2.3159 -80 2 -25 10 49739 1 
78.5422 -21.2813 -179.728 0.257322 2.3159 -80 2 -25 10 49740 1 
78.5337 -21.2814 -179.728 0.257322 2.3159 -80 2 -25 10 49741 1 
78.5251 -21.2814 -179.728 0.257322 2.3159 -80 2 -25 10 49742 1 
78.5165 -21.2815 -179.728 0.257322 2.3159 -80 2 -25 10 49743 1 
78.5079 -21.2815 -179.728 0.257322 2.3159 -80 2 -25 10 49744 1 
78.4994 -21.2815 -179.728 0.257322 2.3159 -80 2 -25 10 49745 1 
78.4908 -21.2816 -179.728 0.257322 2.3159 -80 2 -25 10 49746 1 
78.4822 -21.2816 -179.728 0.257322 2.3159 -80 2 -25 10 49747 1 
78.4736 -21.2817 -179.728 0.257322 2.3159 -80 2 -25 10 49748 1 
78.4651 -21.2817 -179.728 0.257322 2.3159 -80 2 -25 10 49749 1 
78.4565 -21.2817 -179.728 0.257322 2.3159 -80 2 -25 10 49750 1 
78.4479 -21.2818 -179.728 0.257322 2.3159 -80 2 -25 10 49751 1 
78.4393 -21.2818 -179.728 0.257322 2.3159 -80 2 -25 10 49752 1 
78.4308 -21.2819 -179.728 0.257322 2.3159 -80 2 -25 10 49753 1 
78.4222 -21.2819 -179.728 0.257322 2.3159 -80 2 -25 10 49754 1 
78.4136 -21.2819 -179.728 0.257322 2.3159 -80 2 -25 10 49755 1 
78.405 -21.282 -179.728 0.257322 2.3159 -80 2 -25 10 49756 1 
78.3965 -21.282 -179.728 0.257322 2.3159 -80 2 -25 10 49757 1 
78.3879 -21.2821 -179.728 0.257322 2.3159 -80 2 -25 10 49758 1 
78.3793 -21.2821 -179.728 0.257322 2.3159 -80 2 -25 10 49759 1 
78.3707 -21.2821 -179.728 0.257322 2.3159 -80 2 -25 10 49760 1 
78.3622 -21.2822 -179.728 0.257322 2.3159 -80 2 -25 10 49761 1 
78.3536 -21.2822 -179.728 0.257322 2.3159 -80 2 -25 10 49762 1 
78.345 -21.2823 -179.728 0.257322 2.3159 -80 2 -25 10 49763 1 
78.3364 -21.2823 -179.728 0.257322 2.3159 -80 2 -25 10 49764 1 
78.3279 -21.2823 -179.728 0.257322 2.3159 -80 2 -25 10 49765 1 
78.3193 -21.2824 -179.728 0.257322 2.3159 -80 2 -25 10 49766 1 
78.3107 -21.2824 -179.728 0.257322 2.3159 -80 2 -25 10 49767 1 
78.3021 -21.2825 -179.728 0.257322 2.3159 -80 2 -25 10 49768 1 
78.2935 -21.2825 -179.728 0.257322 2.3159 -80 2 -25 10 49769 1 
78.285 -21.2825 -179.728 0.257322 2.3159 -80 2 -25 10 49770 1 
78.2764 -21.2826 -179.728 0.257322 2.3159 -80 2 -25 10 49771 1 
78.2678 -21.2826 -179.728 0.257322 2.3159 -80 2 -25 10 49772 1 
78.2592 -21.2827 -179.728 0.257322 2.3159 -80 2 -25 10 49773 1 
78.2507 -21.2827 -179.728 0.257322 2.3159 -80 2 -25 10 49774 1 
78.2421 -21.2827 -179.728 0.257322 2.3159 -80 2 -25 10 49775 1 
78.2335 -21.2828 -179.728 0.257322 2.3159 -80 2 -25 10 49776 1 
78.2249 -21.2828 -179.728 0.257322 2.3159 -80 2 -25 10 49777 1 
78.2164 -21.2829 -179.728 0.257322 2.3159 -80 2 -25 10 49778 1 
78.2078 -21.2829 -179.728 0.257322 2.3159 -80 2 -25 10 49779 1 
78.1992 -21.2829 -179.728 0.257322 2.3159 -80 2 -25 10 49780 1 
78.1906 -21.283 -179.728 0.257322 2.3159 -80 2 -25 10 49781 1 
78.1821 -21.283 -179.728 0.257322 2.3159 -80 2 -25 10 49782 1 
78.1735 -21.2831 -179.728 0.257322 2.3159 -80 2 -25 10 49783 1 
78.1649 -21.2831 -179.728 0.257322 2.3159 -80 2 -25 10 49784 1 
78.1563 -21.2831 -179.728 0.257322 2.3159 -80 2 -25 10 49785 1 
78.1478 -21.2832 -179.728 0.257322 2.3159 -80 2 -25 10 49786 1 
78.1392 -21.2832 -179.728 0.257322 2.3159 -80 2 -25 10 49787 1 
78.1306 -21.2833 -179.728 0.257322 2.3159 -80 2 -25 10 49788 1 
78.122 -21.2833 -179.728 0.257322 2.3159 -80 2 -25 10 49789 1 
78.1135 -21.2833 -179.728 0.257322 2.3159 -80 2 -25 10 49790 1 
78.1049 -21.2834 -179.728 0.257322 2.3159 -80 2 -25 10 49791 1 
78.0963 -21.2834 -179.728 0.257322 2.3159 -80 2 -25 10 49792 1 
78.0877 -21.2835 -179.728 0.257322 2.3159 -80 2 -25 10 49793 1 
78.0792 -21.2835 -179.728 0.257322 2.3159 -80 2 -25 10 49794 1 
78.0706 -21.2836 -179.728 0.257322 2.3159 -80 2 -25 10 49795 1 
78.062 -21.2836 -179.728 0.257322 2.3159 -80 2 -25 10 49796 1 
78.0534 -21.2836 -179.728 0.257322 2.3159 -80 2 -25 10 49797 1 
78.0449 -21.2837 -179.728 0.257322 2.3159 -80 2 -25 10 49798 1 
78.0363 -21.2837 -179.728 0.257322 2.3159 -80 2 -25 10 49799 1 
78.0277 -21.2838 -179.728 0.257322 2.3159 -80 2 -25 10 49800 1 
78.0191 -21.2838 -179.728 0.257322 2.3159 -80 2 -25 10 49801 1 
78.0106 -21.2838 -179.728 0.257322 2.3159 -80 2 -25 10 49802 1 
78.002 -21.2839 -179.727 0.257322 2.3159 -80 2 -25 10 49803 1 
77.9934 -21.2839 -179.727 0.257322 2.3159 -80 2 -25 10 49804 1 
77.9848 -21.284 -179.727 0.257322 2.3159 -80 2 -25 10 49805 1 
77.9763 -21.284 -179.727 0.257322 2.3159 -80 2 -25 10 49806 1 
77.9677 -21.284 -179.727 0.257322 2.3159 -80 2 -25 10 49807 1 
77.9591 -21.2841 -179.727 0.257322 2.3159 -80 2 -25 10 49808 1 
77.9505 -21.2841 -179.727 0.257322 2.3159 -80 2 -25 10 49809 1 
77.942 -21.2842 -179.727 0.257322 2.3159 -80 2 -25 10 49810 1 
77.9334 -21.2842 -179.727 0.257322 2.3159 -80 2 -25 10 49811 1 
77.9248 -21.2842 -179.727 0.257322 2.3159 -80 2 -25 10 49812 1 
77.9162 -21.2843 -179.727 0.257322 2.3159 -80 2 -25 10 49813 1 
77.9077 -21.2843 -179.727 0.257322 2.3159 -80 2 -25 10 49814 1 
77.8991 -21.2844 -179.727 0.257322 2.3159 -80 2 -25 10 49815 1 
77.8905 -21.2844 -179.727 0.257322 2.3159 -80 2 -25 10 49816 1 
77.8819 -21.2844 -179.727 0.257322 2.3159 -80 2 -25 10 49817 1 
77.8734 -21.2845 -179.727 0.257322 2.3159 -80 2 -25 10 49818 1 
77.8648 -21.2845 -179.727 0.257322 2.3159 -80 2 -25 10 49819 1 
77.8562 -21.2846 -179.727 0.257322 2.3159 -80 2 -25 10 49820 1 
77.8476 -21.2846 -179.727 0.257322 2.3159 -80 2 -25 10 49821 1 
77.8391 -21.2846 -179.727 0.257322 2.3159 -80 2 -25 10 49822 1 
77.8305 -21.2847 -179.727 0.257322 2.3159 -80 2 -25 10 49823 1 
77.8219 -21.2847 -179.727 0.257322 2.3159 -80 2 -25 10 49824 1 
77.8133 -21.2848 -179.727 0.257322 2.3159 -80 2 -25 10 49825 1 
77.8047 -21.2848 -179.727 0.257322 2.3159 -80 2 -25 10 49826 1 
77.7962 -21.2848 -179.727 0.257322 2.3159 -80 2 -25 10 49827 1 
77.7876 -21.2849 -179.727 0.257322 2.3159 -80 2 -25 10 49828 1 
77.779 -21.2849 -179.727 0.257322 2.3159 -80 2 -25 10 49829 1 
77.7704 -21.285 -179.727 0.257322 2.3159 -80 2 -25 10 49830 1 
77.7619 -21.285 -179.727 0.257322 2.3159 -80 2 -25 10 49831 1 
77.7533 -21.285 -179.727 0.257322 2.3159 -80 2 -25 10 49832 1 
77.7447 -21.2851 -179.727 0.257322 2.3159 -80 2 -25 10 49833 1 
77.7361 -21.2851 -179.727 0.257322 2.3159 -80 2 -25 10 49834 1 
77.7276 -21.2852 -179.727 0.257322 2.3159 -80 2 -25 10 49835 1 
77.719 -21.2852 -179.727 0.257322 2.3159 -80 2 -25 10 49836 1 
77.7104 -21.2852 -179.727 0.257322 2.3159 -80 2 -25 10 49837 1 
77.7018 -21.2853 -179.727 0.257322 2.3159 -80 2 -25 10 49838 1 
77.6933 -21.2853 -179.727 0.257322 2.3159 -80 2 -25 10 49839 1 
77.6847 -21.2854 -179.727 0.257322 2.3159 -80 2 -25 10 49840 1 
77.6761 -21.2854 -179.727 0.257322 2.3159 -80 2 -25 10 49841 1 
77.6675 -21.2854 -179.727 0.257322 2.3159 -80 2 -25 10 49842 1 
77.659 -21.2855 -179.727 0.257322 2.3159 -80 2 -25 10 49843 1 
77.6504 -21.2855 -179.727 0.257322 2.3159 -80 2 -25 10 49844 1 
77.6418 -21.2856 -179.727 0.257322 2.3159 -80 2 -25 10 49845 1 
77.6332 -21.2856 -179.727 0.257322 2.3159 -80 2 -25 10 49846 1 
77.6247 -21.2856 -179.727 0.257322 2.3159 -80 2 -25 10 49847 1 
77.6161 -21.2857 -179.727 0.257322 2.3159 -80 2 -25 10 49848 1 
77.6075 -21.2857 -179.727 0.257322 2.3159 -80 2 -25 10 49849 1 
77.5989 -21.2858 -179.727 0.257322 2.3159 -80 2 -25 10 49850 1 
77.5904 -21.2858 -179.727 0.257322 2.3159 -80 2 -25 10 49851 1 
77.5818 -21.2858 -179.727 0.257322 2.3159 -80 2 -25 10 49852 1 
77.5732 -21.2859 -179.727 0.257322 2.3159 -80 2 -25 10 49853 1 
77.5646 -21.2859 -179.727 0.257322 2.3159 -80 2 -25 10 49854 1 
77.5561 -21.286 -179.727 0.257322 2.3159 -80 2 -25 10 49855 1 
77.5475 -21.286 -179.727 0.257322 2.3159 -80 2 -25 10 49856 1 
77.5389 -21.286 -179.727 0.257322 2.3159 -80 2 -25 10 49857 1 
77.5303 -21.2861 -179.727 0.257322 2.3159 -80 2 -25 10 49858 1 
77.5218 -21.2861 -179.727 0.257322 2.3159 -80 2 -25 10 49859 1 
77.5132 -21.2862 -179.727 0.257322 2.3159 -80 2 -25 10 49860 1 
77.5046 -21.2862 -179.727 0.257322 2.3159 -80 2 -25 10 49861 1 
77.496 -21.2862 -179.727 0.257322 2.3159 -80 2 -25 10 49862 1 
77.4875 -21.2863 -179.727 0.257322 2.3159 -80 2 -25 10 49863 1 
77.4789 -21.2863 -179.727 0.257322 2.3159 -80 2 -25 10 49864 1 
77.4703 -21.2864 -179.727 0.257322 2.3159 -80 2 -25 10 49865 1 
77.4617 -21.2864 -179.727 0.257322 2.3159 -80 2 -25 10 49866 1 
77.4532 -21.2864 -179.727 0.257322 2.3159 -80 2 -25 10 49867 1 
77.4446 -21.2865 -179.727 0.257322 2.3159 -80 2 -25 10 49868 1 
77.436 -21.2865 -179.727 0.257322 2.3159 -80 2 -25 10 49869 1 
77.4274 -21.2866 -179.727 0.257322 2.3159 -80 2 -25 10 49870 1 
77.4189 -21.2866 -179.727 0.257322 2.3159 -80 2 -25 10 49871 1 
77.4103 -21.2866 -179.727 0.257322 2.3159 -80 2 -25 10 49872 1 
77.4017 -21.2867 -179.727 0.257322 2.3159 -80 2 -25 10 49873 1 
77.3931 -21.2867 -179.727 0.257322 2.3159 -80 2 -25 10 49874 1 
77.3846 -21.2868 -179.727 0.257322 2.3159 -80 2 -25 10 49875 1 
77.376 -21.2868 -179.727 0.257322 2.3159 -80 2 -25 10 49876 1 
77.3674 -21.2868 -179.727 0.257322 2.3159 -80 2 -25 10 49877 1 
77.3588 -21.2869 -179.727 0.257322 2.3159 -80 2 -25 10 49878 1 
77.3503 -21.2869 -179.727 0.257322 2.3159 -80 2 -25 10 49879 1 
77.3417 -21.287 -179.727 0.257322 2.3159 -80 2 -25 10 49880 1 
77.3331 -21.287 -179.727 0.257322 2.3159 -80 2 -25 10 49881 1 
77.3245 -21.287 -179.727 0.257322 2.3159 -80 2 -25 10 49882 1 
77.3159 -21.2871 -179.727 0.257322 2.3159 -80 2 -25 10 49883 1 
77.3074 -21.2871 -179.727 0.257322 2.3159 -80 2 -25 10 49884 1 
77.2988 -21.2872 -179.727 0.257322 2.3159 -80 2 -25 10 49885 1 
77.2902 -21.2872 -179.726 0.257322 2.3159 -80 2 -25 10 49886 1 
77.2816 -21.2872 -179.726 0.257322 2.3159 -80 2 -25 10 49887 1 
77.2731 -21.2873 -179.726 0.257322 2.3159 -80 2 -25 10 49888 1 
77.2645 -21.2873 -179.726 0.257322 2.3159 -80 2 -25 10 49889 1 
77.2559 -21.2874 -179.726 0.257322 2.3159 -80 2 -25 10 49890 1 
77.2473 -21.2874 -179.726 0.257322 2.3159 -80 2 -25 10 49891 1 
77.2388 -21.2874 -179.726 0.257322 2.3159 -80 2 -25 10 49892 1 
77.2302 -21.2875 -179.726 0.257322 2.3159 -80 2 -25 10 49893 1 
77.2216 -21.2875 -179.726 0.257322 2.3159 -80 2 -25 10 49894 1 
77.213 -21.2876 -179.726 0.257322 2.3159 -80 2 -25 10 49895 1 
77.2045 -21.2876 -179.726 0.257322 2.3159 -80 2 -25 10 49896 1 
77.1959 -21.2876 -179.726 0.257322 2.3159 -80 2 -25 10 49897 1 
77.1873 -21.2877 -179.726 0.257322 2.3159 -80 2 -25 10 49898 1 
77.1787 -21.2877 -179.726 0.257322 2.3159 -80 2 -25 10 49899 1 
77.1702 -21.2878 -179.726 0.257322 2.3159 -80 2 -25 10 49900 1 
77.1616 -21.2878 -179.726 0.257322 2.3159 -80 2 -25 10 49901 1 
77.153 -21.2878 -179.726 0.257322 2.3159 -80 2 -25 10 49902 1 
77.1444 -21.2879 -179.726 0.257322 2.3159 -80 2 -25 10 49903 1 
77.1359 -21.2879 -179.726 0.257322 2.3159 -80 2 -25 10 49904 1 
77.1273 -21.288 -179.726 0.257322 2.3159 -80 2 -25 10 49905 1 
77.1187 -21.288 -179.726 0.257322 2.3159 -80 2 -25 10 49906 1 
77.1101 -21.288 -179.726 0.257322 2.3159 -80 2 -25 10 49907 1 
77.1016 -21.2881 -179.726 0.257322 2.3159 -80 2 -25 10 49908 1 
77.093 -21.2881 -179.726 0.257322 2.3159 -80 2 -25 10 49909 1 
77.0844 -21.2882 -179.726 0.257322 2.3159 -80 2 -25 10 49910 1 
77.0758 -21.2882 -179.726 0.257322 2.3159 -80 2 -25 10 49911 1 
77.0673 -21.2882 -179.726 0.257322 2.3159 -80 2 -25 10 49912 1 
77.0587 -21.2883 -179.726 0.257322 2.3159 -80 2 -25 10 49913 1 
77.0501 -21.2883 -179.726 0.257322 2.3159 -80 2 -25 10 49914 1 
77.0415 -21.2884 -179.726 0.257322 2.3159 -80 2 -25 10 49915 1 
77.033 -21.2884 -179.726 0.257322 2.3159 -80 2 -25 10 49916 1 
77.0244 -21.2884 -179.726 0.257322 2.3159 -80 2 -25 10 49917 1 
77.0158 -21.2885 -179.726 0.257322 2.3159 -80 2 -25 10 49918 1 
77.0072 -21.2885 -179.726 0.257322 2.3159 -80 2 -25 10 49919 1 
76.9987 -21.2886 -179.726 0.257322 2.3159 -80 2 -25 10 49920 1 
76.9901 -21.2886 -179.726 0.257322 2.3159 -80 2 -25 10 49921 1 
76.9815 -21.2886 -179.726 0.257322 2.3159 -80 2 -25 10 49922 1 
76.9729 -21.2887 -179.726 0.257322 2.3159 -80 2 -25 10 49923 1 
76.9644 -21.2887 -179.726 0.257322 2.3159 -80 2 -25 10 49924 1 
76.9558 -21.2888 -179.726 0.257322 2.3159 -80 2 -25 10 49925 1 
76.9472 -21.2888 -179.726 0.257322 2.3159 -80 2 -25 10 49926 1 
76.9386 -21.2888 -179.726 0.257322 2.3159 -80 2 -25 10 49927 1 
76.9301 -21.2889 -179.726 0.257322 2.3159 -80 2 -25 10 49928 1 
76.9215 -21.2889 -179.726 0.257322 2.3159 -80 2 -25 10 49929 1 
76.9129 -21.289 -179.726 0.257322 2.3159 -80 2 -25 10 49930 1 
76.9043 -21.289 -179.726 0.257322 2.3159 -80 2 -25 10 49931 1 
76.8958 -21.2891 -179.726 0.257322 2.3159 -80 2 -25 10 49932 1 
76.8872 -21.2891 -179.726 0.257322 2.3159 -80 2 -25 10 49933 1 
76.8786 -21.2891 -179.726 0.257322 2.3159 -80 2 -25 10 49934 1 
76.87 -21.2892 -179.726 0.257322 2.3159 -80 2 -25 10 49935 1 
76.8615 -21.2892 -179.726 0.257322 2.3159 -80 2 -25 10 49936 1 
76.8529 -21.2893 -179.726 0.257322 2.3159 -80 2 -25 10 49937 1 
76.8443 -21.2893 -179.726 0.257322 2.3159 -80 2 -25 10 49938 1 
76.8357 -21.2894 -179.726 0.257322 2.3159 -80 2 -25 10 49939 1 
76.8271 -21.2894 -179.726 0.257322 2.3159 -80 2 -25 10 49940 1 
76.8186 -21.2894 -179.726 0.257322 2.3159 -80 2 -25 10 49941 1 
76.81 -21.2895 -179.726 0.257322 2.3159 -80 2 -25 10 49942 1 
76.8014 -21.2895 -179.726 0.257322 2.3159 -80 2 -25 10 49943 1 
76.7928 -21.2896 -179.726 0.257322 2.3159 -80 2 -25 10 49944 1 
76.7843 -21.2896 -179.726 0.257322 2.3159 -80 2 -25 10 49945 1 
76.7757 -21.2896 -179.726 0.257322 2.3159 -80 2 -25 10 49946 1 
76.7671 -21.2897 -179.726 0.257322 2.3159 -80 2 -25 10 49947 1 
76.7585 -21.2897 -179.726 0.257322 2.3159 -80 2 -25 10 49948 1 
76.75 -21.2898 -179.726 0.257322 2.3159 -80 2 -25 10 49949 1 
76.7414 -21.2898 -179.726 0.257322 2.3159 -80 2 -25 10 49950 1 
76.7328 -21.2899 -179.726 0.257322 2.3159 -80 2 -25 10 49951 1 
76.7242 -21.2899 -179.726 0.257322 2.3159 -80 2 -25 10 49952 1 
76.7157 -21.2899 -179.726 0.257322 2.3159 -80 2 -25 10 49953 1 
76.7071 -21.29 -179.726 0.257322 2.3159 -80 2 -25 10 49954 1 
76.6985 -21.29 -179.726 0.257322 2.3159 -80 2 -25 10 49955 1 
76.6899 -21.2901 -179.726 0.257322 2.3159 -80 2 -25 10 49956 1 
76.6814 -21.2901 -179.726 0.257322 2.3159 -80 2 -25 10 49957 1 
76.6728 -21.2901 -179.726 0.257322 2.3159 -80 2 -25 10 49958 1 
76.6642 -21.2902 -179.726 0.257322 2.3159 -80 2 -25 10 49959 1 
76.6556 -21.2902 -179.726 0.257322 2.3159 -80 2 -25 10 49960 1 
76.6471 -21.2903 -179.726 0.257322 2.3159 -80 2 -25 10 49961 1 
76.6385 -21.2903 -179.726 0.257322 2.3159 -80 2 -25 10 49962 1 
76.6299 -21.2904 -179.726 0.257322 2.3159 -80 2 -25 10 49963 1 
76.6213 -21.2904 -179.726 0.257322 2.3159 -80 2 -25 10 49964 1 
76.6128 -21.2904 -179.726 0.257322 2.3159 -80 2 -25 10 49965 1 
76.6042 -21.2905 -179.726 0.257322 2.3159 -80 2 -25 10 49966 1 
76.5956 -21.2905 -179.726 0.257322 2.3159 -80 2 -25 10 49967 1 
76.587 -21.2906 -179.725 0.257322 2.3159 -80 2 -25 10 49968 1 
76.5785 -21.2906 -179.725 0.257322 2.3159 -80 2 -25 10 49969 1 
76.5699 -21.2907 -179.725 0.257322 2.3159 -80 2 -25 10 49970 1 
76.5613 -21.2907 -179.725 0.257322 2.3159 -80 2 -25 10 49971 1 
76.5527 -21.2907 -179.725 0.257322 2.3159 -80 2 -25 10 49972 1 
76.5442 -21.2908 -179.725 0.257322 2.3159 -80 2 -25 10 49973 1 
76.5356 -21.2908 -179.725 0.257322 2.3159 -80 2 -25 10 49974 1 
76.527 -21.2909 -179.725 0.257322 2.3159 -80 2 -25 10 49975 1 
76.5184 -21.2909 -179.725 0.257322 2.3159 -80 2 -25 10 49976 1 
76.5099 -21.2909 -179.725 0.257322 2.3159 -80 2 -25 10 49977 1 
76.5013 -21.291 -179.725 0.257322 2.3159 -80 2 -25 10 49978 1 
76.4927 -21.291 -179.725 0.257322 2.3159 -80 2 -25 10 49979 1 
76.4841 -21.2911 -179.725 0.257322 2.3159 -80 2 -25 10 49980 1 
76.4756 -21.2911 -179.725 0.257322 2.3159 -80 2 -25 10 49981 1 
76.467 -21.2912 -179.725 0.257322 2.3159 -80 2 -25 10 49982 1 
76.4584 -21.2912 -179.725 0.257322 2.3159 -80 2 -25 10 49983 1 
76.4498 -21.2912 -179.725 0.257322 2.3159 -80 2 -25 10 49984 1 
76.4413 -21.2913 -179.725 0.257322 2.3159 -80 2 -25 10 49985 1 
76.4327 -21.2913 -179.725 0.257322 2.3159 -80 2 -25 10 49986 1 
76.4241 -21.2914 -179.725 0.257322 2.3159 -80 2 -25 10 49987 1 
76.4155 -21.2914 -179.725 0.257322 2.3159 -80 2 -25 10 49988 1 
76.407 -21.2915 -179.725 0.257322 2.3159 -80 2 -25 10 49989 1 
76.3984 -21.2915 -179.725 0.257322 2.3159 -80 2 -25 10 49990 1 
76.3898 -21.2915 -179.725 0.257322 2.3159 -80 2 -25 10 49991 1 
76.3812 -21.2916 -179.725 0.257322 2.3159 -80 2 -25 10 49992 1 
76.3727 -21.2916 -179.725 0.257322 2.3159 -80 2 -25 10 49993 1 
76.3641 -21.2917 -179.725 0.257322 2.3159 -80 2 -25 10 49994 1 
76.3555 -21.2917 -179.725 0.257322 2.3159 -80 2 -25 10 49995 1 
76.3469 -21.2917 -179.725 0.257322 2.3159 -80 2 -25 10 49996 1 
76.3383 -21.2918 -179.725 0.257322 2.3159 -80 2 -25 10 49997 1 
76.3298 -21.2918 -179.725 0.257322 2.3159 -80 2 -25 10 49998 1 
76.3212 -21.2919 -179.725 0.257322 2.3159 -80 2 -25 10 49999 1 
