348.256 -34.5852 -175.407 1.08159 10.8159 -90 2 -30 10 8652 1 
348.238 -34.5866 -175.485 1.08159 10.8159 -90 2 -30 10 8653 1 
348.22 -34.5881 -175.563 1.08159 10.8159 -90 2 -30 10 8654 1 
348.202 -34.5895 -175.639 1.08159 10.8159 -90 2 -30 10 8655 1 
348.184 -34.5908 -175.713 1.08159 10.8159 -90 2 -30 10 8656 1 
348.166 -34.5922 -175.787 1.08159 10.8159 -90 2 -30 10 8657 1 
348.148 -34.5935 -175.859 1.08159 10.8159 -90 2 -30 10 8658 1 
348.13 -34.5948 -175.93 1.08159 10.8159 -90 2 -30 10 8659 1 
348.113 -34.5961 -176 1.08159 10.8159 -90 2 -30 10 8660 1 
348.095 -34.5973 -176.069 1.08159 10.8159 -90 2 -30 10 8661 1 
348.077 -34.5986 -176.136 1.08159 10.8159 -90 2 -30 10 8662 1 
348.059 -34.5998 -176.203 1.08159 10.8159 -90 2 -30 10 8663 1 
348.041 -34.601 -176.268 1.08159 10.8159 -90 2 -30 10 8664 1 
348.023 -34.6021 -176.332 1.08159 10.8159 -90 2 -30 10 8665 1 
348.005 -34.6033 -176.395 1.08159 10.8159 -90 2 -30 10 8666 1 
347.987 -34.6044 -176.457 1.08159 10.8159 -90 2 -30 10 8667 1 
347.969 -34.6055 -176.518 1.08159 10.8159 -90 2 -30 10 8668 1 
347.951 -34.6066 -176.578 1.08159 10.8159 -90 2 -30 10 8669 1 
347.933 -34.6077 -176.637 1.08159 10.8159 -90 2 -30 10 8670 1 
347.915 -34.6088 -176.696 1.08159 10.8159 -90 2 -30 10 8671 1 
347.897 -34.6098 -176.753 1.08159 10.8159 -90 2 -30 10 8672 1 
347.879 -34.6108 -176.809 1.08159 10.8159 -90 2 -30 10 8673 1 
347.861 -34.6118 -176.864 1.08159 10.8159 -90 2 -30 10 8674 1 
347.843 -34.6128 -176.918 1.08159 10.8159 -90 2 -30 10 8675 1 
347.825 -34.6138 -176.972 1.08159 10.8159 -90 2 -30 10 8676 1 
347.807 -34.6147 -177.024 1.08159 10.8159 -90 2 -30 10 8677 1 
347.789 -34.6157 -177.076 1.08159 10.8159 -90 2 -30 10 8678 1 
347.771 -34.6166 -177.127 1.08159 10.8159 -90 2 -30 10 8679 1 
347.753 -34.6175 -177.176 1.08159 10.8159 -90 2 -30 10 8680 1 
347.735 -34.6184 -177.226 1.08159 10.8159 -90 2 -30 10 8681 1 
347.717 -34.6193 -177.274 1.08159 10.8159 -90 2 -30 10 8682 1 
347.699 -34.6201 -177.321 1.08159 10.8159 -90 2 -30 10 8683 1 
347.681 -34.621 -177.368 1.08159 10.8159 -90 2 -30 10 8684 1 
347.663 -34.6218 -177.414 1.08159 10.8159 -90 2 -30 10 8685 1 
347.645 -34.6226 -177.459 1.08159 10.8159 -90 2 -30 10 8686 1 
347.627 -34.6234 -177.503 1.08159 10.8159 -90 2 -30 10 8687 1 
347.609 -34.6242 -177.547 1.08159 10.8159 -90 2 -30 10 8688 1 
347.591 -34.625 -177.59 1.08159 10.8159 -90 2 -30 10 8689 1 
347.573 -34.6257 -177.632 1.08159 10.8159 -90 2 -30 10 8690 1 
347.555 -34.6265 -177.674 1.08159 10.8159 -90 2 -30 10 8691 1 
347.537 -34.6272 -177.714 1.08159 10.8159 -90 2 -30 10 8692 1 
347.519 -34.6279 -177.754 1.08159 10.8159 -90 2 -30 10 8693 1 
347.501 -34.6286 -177.794 1.08159 10.8159 -90 2 -30 10 8694 1 
347.483 -34.6293 -177.833 1.08159 10.8159 -90 2 -30 10 8695 1 
347.465 -34.63 -177.871 1.08159 10.8159 -90 2 -30 10 8696 1 
347.447 -34.6307 -177.908 1.08159 10.8159 -90 2 -30 10 8697 1 
347.428 -34.6313 -177.945 1.08159 10.8159 -90 2 -30 10 8698 1 
347.41 -34.632 -177.982 1.08159 10.8159 -90 2 -30 10 8699 1 
347.392 -34.6326 -178.017 1.08159 10.8159 -90 2 -30 10 8700 1 
347.374 -34.6332 -178.052 1.08159 10.8159 -90 2 -30 10 8701 1 
347.356 -34.6338 -178.087 1.08159 10.8159 -90 2 -30 10 8702 1 
347.338 -34.6344 -178.121 1.08159 10.8159 -90 2 -30 10 8703 1 
347.32 -34.635 -178.154 1.08159 10.8159 -90 2 -30 10 8704 1 
347.302 -34.6356 -178.187 1.08159 10.8159 -90 2 -30 10 8705 1 
347.284 -34.6362 -178.219 1.08159 10.8159 -90 2 -30 10 8706 1 
347.266 -34.6367 -178.251 1.08159 10.8159 -90 2 -30 10 8707 1 
347.248 -34.6373 -178.282 1.08159 10.8159 -90 2 -30 10 8708 1 
347.23 -34.6378 -178.313 1.08159 10.8159 -90 2 -30 10 8709 1 
347.212 -34.6384 -178.343 1.08159 10.8159 -90 2 -30 10 8710 1 
347.194 -34.6389 -178.373 1.08159 10.8159 -90 2 -30 10 8711 1 
347.176 -34.6394 -178.402 1.08159 10.8159 -90 2 -30 10 8712 1 
347.158 -34.6399 -178.43 1.08159 10.8159 -90 2 -30 10 8713 1 
347.14 -34.6404 -178.459 1.08159 10.8159 -90 2 -30 10 8714 1 
347.122 -34.6409 -178.486 1.08159 10.8159 -90 2 -30 10 8715 1 
347.104 -34.6414 -178.514 1.08159 10.8159 -90 2 -30 10 8716 1 
347.086 -34.6418 -178.54 1.08159 10.8159 -90 2 -30 10 8717 1 
347.068 -34.6423 -178.567 1.08159 10.8159 -90 2 -30 10 8718 1 
347.05 -34.6427 -178.593 1.08159 10.8159 -90 2 -30 10 8719 1 
347.032 -34.6432 -178.618 1.08159 10.8159 -90 2 -30 10 8720 1 
347.014 -34.6436 -178.643 1.08159 10.8159 -90 2 -30 10 8721 1 
346.996 -34.644 -178.668 1.08159 10.8159 -90 2 -30 10 8722 1 
346.978 -34.6445 -178.692 1.08159 10.8159 -90 2 -30 10 8723 1 
346.96 -34.6449 -178.716 1.08159 10.8159 -90 2 -30 10 8724 1 
346.942 -34.6453 -178.739 1.08159 10.8159 -90 2 -30 10 8725 1 
346.924 -34.6457 -178.762 1.08159 10.8159 -90 2 -30 10 8726 1 
346.906 -34.6461 -178.785 1.08159 10.8159 -90 2 -30 10 8727 1 
346.888 -34.6464 -178.807 1.08159 10.8159 -90 2 -30 10 8728 1 
346.87 -34.6468 -178.829 1.08159 10.8159 -90 2 -30 10 8729 1 
346.852 -34.6472 -178.851 1.08159 10.8159 -90 2 -30 10 8730 1 
346.834 -34.6476 -178.872 1.08159 10.8159 -90 2 -30 10 8731 1 
346.816 -34.6479 -178.893 1.08159 10.8159 -90 2 -30 10 8732 1 
346.798 -34.6483 -178.913 1.08159 10.8159 -90 2 -30 10 8733 1 
346.78 -34.6486 -178.934 1.08159 10.8159 -90 2 -30 10 8734 1 
346.762 -34.6489 -178.953 1.08159 10.8159 -90 2 -30 10 8735 1 
346.744 -34.6493 -178.973 1.08159 10.8159 -90 2 -30 10 8736 1 
346.726 -34.6496 -178.992 1.08159 10.8159 -90 2 -30 10 8737 1 
346.708 -34.6499 -179.011 1.08159 10.8159 -90 2 -30 10 8738 1 
346.69 -34.6502 -179.029 1.08159 10.8159 -90 2 -30 10 8739 1 
346.672 -34.6505 -179.048 1.08159 10.8159 -90 2 -30 10 8740 1 
346.654 -34.6508 -179.066 1.08159 10.8159 -90 2 -30 10 8741 1 
346.635 -34.6511 -179.083 1.08159 10.8159 -90 2 -30 10 8742 1 
346.617 -34.6514 -179.1 1.08159 10.8159 -90 2 -30 10 8743 1 
346.599 -34.6517 -179.117 1.08159 10.8159 -90 2 -30 10 8744 1 
346.581 -34.652 -179.134 1.08159 10.8159 -90 2 -30 10 8745 1 
346.563 -34.6522 -179.151 1.08159 10.8159 -90 2 -30 10 8746 1 
346.545 -34.6525 -179.167 1.08159 10.8159 -90 2 -30 10 8747 1 
346.527 -34.6528 -179.183 1.08159 10.8159 -90 2 -30 10 8748 1 
346.509 -34.653 -179.199 1.08159 10.8159 -90 2 -30 10 8749 1 
346.491 -34.6533 -179.214 1.08159 10.8159 -90 2 -30 10 8750 1 
346.473 -34.6535 -179.229 1.08159 10.8159 -90 2 -30 10 8751 1 
346.455 -34.6538 -179.244 1.08159 10.8159 -90 2 -30 10 8752 1 
346.437 -34.654 -179.259 1.08159 10.8159 -90 2 -30 10 8753 1 
346.419 -34.6542 -179.273 1.08159 10.8159 -90 2 -30 10 8754 1 
346.401 -34.6545 -179.287 1.08159 10.8159 -90 2 -30 10 8755 1 
346.383 -34.6547 -179.301 1.08159 10.8159 -90 2 -30 10 8756 1 
346.365 -34.6549 -179.315 1.08159 10.8159 -90 2 -30 10 8757 1 
346.347 -34.6551 -179.328 1.08159 10.8159 -90 2 -30 10 8758 1 
346.329 -34.6553 -179.342 1.08159 10.8159 -90 2 -30 10 8759 1 
346.311 -34.6555 -179.355 1.08159 10.8159 -90 2 -30 10 8760 1 
346.293 -34.6557 -179.367 1.08159 10.8159 -90 2 -30 10 8761 1 
346.275 -34.6559 -179.38 1.08159 10.8159 -90 2 -30 10 8762 1 
346.257 -34.6561 -179.392 1.08159 10.8159 -90 2 -30 10 8763 1 
346.239 -34.6563 -179.404 1.08159 10.8159 -90 2 -30 10 8764 1 
346.221 -34.6565 -179.416 1.08159 10.8159 -90 2 -30 10 8765 1 
346.203 -34.6567 -179.428 1.08159 10.8159 -90 2 -30 10 8766 1 
346.185 -34.6569 -179.44 1.08159 10.8159 -90 2 -30 10 8767 1 
346.167 -34.6571 -179.451 1.08159 10.8159 -90 2 -30 10 8768 1 
346.149 -34.6572 -179.462 1.08159 10.8159 -90 2 -30 10 8769 1 
346.13 -34.6574 -179.473 1.08159 10.8159 -90 2 -30 10 8770 1 
346.112 -34.6576 -179.484 1.08159 10.8159 -90 2 -30 10 8771 1 
346.094 -34.6577 -179.495 1.08159 10.8159 -90 2 -30 10 8772 1 
346.076 -34.6579 -179.505 1.08159 10.8159 -90 2 -30 10 8773 1 
346.058 -34.658 -179.516 1.08159 10.8159 -90 2 -30 10 8774 1 
346.04 -34.6582 -179.526 1.08159 10.8159 -90 2 -30 10 8775 1 
346.022 -34.6583 -179.536 1.08159 10.8159 -90 2 -30 10 8776 1 
346.004 -34.6585 -179.545 1.08159 10.8159 -90 2 -30 10 8777 1 
345.986 -34.6586 -179.555 1.08159 10.8159 -90 2 -30 10 8778 1 
345.968 -34.6588 -179.565 1.08159 10.8159 -90 2 -30 10 8779 1 
345.95 -34.6589 -179.574 1.08159 10.8159 -90 2 -30 10 8780 1 
345.932 -34.659 -179.583 1.08159 10.8159 -90 2 -30 10 8781 1 
345.914 -34.6592 -179.592 1.08159 10.8159 -90 2 -30 10 8782 1 
345.896 -34.6593 -179.601 1.08159 10.8159 -90 2 -30 10 8783 1 
345.878 -34.6594 -179.61 1.08159 10.8159 -90 2 -30 10 8784 1 
345.86 -34.6595 -179.618 1.08159 10.8159 -90 2 -30 10 8785 1 
345.842 -34.6597 -179.627 1.08159 10.8159 -90 2 -30 10 8786 1 
345.824 -34.6598 -179.635 1.08159 10.8159 -90 2 -30 10 8787 1 
345.806 -34.6599 -179.643 1.08159 10.8159 -90 2 -30 10 8788 1 
345.788 -34.66 -179.651 1.08159 10.8159 -90 2 -30 10 8789 1 
345.77 -34.6601 -179.659 1.08159 10.8159 -90 2 -30 10 8790 1 
345.752 -34.6602 -179.667 1.08159 10.8159 -90 2 -30 10 8791 1 
345.734 -34.6603 -179.674 1.08159 10.8159 -90 2 -30 10 8792 1 
345.716 -34.6604 -179.682 1.08159 10.8159 -90 2 -30 10 8793 1 
345.698 -34.6605 -179.689 1.08159 10.8159 -90 2 -30 10 8794 1 
345.68 -34.6606 -179.696 1.08159 10.8159 -90 2 -30 10 8795 1 
345.662 -34.6607 -179.703 1.08159 10.8159 -90 2 -30 10 8796 1 
345.644 -34.6608 -179.71 1.08159 10.8159 -90 2 -30 10 8797 1 
345.625 -34.6609 -179.717 1.08159 10.8159 -90 2 -30 10 8798 1 
345.607 -34.661 -179.724 1.08159 10.8159 -90 2 -30 10 8799 1 
345.589 -34.6611 -179.731 1.08159 10.8159 -90 2 -30 10 8800 1 
345.571 -34.6612 -179.737 1.08159 10.8159 -90 2 -30 10 8801 1 
345.553 -34.6613 -179.744 1.08159 10.8159 -90 2 -30 10 8802 1 
345.535 -34.6613 -179.75 1.08159 10.8159 -90 2 -30 10 8803 1 
345.517 -34.6614 -179.756 1.08159 10.8159 -90 2 -30 10 8804 1 
345.499 -34.6615 -179.762 1.08159 10.8159 -90 2 -30 10 8805 1 
345.481 -34.6616 -179.768 1.08159 10.8159 -90 2 -30 10 8806 1 
345.463 -34.6616 -179.774 1.08159 10.8159 -90 2 -30 10 8807 1 
345.445 -34.6617 -179.78 1.08159 10.8159 -90 2 -30 10 8808 1 
345.427 -34.6618 -179.786 1.08159 10.8159 -90 2 -30 10 8809 1 
345.409 -34.6618 -179.791 1.08159 10.8159 -90 2 -30 10 8810 1 
345.391 -34.6619 -179.797 1.08159 10.8159 -90 2 -30 10 8811 1 
345.373 -34.662 -179.802 1.08159 10.8159 -90 2 -30 10 8812 1 
345.355 -34.662 -179.808 1.08159 10.8159 -90 2 -30 10 8813 1 
345.337 -34.6621 -179.813 1.08159 10.8159 -90 2 -30 10 8814 1 
345.319 -34.6622 -179.818 1.08159 10.8159 -90 2 -30 10 8815 1 
345.301 -34.6622 -179.823 1.08159 10.8159 -90 2 -30 10 8816 1 
345.283 -34.6623 -179.828 1.08159 10.8159 -90 2 -30 10 8817 1 
345.265 -34.6623 -179.833 1.08159 10.8159 -90 2 -30 10 8818 1 
345.247 -34.6624 -179.838 1.08159 10.8159 -90 2 -30 10 8819 1 
345.229 -34.6624 -179.843 1.08159 10.8159 -90 2 -30 10 8820 1 
345.211 -34.6625 -179.847 1.08159 10.8159 -90 2 -30 10 8821 1 
345.193 -34.6625 -179.852 1.08159 10.8159 -90 2 -30 10 8822 1 
345.175 -34.6626 -179.857 1.08159 10.8159 -90 2 -30 10 8823 1 
345.157 -34.6626 -179.861 1.08159 10.8159 -90 2 -30 10 8824 1 
345.139 -34.6627 -179.865 1.08159 10.8159 -90 2 -30 10 8825 1 
345.12 -34.6627 -179.87 1.08159 10.8159 -90 2 -30 10 8826 1 
345.102 -34.6627 -179.874 1.08159 10.8159 -90 2 -30 10 8827 1 
345.084 -34.6628 -179.878 1.08159 10.8159 -90 2 -30 10 8828 1 
345.066 -34.6628 -179.882 1.08159 10.8159 -90 2 -30 10 8829 1 
345.048 -34.6629 -179.886 1.08159 10.8159 -90 2 -30 10 8830 1 
345.03 -34.6629 -179.89 1.08159 10.8159 -90 2 -30 10 8831 1 
345.012 -34.6629 -179.894 1.08159 10.8159 -90 2 -30 10 8832 1 
344.994 -34.663 -179.898 1.08159 10.8159 -90 2 -30 10 8833 1 
344.976 -34.663 -179.902 1.08159 10.8159 -90 2 -30 10 8834 1 
344.958 -34.663 -179.905 1.08159 10.8159 -90 2 -30 10 8835 1 
344.94 -34.6631 -179.909 1.08159 10.8159 -90 2 -30 10 8836 1 
344.922 -34.6631 -179.912 1.08159 10.8159 -90 2 -30 10 8837 1 
344.904 -34.6631 -179.916 1.08159 10.8159 -90 2 -30 10 8838 1 
344.886 -34.6631 -179.919 1.08159 10.8159 -90 2 -30 10 8839 1 
344.868 -34.6632 -179.923 1.08159 10.8159 -90 2 -30 10 8840 1 
344.85 -34.6632 -179.926 1.08159 10.8159 -90 2 -30 10 8841 1 
344.832 -34.6632 -179.929 1.08159 10.8159 -90 2 -30 10 8842 1 
344.814 -34.6632 -179.933 1.08159 10.8159 -90 2 -30 10 8843 1 
344.796 -34.6633 -179.936 1.08159 10.8159 -90 2 -30 10 8844 1 
344.778 -34.6633 -179.939 1.08159 10.8159 -90 2 -30 10 8845 1 
344.76 -34.6633 -179.942 1.08159 10.8159 -90 2 -30 10 8846 1 
344.742 -34.6633 -179.945 1.08159 10.8159 -90 2 -30 10 8847 1 
344.724 -34.6633 -179.948 1.08159 10.8159 -90 2 -30 10 8848 1 
344.706 -34.6633 -179.951 1.08159 10.8159 -90 2 -30 10 8849 1 
344.688 -34.6634 -179.954 1.08159 10.8159 -90 2 -30 10 8850 1 
344.67 -34.6634 -179.957 1.08159 10.8159 -90 2 -30 10 8851 1 
344.652 -34.6634 -179.959 1.08159 10.8159 -90 2 -30 10 8852 1 
344.634 -34.6634 -179.962 1.08159 10.8159 -90 2 -30 10 8853 1 
344.615 -34.6634 -179.965 1.08159 10.8159 -90 2 -30 10 8854 1 
344.597 -34.6634 -179.968 1.08159 10.8159 -90 2 -30 10 8855 1 
344.579 -34.6634 -179.97 1.08159 10.8159 -90 2 -30 10 8856 1 
344.561 -34.6634 -179.973 1.08159 10.8159 -90 2 -30 10 8857 1 
344.543 -34.6635 -179.975 1.08159 10.8159 -90 2 -30 10 8858 1 
344.525 -34.6635 -179.978 1.08159 10.8159 -90 2 -30 10 8859 1 
344.507 -34.6635 -179.98 1.08159 10.8159 -90 2 -30 10 8860 1 
344.489 -34.6635 -179.982 1.08159 10.8159 -90 2 -30 10 8861 1 
344.471 -34.6635 -179.985 1.08159 10.8159 -90 2 -30 10 8862 1 
344.453 -34.6635 -179.987 1.08159 10.8159 -90 2 -30 10 8863 1 
344.435 -34.6635 -179.989 1.08159 10.8159 -90 2 -30 10 8864 1 
344.417 -34.6635 -179.992 1.08159 10.8159 -90 2 -30 10 8865 1 
344.399 -34.6635 -179.994 1.08159 10.8159 -90 2 -30 10 8866 1 
344.381 -34.6635 -179.996 1.08159 10.8159 -90 2 -30 10 8867 1 
344.363 -34.6635 -179.998 1.08159 10.8159 -90 2 -30 10 8868 1 
344.345 -34.6635 -180 1.08159 10.8159 -90 2 -30 10 8869 1 
344.327 -34.6635 -180.002 1.08159 10.8159 -90 2 -30 10 8870 1 
344.309 -34.6635 -180.004 1.08159 10.8159 -90 2 -30 10 8871 1 
344.291 -34.6635 -180.006 1.08159 10.8159 -90 2 -30 10 8872 1 
344.273 -34.6635 -180.008 1.08159 10.8159 -90 2 -30 10 8873 1 
344.255 -34.6635 -180.01 1.08159 10.8159 -90 2 -30 10 8874 1 
344.237 -34.6635 -180.012 1.08159 10.8159 -90 2 -30 10 8875 1 
344.219 -34.6635 -180.014 1.08159 10.8159 -90 2 -30 10 8876 1 
344.201 -34.6635 -180.016 1.08159 10.8159 -90 2 -30 10 8877 1 
344.183 -34.6635 -180.018 1.08159 10.8159 -90 2 -30 10 8878 1 
344.165 -34.6635 -180.019 1.08159 10.8159 -90 2 -30 10 8879 1 
344.147 -34.6635 -180.021 1.08159 10.8159 -90 2 -30 10 8880 1 
344.129 -34.6635 -180.023 1.08159 10.8159 -90 2 -30 10 8881 1 
344.11 -34.6634 -180.024 1.08159 10.8159 -90 2 -30 10 8882 1 
344.092 -34.6634 -180.026 1.08159 10.8159 -90 2 -30 10 8883 1 
344.074 -34.6634 -180.028 1.08159 10.8159 -90 2 -30 10 8884 1 
344.056 -34.6634 -180.029 1.08159 10.8159 -90 2 -30 10 8885 1 
344.038 -34.6634 -180.031 1.08159 10.8159 -90 2 -30 10 8886 1 
344.02 -34.6634 -180.032 1.08159 10.8159 -90 2 -30 10 8887 1 
344.002 -34.6634 -180.034 1.08159 10.8159 -90 2 -30 10 8888 1 
343.984 -34.6634 -180.035 1.08159 10.8159 -90 2 -30 10 8889 1 
343.966 -34.6634 -180.037 1.08159 10.8159 -90 2 -30 10 8890 1 
343.948 -34.6634 -180.038 1.08159 10.8159 -90 2 -30 10 8891 1 
343.93 -34.6633 -180.04 1.08159 10.8159 -90 2 -30 10 8892 1 
343.912 -34.6633 -180.041 1.08159 10.8159 -90 2 -30 10 8893 1 
343.894 -34.6633 -180.043 1.08159 10.8159 -90 2 -30 10 8894 1 
343.876 -34.6633 -180.044 1.08159 10.8159 -90 2 -30 10 8895 1 
343.858 -34.6633 -180.045 1.08159 10.8159 -90 2 -30 10 8896 1 
343.84 -34.6633 -180.047 1.08159 10.8159 -90 2 -30 10 8897 1 
343.822 -34.6633 -180.048 1.08159 10.8159 -90 2 -30 10 8898 1 
343.804 -34.6632 -180.049 1.08159 10.8159 -90 2 -30 10 8899 1 
343.786 -34.6632 -180.05 1.08159 10.8159 -90 2 -30 10 8900 1 
343.768 -34.6632 -180.052 1.08159 10.8159 -90 2 -30 10 8901 1 
343.75 -34.6632 -180.053 1.08159 10.8159 -90 2 -30 10 8902 1 
343.732 -34.6632 -180.054 1.08159 10.8159 -90 2 -30 10 8903 1 
343.714 -34.6632 -180.055 1.08159 10.8159 -90 2 -30 10 8904 1 
343.696 -34.6632 -180.056 1.08159 10.8159 -90 2 -30 10 8905 1 
343.678 -34.6631 -180.057 1.08159 10.8159 -90 2 -30 10 8906 1 
343.66 -34.6631 -180.059 1.08159 10.8159 -90 2 -30 10 8907 1 
343.642 -34.6631 -180.06 1.08159 10.8159 -90 2 -30 10 8908 1 
343.624 -34.6631 -180.061 1.08159 10.8159 -90 2 -30 10 8909 1 
343.605 -34.6631 -180.062 1.08159 10.8159 -90 2 -30 10 8910 1 
343.587 -34.663 -180.063 1.08159 10.8159 -90 2 -30 10 8911 1 
343.569 -34.663 -180.064 1.08159 10.8159 -90 2 -30 10 8912 1 
343.551 -34.663 -180.065 1.08159 10.8159 -90 2 -30 10 8913 1 
343.533 -34.663 -180.066 1.08159 10.8159 -90 2 -30 10 8914 1 
343.515 -34.663 -180.067 1.08159 10.8159 -90 2 -30 10 8915 1 
343.497 -34.6629 -180.068 1.08159 10.8159 -90 2 -30 10 8916 1 
343.479 -34.6629 -180.069 1.08159 10.8159 -90 2 -30 10 8917 1 
343.461 -34.6629 -180.07 1.08159 10.8159 -90 2 -30 10 8918 1 
343.443 -34.6629 -180.07 1.08159 10.8159 -90 2 -30 10 8919 1 
343.425 -34.6628 -180.071 1.08159 10.8159 -90 2 -30 10 8920 1 
343.407 -34.6628 -180.072 1.08159 10.8159 -90 2 -30 10 8921 1 
343.389 -34.6628 -180.073 1.08159 10.8159 -90 2 -30 10 8922 1 
343.371 -34.6628 -180.074 1.08159 10.8159 -90 2 -30 10 8923 1 
343.353 -34.6628 -180.075 1.08159 10.8159 -90 2 -30 10 8924 1 
343.335 -34.6627 -180.076 1.08159 10.8159 -90 2 -30 10 8925 1 
343.317 -34.6627 -180.076 1.08159 10.8159 -90 2 -30 10 8926 1 
343.299 -34.6627 -180.077 1.08159 10.8159 -90 2 -30 10 8927 1 
343.281 -34.6627 -180.078 1.08159 10.8159 -90 2 -30 10 8928 1 
343.263 -34.6626 -180.079 1.08159 10.8159 -90 2 -30 10 8929 1 
343.245 -34.6626 -180.079 1.08159 10.8159 -90 2 -30 10 8930 1 
343.227 -34.6626 -180.08 1.08159 10.8159 -90 2 -30 10 8931 1 
343.209 -34.6626 -180.081 1.08159 10.8159 -90 2 -30 10 8932 1 
343.191 -34.6625 -180.082 1.08159 10.8159 -90 2 -30 10 8933 1 
343.173 -34.6625 -180.082 1.08159 10.8159 -90 2 -30 10 8934 1 
343.155 -34.6625 -180.083 1.08159 10.8159 -90 2 -30 10 8935 1 
343.137 -34.6625 -180.084 1.08159 10.8159 -90 2 -30 10 8936 1 
343.118 -34.6624 -180.084 1.08159 10.8159 -90 2 -30 10 8937 1 
343.1 -34.6624 -180.085 1.08159 10.8159 -90 2 -30 10 8938 1 
343.082 -34.6624 -180.086 1.08159 10.8159 -90 2 -30 10 8939 1 
343.064 -34.6624 -180.086 1.08159 10.8159 -90 2 -30 10 8940 1 
343.046 -34.6623 -180.087 1.08159 10.8159 -90 2 -30 10 8941 1 
343.028 -34.6623 -180.088 1.08159 10.8159 -90 2 -30 10 8942 1 
343.01 -34.6623 -180.088 1.08159 10.8159 -90 2 -30 10 8943 1 
342.992 -34.6622 -180.089 1.08159 10.8159 -90 2 -30 10 8944 1 
342.974 -34.6622 -180.089 1.08159 10.8159 -90 2 -30 10 8945 1 
342.956 -34.6622 -180.09 1.08159 10.8159 -90 2 -30 10 8946 1 
342.938 -34.6622 -180.09 1.08159 10.8159 -90 2 -30 10 8947 1 
342.92 -34.6621 -180.091 1.08159 10.8159 -90 2 -30 10 8948 1 
342.902 -34.6621 -180.092 1.08159 10.8159 -90 2 -30 10 8949 1 
342.884 -34.6621 -180.092 1.08159 10.8159 -90 2 -30 10 8950 1 
342.866 -34.662 -180.093 1.08159 10.8159 -90 2 -30 10 8951 1 
342.848 -34.662 -180.093 1.08159 10.8159 -90 2 -30 10 8952 1 
342.83 -34.662 -180.094 1.08159 10.8159 -90 2 -30 10 8953 1 
342.812 -34.662 -180.094 1.08159 10.8159 -90 2 -30 10 8954 1 
342.794 -34.6619 -180.095 1.08159 10.8159 -90 2 -30 10 8955 1 
342.776 -34.6619 -180.095 1.08159 10.8159 -90 2 -30 10 8956 1 
342.758 -34.6619 -180.096 1.08159 10.8159 -90 2 -30 10 8957 1 
342.74 -34.6618 -180.096 1.08159 10.8159 -90 2 -30 10 8958 1 
342.722 -34.6618 -180.097 1.08159 10.8159 -90 2 -30 10 8959 1 
342.704 -34.6618 -180.097 1.08159 10.8159 -90 2 -30 10 8960 1 
342.686 -34.6617 -180.098 1.08159 10.8159 -90 2 -30 10 8961 1 
342.668 -34.6617 -180.098 1.08159 10.8159 -90 2 -30 10 8962 1 
342.65 -34.6617 -180.098 1.08159 10.8159 -90 2 -30 10 8963 1 
342.632 -34.6617 -180.099 1.08159 10.8159 -90 2 -30 10 8964 1 
342.613 -34.6616 -180.099 1.08159 10.8159 -90 2 -30 10 8965 1 
342.595 -34.6616 -180.1 1.08159 10.8159 -90 2 -30 10 8966 1 
342.577 -34.6616 -180.1 1.08159 10.8159 -90 2 -30 10 8967 1 
342.559 -34.6615 -180.1 1.08159 10.8159 -90 2 -30 10 8968 1 
342.541 -34.6615 -180.101 1.08159 10.8159 -90 2 -30 10 8969 1 
342.523 -34.6615 -180.101 1.08159 10.8159 -90 2 -30 10 8970 1 
342.505 -34.6614 -180.102 1.08159 10.8159 -90 2 -30 10 8971 1 
342.487 -34.6614 -180.102 1.08159 10.8159 -90 2 -30 10 8972 1 
342.469 -34.6614 -180.102 1.08159 10.8159 -90 2 -30 10 8973 1 
342.451 -34.6613 -180.103 1.08159 10.8159 -90 2 -30 10 8974 1 
342.433 -34.6613 -180.103 1.08159 10.8159 -90 2 -30 10 8975 1 
342.415 -34.6613 -180.103 1.08159 10.8159 -90 2 -30 10 8976 1 
342.397 -34.6612 -180.104 1.08159 10.8159 -90 2 -30 10 8977 1 
342.379 -34.6612 -180.104 1.08159 10.8159 -90 2 -30 10 8978 1 
342.361 -34.6612 -180.104 1.08159 10.8159 -90 2 -30 10 8979 1 
342.343 -34.6611 -180.105 1.08159 10.8159 -90 2 -30 10 8980 1 
342.325 -34.6611 -180.105 1.08159 10.8159 -90 2 -30 10 8981 1 
342.307 -34.6611 -180.105 1.08159 10.8159 -90 2 -30 10 8982 1 
342.289 -34.661 -180.106 1.08159 10.8159 -90 2 -30 10 8983 1 
342.271 -34.661 -180.106 1.08159 10.8159 -90 2 -30 10 8984 1 
342.253 -34.661 -180.106 1.08159 10.8159 -90 2 -30 10 8985 1 
342.235 -34.6609 -180.107 1.08159 10.8159 -90 2 -30 10 8986 1 
342.217 -34.6609 -180.107 1.08159 10.8159 -90 2 -30 10 8987 1 
342.199 -34.6609 -180.107 1.08159 10.8159 -90 2 -30 10 8988 1 
342.181 -34.6608 -180.107 1.08159 10.8159 -90 2 -30 10 8989 1 
342.163 -34.6608 -180.108 1.08159 10.8159 -90 2 -30 10 8990 1 
342.145 -34.6608 -180.108 1.08159 10.8159 -90 2 -30 10 8991 1 
342.127 -34.6607 -180.108 1.08159 10.8159 -90 2 -30 10 8992 1 
342.108 -34.6607 -180.109 1.08159 10.8159 -90 2 -30 10 8993 1 
342.09 -34.6607 -180.109 1.08159 10.8159 -90 2 -30 10 8994 1 
342.072 -34.6606 -180.109 1.08159 10.8159 -90 2 -30 10 8995 1 
342.054 -34.6606 -180.109 1.08159 10.8159 -90 2 -30 10 8996 1 
342.036 -34.6606 -180.11 1.08159 10.8159 -90 2 -30 10 8997 1 
342.018 -34.6605 -180.11 1.08159 10.8159 -90 2 -30 10 8998 1 
342 -34.6605 -180.11 1.08159 10.8159 -90 2 -30 10 8999 1 
341.982 -34.6605 -180.11 1.08159 10.8159 -90 2 -30 10 9000 1 
341.964 -34.6604 -180.111 1.08159 10.8159 -90 2 -30 10 9001 1 
341.946 -34.6604 -180.111 1.08159 10.8159 -90 2 -30 10 9002 1 
341.928 -34.6604 -180.111 1.08159 10.8159 -90 2 -30 10 9003 1 
341.91 -34.6603 -180.111 1.08159 10.8159 -90 2 -30 10 9004 1 
341.892 -34.6603 -180.111 1.08159 10.8159 -90 2 -30 10 9005 1 
341.874 -34.6603 -180.112 1.08159 10.8159 -90 2 -30 10 9006 1 
341.856 -34.6602 -180.112 1.08159 10.8159 -90 2 -30 10 9007 1 
341.838 -34.6602 -180.112 1.08159 10.8159 -90 2 -30 10 9008 1 
341.82 -34.6601 -180.112 1.08159 10.8159 -90 2 -30 10 9009 1 
341.802 -34.6601 -180.112 1.08159 10.8159 -90 2 -30 10 9010 1 
341.784 -34.6601 -180.113 1.08159 10.8159 -90 2 -30 10 9011 1 
341.766 -34.66 -180.113 1.08159 10.8159 -90 2 -30 10 9012 1 
341.748 -34.66 -180.113 1.08159 10.8159 -90 2 -30 10 9013 1 
341.73 -34.66 -180.113 1.08159 10.8159 -90 2 -30 10 9014 1 
341.712 -34.6599 -180.113 1.08159 10.8159 -90 2 -30 10 9015 1 
341.694 -34.6599 -180.114 1.08159 10.8159 -90 2 -30 10 9016 1 
341.676 -34.6599 -180.114 1.08159 10.8159 -90 2 -30 10 9017 1 
341.658 -34.6598 -180.114 1.08159 10.8159 -90 2 -30 10 9018 1 
341.64 -34.6598 -180.114 1.08159 10.8159 -90 2 -30 10 9019 1 
341.622 -34.6598 -180.114 1.08159 10.8159 -90 2 -30 10 9020 1 
341.603 -34.6597 -180.114 1.08159 10.8159 -90 2 -30 10 9021 1 
341.585 -34.6597 -180.115 1.08159 10.8159 -90 2 -30 10 9022 1 
341.567 -34.6597 -180.115 1.08159 10.8159 -90 2 -30 10 9023 1 
341.549 -34.6596 -180.115 1.08159 10.8159 -90 2 -30 10 9024 1 
341.531 -34.6596 -180.115 1.08159 10.8159 -90 2 -30 10 9025 1 
341.513 -34.6596 -180.115 1.08159 10.8159 -90 2 -30 10 9026 1 
341.495 -34.6595 -180.115 1.08159 10.8159 -90 2 -30 10 9027 1 
341.477 -34.6595 -180.116 1.08159 10.8159 -90 2 -30 10 9028 1 
341.459 -34.6595 -180.116 1.08159 10.8159 -90 2 -30 10 9029 1 
341.441 -34.6594 -180.116 1.08159 10.8159 -90 2 -30 10 9030 1 
341.423 -34.6594 -180.116 1.08159 10.8159 -90 2 -30 10 9031 1 
341.405 -34.6593 -180.116 1.08159 10.8159 -90 2 -30 10 9032 1 
341.387 -34.6593 -180.116 1.08159 10.8159 -90 2 -30 10 9033 1 
341.369 -34.6593 -180.116 1.08159 10.8159 -90 2 -30 10 9034 1 
341.351 -34.6592 -180.117 1.08159 10.8159 -90 2 -30 10 9035 1 
341.333 -34.6592 -180.117 1.08159 10.8159 -90 2 -30 10 9036 1 
341.315 -34.6591 -180.117 1.08159 10.8159 -90 2 -30 10 9037 1 
341.297 -34.6591 -180.117 1.08159 10.8159 -90 2 -30 10 9038 1 
341.279 -34.6591 -180.117 1.08159 10.8159 -90 2 -30 10 9039 1 
341.261 -34.659 -180.117 1.08159 10.8159 -90 2 -30 10 9040 1 
341.243 -34.659 -180.117 1.08159 10.8159 -90 2 -30 10 9041 1 
341.225 -34.659 -180.117 1.08159 10.8159 -90 2 -30 10 9042 1 
341.207 -34.6589 -180.118 1.08159 10.8159 -90 2 -30 10 9043 1 
341.189 -34.6589 -180.118 1.08159 10.8159 -90 2 -30 10 9044 1 
341.171 -34.6588 -180.118 1.08159 10.8159 -90 2 -30 10 9045 1 
341.153 -34.6588 -180.118 1.08159 10.8159 -90 2 -30 10 9046 1 
341.135 -34.6588 -180.118 1.08159 10.8159 -90 2 -30 10 9047 1 
341.117 -34.6587 -180.118 1.08159 10.8159 -90 2 -30 10 9048 1 
341.098 -34.6587 -180.118 1.08159 10.8159 -90 2 -30 10 9049 1 
341.08 -34.6586 -180.118 1.08159 10.8159 -90 2 -30 10 9050 1 
341.062 -34.6586 -180.118 1.08159 10.8159 -90 2 -30 10 9051 1 
341.044 -34.6586 -180.118 1.08159 10.8159 -90 2 -30 10 9052 1 
341.026 -34.6585 -180.119 1.08159 10.8159 -90 2 -30 10 9053 1 
341.008 -34.6585 -180.119 1.08159 10.8159 -90 2 -30 10 9054 1 
340.99 -34.6585 -180.119 1.08159 10.8159 -90 2 -30 10 9055 1 
340.972 -34.6584 -180.119 1.08159 10.8159 -90 2 -30 10 9056 1 
340.954 -34.6584 -180.119 1.08159 10.8159 -90 2 -30 10 9057 1 
340.936 -34.6583 -180.119 1.08159 10.8159 -90 2 -30 10 9058 1 
340.918 -34.6583 -180.119 1.08159 10.8159 -90 2 -30 10 9059 1 
340.9 -34.6583 -180.119 1.08159 10.8159 -90 2 -30 10 9060 1 
340.882 -34.6582 -180.119 1.08159 10.8159 -90 2 -30 10 9061 1 
340.864 -34.6582 -180.119 1.08159 10.8159 -90 2 -30 10 9062 1 
340.846 -34.6582 -180.119 1.08159 10.8159 -90 2 -30 10 9063 1 
340.828 -34.6581 -180.12 1.08159 10.8159 -90 2 -30 10 9064 1 
340.81 -34.6581 -180.12 1.08159 10.8159 -90 2 -30 10 9065 1 
340.792 -34.658 -180.12 1.08159 10.8159 -90 2 -30 10 9066 1 
340.774 -34.658 -180.12 1.08159 10.8159 -90 2 -30 10 9067 1 
340.756 -34.658 -180.12 1.08159 10.8159 -90 2 -30 10 9068 1 
340.738 -34.6579 -180.12 1.08159 10.8159 -90 2 -30 10 9069 1 
340.72 -34.6579 -180.12 1.08159 10.8159 -90 2 -30 10 9070 1 
340.702 -34.6578 -180.12 1.08159 10.8159 -90 2 -30 10 9071 1 
340.684 -34.6578 -180.12 1.08159 10.8159 -90 2 -30 10 9072 1 
340.666 -34.6578 -180.12 1.08159 10.8159 -90 2 -30 10 9073 1 
340.648 -34.6577 -180.12 1.08159 10.8159 -90 2 -30 10 9074 1 
340.63 -34.6577 -180.12 1.08159 10.8159 -90 2 -30 10 9075 1 
340.612 -34.6577 -180.12 1.08159 10.8159 -90 2 -30 10 9076 1 
340.593 -34.6576 -180.121 1.08159 10.8159 -90 2 -30 10 9077 1 
340.575 -34.6576 -180.121 1.08159 10.8159 -90 2 -30 10 9078 1 
340.557 -34.6575 -180.121 1.08159 10.8159 -90 2 -30 10 9079 1 
340.539 -34.6575 -180.121 1.08159 10.8159 -90 2 -30 10 9080 1 
340.521 -34.6575 -180.121 1.08159 10.8159 -90 2 -30 10 9081 1 
340.503 -34.6574 -180.121 1.08159 10.8159 -90 2 -30 10 9082 1 
340.485 -34.6574 -180.121 1.08159 10.8159 -90 2 -30 10 9083 1 
340.467 -34.6574 -180.121 1.08159 10.8159 -90 2 -30 10 9084 1 
340.449 -34.6573 -180.121 1.08159 10.8159 -90 2 -30 10 9085 1 
340.431 -34.6573 -180.121 1.08159 10.8159 -90 2 -30 10 9086 1 
340.413 -34.6572 -180.121 1.08159 10.8159 -90 2 -30 10 9087 1 
340.395 -34.6572 -180.121 1.08159 10.8159 -90 2 -30 10 9088 1 
340.377 -34.6572 -180.121 1.08159 10.8159 -90 2 -30 10 9089 1 
340.359 -34.6571 -180.121 1.08159 10.8159 -90 2 -30 10 9090 1 
340.341 -34.6571 -180.121 1.08159 10.8159 -90 2 -30 10 9091 1 
340.323 -34.657 -180.121 1.08159 10.8159 -90 2 -30 10 9092 1 
340.305 -34.657 -180.121 1.08159 10.8159 -90 2 -30 10 9093 1 
340.287 -34.657 -180.122 1.08159 10.8159 -90 2 -30 10 9094 1 
340.269 -34.6569 -180.122 1.08159 10.8159 -90 2 -30 10 9095 1 
340.251 -34.6569 -180.122 1.08159 10.8159 -90 2 -30 10 9096 1 
340.233 -34.6569 -180.122 1.08159 10.8159 -90 2 -30 10 9097 1 
340.215 -34.6568 -180.122 1.08159 10.8159 -90 2 -30 10 9098 1 
340.197 -34.6568 -180.122 1.08159 10.8159 -90 2 -30 10 9099 1 
340.179 -34.6567 -180.122 1.08159 10.8159 -90 2 -30 10 9100 1 
340.161 -34.6567 -180.122 1.08159 10.8159 -90 2 -30 10 9101 1 
340.143 -34.6567 -180.122 1.08159 10.8159 -90 2 -30 10 9102 1 
340.125 -34.6566 -180.122 1.08159 10.8159 -90 2 -30 10 9103 1 
340.107 -34.6566 -180.122 1.08159 10.8159 -90 2 -30 10 9104 1 
340.088 -34.6566 -180.122 1.08159 10.8159 -90 2 -30 10 9105 1 
340.07 -34.6565 -180.122 1.08159 10.8159 -90 2 -30 10 9106 1 
340.052 -34.6565 -180.122 1.08159 10.8159 -90 2 -30 10 9107 1 
340.034 -34.6564 -180.122 1.08159 10.8159 -90 2 -30 10 9108 1 
340.016 -34.6564 -180.122 1.08159 10.8159 -90 2 -30 10 9109 1 
339.998 -34.6564 -180.122 1.08159 10.8159 -90 2 -30 10 9110 1 
339.98 -34.6563 -180.122 1.08159 10.8159 -90 2 -30 10 9111 1 
339.962 -34.6563 -180.122 1.08159 10.8159 -90 2 -30 10 9112 1 
339.944 -34.6562 -180.122 1.08159 10.8159 -90 2 -30 10 9113 1 
339.926 -34.6562 -180.122 1.08159 10.8159 -90 2 -30 10 9114 1 
339.908 -34.6562 -180.122 1.08159 10.8159 -90 2 -30 10 9115 1 
339.89 -34.6561 -180.122 1.08159 10.8159 -90 2 -30 10 9116 1 
339.872 -34.6561 -180.123 1.08159 10.8159 -90 2 -30 10 9117 1 
339.854 -34.6561 -180.123 1.08159 10.8159 -90 2 -30 10 9118 1 
339.836 -34.656 -180.123 1.08159 10.8159 -90 2 -30 10 9119 1 
339.818 -34.656 -180.123 1.08159 10.8159 -90 2 -30 10 9120 1 
339.8 -34.6559 -180.123 1.08159 10.8159 -90 2 -30 10 9121 1 
339.782 -34.6559 -180.123 1.08159 10.8159 -90 2 -30 10 9122 1 
339.764 -34.6559 -180.123 1.08159 10.8159 -90 2 -30 10 9123 1 
339.746 -34.6558 -180.123 1.08159 10.8159 -90 2 -30 10 9124 1 
339.728 -34.6558 -180.123 1.08159 10.8159 -90 2 -30 10 9125 1 
339.71 -34.6558 -180.123 1.08159 10.8159 -90 2 -30 10 9126 1 
339.692 -34.6557 -180.123 1.08159 10.8159 -90 2 -30 10 9127 1 
339.674 -34.6557 -180.123 1.08159 10.8159 -90 2 -30 10 9128 1 
339.656 -34.6556 -180.123 1.08159 10.8159 -90 2 -30 10 9129 1 
339.638 -34.6556 -180.123 1.08159 10.8159 -90 2 -30 10 9130 1 
339.62 -34.6556 -180.123 1.08159 10.8159 -90 2 -30 10 9131 1 
339.602 -34.6555 -180.123 1.08159 10.8159 -90 2 -30 10 9132 1 
339.583 -34.6555 -180.123 1.08159 10.8159 -90 2 -30 10 9133 1 
339.565 -34.6554 -180.123 1.08159 10.8159 -90 2 -30 10 9134 1 
339.547 -34.6554 -180.123 1.08159 10.8159 -90 2 -30 10 9135 1 
339.529 -34.6554 -180.123 1.08159 10.8159 -90 2 -30 10 9136 1 
339.511 -34.6553 -180.123 1.08159 10.8159 -90 2 -30 10 9137 1 
339.493 -34.6553 -180.123 1.08159 10.8159 -90 2 -30 10 9138 1 
339.475 -34.6553 -180.123 1.08159 10.8159 -90 2 -30 10 9139 1 
339.457 -34.6552 -180.123 1.08159 10.8159 -90 2 -30 10 9140 1 
339.439 -34.6552 -180.123 1.08159 10.8159 -90 2 -30 10 9141 1 
339.421 -34.6551 -180.123 1.08159 10.8159 -90 2 -30 10 9142 1 
339.403 -34.6551 -180.123 1.08159 10.8159 -90 2 -30 10 9143 1 
339.385 -34.6551 -180.123 1.08159 10.8159 -90 2 -30 10 9144 1 
339.367 -34.655 -180.123 1.08159 10.8159 -90 2 -30 10 9145 1 
339.349 -34.655 -180.123 1.08159 10.8159 -90 2 -30 10 9146 1 
339.331 -34.6549 -180.123 1.08159 10.8159 -90 2 -30 10 9147 1 
339.313 -34.6549 -180.123 1.08159 10.8159 -90 2 -30 10 9148 1 
339.295 -34.6549 -180.123 1.08159 10.8159 -90 2 -30 10 9149 1 
339.277 -34.6548 -180.124 1.08159 10.8159 -90 2 -30 10 9150 1 
339.259 -34.6548 -180.124 1.08159 10.8159 -90 2 -30 10 9151 1 
339.241 -34.6548 -180.124 1.08159 10.8159 -90 2 -30 10 9152 1 
339.223 -34.6547 -180.124 1.08159 10.8159 -90 2 -30 10 9153 1 
339.205 -34.6547 -180.124 1.08159 10.8159 -90 2 -30 10 9154 1 
339.187 -34.6546 -180.124 1.08159 10.8159 -90 2 -30 10 9155 1 
339.169 -34.6546 -180.124 1.08159 10.8159 -90 2 -30 10 9156 1 
339.151 -34.6546 -180.124 1.08159 10.8159 -90 2 -30 10 9157 1 
339.133 -34.6545 -180.124 1.08159 10.8159 -90 2 -30 10 9158 1 
339.115 -34.6545 -180.124 1.08159 10.8159 -90 2 -30 10 9159 1 
339.096 -34.6545 -180.124 1.08159 10.8159 -90 2 -30 10 9160 1 
339.078 -34.6544 -180.124 1.08159 10.8159 -90 2 -30 10 9161 1 
339.06 -34.6544 -180.124 1.08159 10.8159 -90 2 -30 10 9162 1 
339.042 -34.6543 -180.124 1.08159 10.8159 -90 2 -30 10 9163 1 
339.024 -34.6543 -180.124 1.08159 10.8159 -90 2 -30 10 9164 1 
339.006 -34.6543 -180.124 1.08159 10.8159 -90 2 -30 10 9165 1 
338.988 -34.6542 -180.124 1.08159 10.8159 -90 2 -30 10 9166 1 
338.97 -34.6542 -180.124 1.08159 10.8159 -90 2 -30 10 9167 1 
338.952 -34.6541 -180.124 1.08159 10.8159 -90 2 -30 10 9168 1 
338.934 -34.6541 -180.124 1.08159 10.8159 -90 2 -30 10 9169 1 
338.916 -34.6541 -180.124 1.08159 10.8159 -90 2 -30 10 9170 1 
338.898 -34.654 -180.124 1.08159 10.8159 -90 2 -30 10 9171 1 
338.88 -34.654 -180.124 1.08159 10.8159 -90 2 -30 10 9172 1 
338.862 -34.654 -180.124 1.08159 10.8159 -90 2 -30 10 9173 1 
338.844 -34.6539 -180.124 1.08159 10.8159 -90 2 -30 10 9174 1 
338.826 -34.6539 -180.124 1.08159 10.8159 -90 2 -30 10 9175 1 
338.808 -34.6538 -180.124 1.08159 10.8159 -90 2 -30 10 9176 1 
338.79 -34.6538 -180.124 1.08159 10.8159 -90 2 -30 10 9177 1 
338.772 -34.6538 -180.124 1.08159 10.8159 -90 2 -30 10 9178 1 
338.754 -34.6537 -180.124 1.08159 10.8159 -90 2 -30 10 9179 1 
338.736 -34.6537 -180.124 1.08159 10.8159 -90 2 -30 10 9180 1 
338.718 -34.6537 -180.124 1.08159 10.8159 -90 2 -30 10 9181 1 
338.7 -34.6536 -180.124 1.08159 10.8159 -90 2 -30 10 9182 1 
338.682 -34.6536 -180.124 1.08159 10.8159 -90 2 -30 10 9183 1 
338.664 -34.6535 -180.124 1.08159 10.8159 -90 2 -30 10 9184 1 
338.646 -34.6535 -180.124 1.08159 10.8159 -90 2 -30 10 9185 1 
338.628 -34.6535 -180.124 1.08159 10.8159 -90 2 -30 10 9186 1 
338.61 -34.6534 -180.124 1.08159 10.8159 -90 2 -30 10 9187 1 
338.591 -34.6534 -180.124 1.08159 10.8159 -90 2 -30 10 9188 1 
338.573 -34.6533 -180.124 1.08159 10.8159 -90 2 -30 10 9189 1 
338.555 -34.6533 -180.124 1.08159 10.8159 -90 2 -30 10 9190 1 
338.537 -34.6533 -180.124 1.08159 10.8159 -90 2 -30 10 9191 1 
338.519 -34.6532 -180.124 1.08159 10.8159 -90 2 -30 10 9192 1 
338.501 -34.6532 -180.124 1.08159 10.8159 -90 2 -30 10 9193 1 
338.483 -34.6532 -180.124 1.08159 10.8159 -90 2 -30 10 9194 1 
338.465 -34.6531 -180.124 1.08159 10.8159 -90 2 -30 10 9195 1 
338.447 -34.6531 -180.124 1.08159 10.8159 -90 2 -30 10 9196 1 
338.429 -34.653 -180.124 1.08159 10.8159 -90 2 -30 10 9197 1 
338.411 -34.653 -180.124 1.08159 10.8159 -90 2 -30 10 9198 1 
338.393 -34.653 -180.124 1.08159 10.8159 -90 2 -30 10 9199 1 
338.375 -34.6529 -180.124 1.08159 10.8159 -90 2 -30 10 9200 1 
338.357 -34.6529 -180.124 1.08159 10.8159 -90 2 -30 10 9201 1 
338.339 -34.6529 -180.124 1.08159 10.8159 -90 2 -30 10 9202 1 
338.321 -34.6528 -180.124 1.08159 10.8159 -90 2 -30 10 9203 1 
338.303 -34.6528 -180.124 1.08159 10.8159 -90 2 -30 10 9204 1 
338.285 -34.6527 -180.124 1.08159 10.8159 -90 2 -30 10 9205 1 
338.267 -34.6527 -180.124 1.08159 10.8159 -90 2 -30 10 9206 1 
338.249 -34.6527 -180.124 1.08159 10.8159 -90 2 -30 10 9207 1 
338.231 -34.6526 -180.124 1.08159 10.8159 -90 2 -30 10 9208 1 
338.213 -34.6526 -180.124 1.08159 10.8159 -90 2 -30 10 9209 1 
338.195 -34.6525 -180.124 1.08159 10.8159 -90 2 -30 10 9210 1 
338.177 -34.6525 -180.124 1.08159 10.8159 -90 2 -30 10 9211 1 
338.159 -34.6525 -180.124 1.08159 10.8159 -90 2 -30 10 9212 1 
338.141 -34.6524 -180.124 1.08159 10.8159 -90 2 -30 10 9213 1 
338.123 -34.6524 -180.124 1.08159 10.8159 -90 2 -30 10 9214 1 
338.105 -34.6524 -180.124 1.08159 10.8159 -90 2 -30 10 9215 1 
338.086 -34.6523 -180.125 1.08159 10.8159 -90 2 -30 10 9216 1 
338.068 -34.6523 -180.125 1.08159 10.8159 -90 2 -30 10 9217 1 
338.05 -34.6522 -180.125 1.08159 10.8159 -90 2 -30 10 9218 1 
338.032 -34.6522 -180.125 1.08159 10.8159 -90 2 -30 10 9219 1 
338.014 -34.6522 -180.125 1.08159 10.8159 -90 2 -30 10 9220 1 
337.996 -34.6521 -180.125 1.08159 10.8159 -90 2 -30 10 9221 1 
337.978 -34.6521 -180.125 1.08159 10.8159 -90 2 -30 10 9222 1 
337.96 -34.6521 -180.125 1.08159 10.8159 -90 2 -30 10 9223 1 
337.942 -34.652 -180.125 1.08159 10.8159 -90 2 -30 10 9224 1 
337.924 -34.652 -180.125 1.08159 10.8159 -90 2 -30 10 9225 1 
337.906 -34.6519 -180.125 1.08159 10.8159 -90 2 -30 10 9226 1 
337.888 -34.6519 -180.125 1.08159 10.8159 -90 2 -30 10 9227 1 
337.87 -34.6519 -180.125 1.08159 10.8159 -90 2 -30 10 9228 1 
337.852 -34.6518 -180.125 1.08159 10.8159 -90 2 -30 10 9229 1 
337.834 -34.6518 -180.125 1.08159 10.8159 -90 2 -30 10 9230 1 
337.816 -34.6517 -180.125 1.08159 10.8159 -90 2 -30 10 9231 1 
337.798 -34.6517 -180.125 1.08159 10.8159 -90 2 -30 10 9232 1 
337.78 -34.6517 -180.125 1.08159 10.8159 -90 2 -30 10 9233 1 
337.762 -34.6516 -180.125 1.08159 10.8159 -90 2 -30 10 9234 1 
337.744 -34.6516 -180.125 1.08159 10.8159 -90 2 -30 10 9235 1 
337.726 -34.6516 -180.125 1.08159 10.8159 -90 2 -30 10 9236 1 
337.708 -34.6515 -180.125 1.08159 10.8159 -90 2 -30 10 9237 1 
337.69 -34.6515 -180.125 1.08159 10.8159 -90 2 -30 10 9238 1 
337.672 -34.6514 -180.125 1.08159 10.8159 -90 2 -30 10 9239 1 
337.654 -34.6514 -180.125 1.08159 10.8159 -90 2 -30 10 9240 1 
337.636 -34.6514 -180.125 1.08159 10.8159 -90 2 -30 10 9241 1 
337.618 -34.6513 -180.125 1.08159 10.8159 -90 2 -30 10 9242 1 
337.6 -34.6513 -180.125 1.08159 10.8159 -90 2 -30 10 9243 1 
337.581 -34.6512 -180.125 1.08159 10.8159 -90 2 -30 10 9244 1 
337.563 -34.6512 -180.125 1.08159 10.8159 -90 2 -30 10 9245 1 
337.545 -34.6512 -180.125 1.08159 10.8159 -90 2 -30 10 9246 1 
337.527 -34.6511 -180.125 1.08159 10.8159 -90 2 -30 10 9247 1 
337.509 -34.6511 -180.125 1.08159 10.8159 -90 2 -30 10 9248 1 
337.491 -34.6511 -180.125 1.08159 10.8159 -90 2 -30 10 9249 1 
337.473 -34.651 -180.125 1.08159 10.8159 -90 2 -30 10 9250 1 
337.455 -34.651 -180.125 1.08159 10.8159 -90 2 -30 10 9251 1 
337.437 -34.6509 -180.125 1.08159 10.8159 -90 2 -30 10 9252 1 
337.419 -34.6509 -180.125 1.08159 10.8159 -90 2 -30 10 9253 1 
337.401 -34.6509 -180.125 1.08159 10.8159 -90 2 -30 10 9254 1 
337.383 -34.6508 -180.125 1.08159 10.8159 -90 2 -30 10 9255 1 
337.365 -34.6508 -180.125 1.08159 10.8159 -90 2 -30 10 9256 1 
337.347 -34.6508 -180.125 1.08159 10.8159 -90 2 -30 10 9257 1 
337.329 -34.6507 -180.125 1.08159 10.8159 -90 2 -30 10 9258 1 
337.311 -34.6507 -180.125 1.08159 10.8159 -90 2 -30 10 9259 1 
337.293 -34.6506 -180.125 1.08159 10.8159 -90 2 -30 10 9260 1 
337.275 -34.6506 -180.125 1.08159 10.8159 -90 2 -30 10 9261 1 
337.257 -34.6506 -180.125 1.08159 10.8159 -90 2 -30 10 9262 1 
337.239 -34.6505 -180.125 1.08159 10.8159 -90 2 -30 10 9263 1 
337.221 -34.6505 -180.125 1.08159 10.8159 -90 2 -30 10 9264 1 
337.203 -34.6504 -180.125 1.08159 10.8159 -90 2 -30 10 9265 1 
337.185 -34.6504 -180.125 1.08159 10.8159 -90 2 -30 10 9266 1 
337.167 -34.6504 -180.125 1.08159 10.8159 -90 2 -30 10 9267 1 
337.149 -34.6503 -180.125 1.08159 10.8159 -90 2 -30 10 9268 1 
337.131 -34.6503 -180.125 1.08159 10.8159 -90 2 -30 10 9269 1 
337.113 -34.6503 -180.125 1.08159 10.8159 -90 2 -30 10 9270 1 
337.095 -34.6502 -180.125 1.08159 10.8159 -90 2 -30 10 9271 1 
337.076 -34.6502 -180.125 1.08159 10.8159 -90 2 -30 10 9272 1 
337.058 -34.6501 -180.125 1.08159 10.8159 -90 2 -30 10 9273 1 
337.04 -34.6501 -180.125 1.08159 10.8159 -90 2 -30 10 9274 1 
337.022 -34.6501 -180.125 1.08159 10.8159 -90 2 -30 10 9275 1 
337.004 -34.65 -180.125 1.08159 10.8159 -90 2 -30 10 9276 1 
336.986 -34.65 -180.125 1.08159 10.8159 -90 2 -30 10 9277 1 
336.968 -34.65 -180.125 1.08159 10.8159 -90 2 -30 10 9278 1 
336.95 -34.6499 -180.125 1.08159 10.8159 -90 2 -30 10 9279 1 
336.932 -34.6499 -180.125 1.08159 10.8159 -90 2 -30 10 9280 1 
336.914 -34.6498 -180.125 1.08159 10.8159 -90 2 -30 10 9281 1 
336.896 -34.6498 -180.125 1.08159 10.8159 -90 2 -30 10 9282 1 
336.878 -34.6498 -180.125 1.08159 10.8159 -90 2 -30 10 9283 1 
336.86 -34.6497 -180.125 1.08159 10.8159 -90 2 -30 10 9284 1 
336.842 -34.6497 -180.125 1.08159 10.8159 -90 2 -30 10 9285 1 
336.824 -34.6496 -180.125 1.08159 10.8159 -90 2 -30 10 9286 1 
336.806 -34.6496 -180.125 1.08159 10.8159 -90 2 -30 10 9287 1 
336.788 -34.6496 -180.125 1.08159 10.8159 -90 2 -30 10 9288 1 
336.77 -34.6495 -180.125 1.08159 10.8159 -90 2 -30 10 9289 1 
336.752 -34.6495 -180.125 1.08159 10.8159 -90 2 -30 10 9290 1 
336.734 -34.6495 -180.125 1.08159 10.8159 -90 2 -30 10 9291 1 
336.716 -34.6494 -180.125 1.08159 10.8159 -90 2 -30 10 9292 1 
336.698 -34.6494 -180.125 1.08159 10.8159 -90 2 -30 10 9293 1 
336.68 -34.6493 -180.125 1.08159 10.8159 -90 2 -30 10 9294 1 
336.662 -34.6493 -180.125 1.08159 10.8159 -90 2 -30 10 9295 1 
336.644 -34.6493 -180.125 1.08159 10.8159 -90 2 -30 10 9296 1 
336.626 -34.6492 -180.125 1.08159 10.8159 -90 2 -30 10 9297 1 
336.608 -34.6492 -180.125 1.08159 10.8159 -90 2 -30 10 9298 1 
336.59 -34.6492 -180.125 1.08159 10.8159 -90 2 -30 10 9299 1 
336.571 -34.6491 -180.125 1.08159 10.8159 -90 2 -30 10 9300 1 
336.553 -34.6491 -180.125 1.08159 10.8159 -90 2 -30 10 9301 1 
336.535 -34.649 -180.125 1.08159 10.8159 -90 2 -30 10 9302 1 
336.517 -34.649 -180.125 1.08159 10.8159 -90 2 -30 10 9303 1 
336.499 -34.649 -180.125 1.08159 10.8159 -90 2 -30 10 9304 1 
336.481 -34.6489 -180.125 1.08159 10.8159 -90 2 -30 10 9305 1 
336.463 -34.6489 -180.125 1.08159 10.8159 -90 2 -30 10 9306 1 
336.445 -34.6488 -180.125 1.08159 10.8159 -90 2 -30 10 9307 1 
336.427 -34.6488 -180.125 1.08159 10.8159 -90 2 -30 10 9308 1 
336.409 -34.6488 -180.125 1.08159 10.8159 -90 2 -30 10 9309 1 
336.391 -34.6487 -180.125 1.08159 10.8159 -90 2 -30 10 9310 1 
336.373 -34.6487 -180.125 1.08159 10.8159 -90 2 -30 10 9311 1 
336.355 -34.6487 -180.125 1.08159 10.8159 -90 2 -30 10 9312 1 
336.337 -34.6486 -180.125 1.08159 10.8159 -90 2 -30 10 9313 1 
336.319 -34.6486 -180.125 1.08159 10.8159 -90 2 -30 10 9314 1 
336.301 -34.6485 -180.125 1.08159 10.8159 -90 2 -30 10 9315 1 
336.283 -34.6485 -180.125 1.08159 10.8159 -90 2 -30 10 9316 1 
336.265 -34.6485 -180.125 1.08159 10.8159 -90 2 -30 10 9317 1 
336.247 -34.6484 -180.125 1.08159 10.8159 -90 2 -30 10 9318 1 
336.229 -34.6484 -180.125 1.08159 10.8159 -90 2 -30 10 9319 1 
336.211 -34.6483 -180.125 1.08159 10.8159 -90 2 -30 10 9320 1 
336.193 -34.6483 -180.125 1.08159 10.8159 -90 2 -30 10 9321 1 
336.175 -34.6483 -180.125 1.08159 10.8159 -90 2 -30 10 9322 1 
336.157 -34.6482 -180.125 1.08159 10.8159 -90 2 -30 10 9323 1 
336.139 -34.6482 -180.125 1.08159 10.8159 -90 2 -30 10 9324 1 
336.121 -34.6482 -180.125 1.08159 10.8159 -90 2 -30 10 9325 1 
336.103 -34.6481 -180.125 1.08159 10.8159 -90 2 -30 10 9326 1 
336.085 -34.6481 -180.125 1.08159 10.8159 -90 2 -30 10 9327 1 
336.066 -34.648 -180.125 1.08159 10.8159 -90 2 -30 10 9328 1 
336.048 -34.648 -180.125 1.08159 10.8159 -90 2 -30 10 9329 1 
336.03 -34.648 -180.125 1.08159 10.8159 -90 2 -30 10 9330 1 
336.012 -34.6479 -180.125 1.08159 10.8159 -90 2 -30 10 9331 1 
335.994 -34.6479 -180.125 1.08159 10.8159 -90 2 -30 10 9332 1 
335.976 -34.6479 -180.125 1.08159 10.8159 -90 2 -30 10 9333 1 
335.958 -34.6478 -180.125 1.08159 10.8159 -90 2 -30 10 9334 1 
335.94 -34.6478 -180.125 1.08159 10.8159 -90 2 -30 10 9335 1 
335.922 -34.6477 -180.125 1.08159 10.8159 -90 2 -30 10 9336 1 
335.904 -34.6477 -180.125 1.08159 10.8159 -90 2 -30 10 9337 1 
335.886 -34.6477 -180.125 1.08159 10.8159 -90 2 -30 10 9338 1 
335.868 -34.6476 -180.125 1.08159 10.8159 -90 2 -30 10 9339 1 
335.85 -34.6476 -180.125 1.08159 10.8159 -90 2 -30 10 9340 1 
335.832 -34.6475 -180.125 1.08159 10.8159 -90 2 -30 10 9341 1 
335.814 -34.6475 -180.125 1.08159 10.8159 -90 2 -30 10 9342 1 
335.796 -34.6475 -180.125 1.08159 10.8159 -90 2 -30 10 9343 1 
335.778 -34.6474 -180.125 1.08159 10.8159 -90 2 -30 10 9344 1 
335.76 -34.6474 -180.125 1.08159 10.8159 -90 2 -30 10 9345 1 
335.742 -34.6474 -180.125 1.08159 10.8159 -90 2 -30 10 9346 1 
335.724 -34.6473 -180.125 1.08159 10.8159 -90 2 -30 10 9347 1 
335.706 -34.6473 -180.125 1.08159 10.8159 -90 2 -30 10 9348 1 
335.688 -34.6472 -180.125 1.08159 10.8159 -90 2 -30 10 9349 1 
335.67 -34.6472 -180.125 1.08159 10.8159 -90 2 -30 10 9350 1 
335.652 -34.6472 -180.125 1.08159 10.8159 -90 2 -30 10 9351 1 
335.634 -34.6471 -180.125 1.08159 10.8159 -90 2 -30 10 9352 1 
335.616 -34.6471 -180.125 1.08159 10.8159 -90 2 -30 10 9353 1 
335.598 -34.6471 -180.125 1.08159 10.8159 -90 2 -30 10 9354 1 
335.579 -34.647 -180.125 1.08159 10.8159 -90 2 -30 10 9355 1 
335.561 -34.647 -180.125 1.08159 10.8159 -90 2 -30 10 9356 1 
335.543 -34.6469 -180.125 1.08159 10.8159 -90 2 -30 10 9357 1 
335.525 -34.6469 -180.125 1.08159 10.8159 -90 2 -30 10 9358 1 
335.507 -34.6469 -180.125 1.08159 10.8159 -90 2 -30 10 9359 1 
335.489 -34.6468 -180.125 1.08159 10.8159 -90 2 -30 10 9360 1 
335.471 -34.6468 -180.125 1.08159 10.8159 -90 2 -30 10 9361 1 
335.453 -34.6467 -180.125 1.08159 10.8159 -90 2 -30 10 9362 1 
335.435 -34.6467 -180.125 1.08159 10.8159 -90 2 -30 10 9363 1 
335.417 -34.6467 -180.125 1.08159 10.8159 -90 2 -30 10 9364 1 
335.399 -34.6466 -180.125 1.08159 10.8159 -90 2 -30 10 9365 1 
335.381 -34.6466 -180.125 1.08159 10.8159 -90 2 -30 10 9366 1 
335.363 -34.6466 -180.125 1.08159 10.8159 -90 2 -30 10 9367 1 
335.345 -34.6465 -180.125 1.08159 10.8159 -90 2 -30 10 9368 1 
335.327 -34.6465 -180.125 1.08159 10.8159 -90 2 -30 10 9369 1 
335.309 -34.6464 -180.125 1.08159 10.8159 -90 2 -30 10 9370 1 
335.291 -34.6464 -180.125 1.08159 10.8159 -90 2 -30 10 9371 1 
335.273 -34.6464 -180.125 1.08159 10.8159 -90 2 -30 10 9372 1 
335.255 -34.6463 -180.125 1.08159 10.8159 -90 2 -30 10 9373 1 
335.237 -34.6463 -180.125 1.08159 10.8159 -90 2 -30 10 9374 1 
335.219 -34.6463 -180.125 1.08159 10.8159 -90 2 -30 10 9375 1 
335.201 -34.6462 -180.125 1.08159 10.8159 -90 2 -30 10 9376 1 
335.183 -34.6462 -180.125 1.08159 10.8159 -90 2 -30 10 9377 1 
335.165 -34.6461 -180.125 1.08159 10.8159 -90 2 -30 10 9378 1 
335.147 -34.6461 -180.125 1.08159 10.8159 -90 2 -30 10 9379 1 
335.129 -34.6461 -180.125 1.08159 10.8159 -90 2 -30 10 9380 1 
335.111 -34.646 -180.125 1.08159 10.8159 -90 2 -30 10 9381 1 
335.093 -34.646 -180.125 1.08159 10.8159 -90 2 -30 10 9382 1 
335.074 -34.6459 -180.125 1.08159 10.8159 -90 2 -30 10 9383 1 
335.056 -34.6459 -180.125 1.08159 10.8159 -90 2 -30 10 9384 1 
335.038 -34.6459 -180.125 1.08159 10.8159 -90 2 -30 10 9385 1 
335.02 -34.6458 -180.125 1.08159 10.8159 -90 2 -30 10 9386 1 
335.002 -34.6458 -180.125 1.08159 10.8159 -90 2 -30 10 9387 1 
334.984 -34.6458 -180.125 1.08159 10.8159 -90 2 -30 10 9388 1 
334.966 -34.6457 -180.125 1.08159 10.8159 -90 2 -30 10 9389 1 
334.948 -34.6457 -180.125 1.08159 10.8159 -90 2 -30 10 9390 1 
334.93 -34.6456 -180.125 1.08159 10.8159 -90 2 -30 10 9391 1 
334.912 -34.6456 -180.125 1.08159 10.8159 -90 2 -30 10 9392 1 
334.894 -34.6456 -180.125 1.08159 10.8159 -90 2 -30 10 9393 1 
334.876 -34.6455 -180.125 1.08159 10.8159 -90 2 -30 10 9394 1 
334.858 -34.6455 -180.125 1.08159 10.8159 -90 2 -30 10 9395 1 
334.84 -34.6455 -180.125 1.08159 10.8159 -90 2 -30 10 9396 1 
334.822 -34.6454 -180.125 1.08159 10.8159 -90 2 -30 10 9397 1 
334.804 -34.6454 -180.125 1.08159 10.8159 -90 2 -30 10 9398 1 
334.786 -34.6453 -180.125 1.08159 10.8159 -90 2 -30 10 9399 1 
334.768 -34.6453 -180.125 1.08159 10.8159 -90 2 -30 10 9400 1 
334.75 -34.6453 -180.125 1.08159 10.8159 -90 2 -30 10 9401 1 
334.732 -34.6452 -180.125 1.08159 10.8159 -90 2 -30 10 9402 1 
334.714 -34.6452 -180.125 1.08159 10.8159 -90 2 -30 10 9403 1 
334.696 -34.6451 -180.125 1.08159 10.8159 -90 2 -30 10 9404 1 
334.678 -34.6451 -180.125 1.08159 10.8159 -90 2 -30 10 9405 1 
334.66 -34.6451 -180.125 1.08159 10.8159 -90 2 -30 10 9406 1 
334.642 -34.645 -180.125 1.08159 10.8159 -90 2 -30 10 9407 1 
334.624 -34.645 -180.125 1.08159 10.8159 -90 2 -30 10 9408 1 
334.606 -34.645 -180.125 1.08159 10.8159 -90 2 -30 10 9409 1 
334.588 -34.6449 -180.126 1.08159 10.8159 -90 2 -30 10 9410 1 
334.569 -34.6449 -180.126 1.08159 10.8159 -90 2 -30 10 9411 1 
334.551 -34.6448 -180.126 1.08159 10.8159 -90 2 -30 10 9412 1 
334.533 -34.6448 -180.126 1.08159 10.8159 -90 2 -30 10 9413 1 
334.515 -34.6448 -180.126 1.08159 10.8159 -90 2 -30 10 9414 1 
334.497 -34.6447 -180.126 1.08159 10.8159 -90 2 -30 10 9415 1 
334.479 -34.6447 -180.126 1.08159 10.8159 -90 2 -30 10 9416 1 
334.461 -34.6446 -180.126 1.08159 10.8159 -90 2 -30 10 9417 1 
334.443 -34.6446 -180.126 1.08159 10.8159 -90 2 -30 10 9418 1 
334.425 -34.6446 -180.126 1.08159 10.8159 -90 2 -30 10 9419 1 
334.407 -34.6445 -180.126 1.08159 10.8159 -90 2 -30 10 9420 1 
334.389 -34.6445 -180.126 1.08159 10.8159 -90 2 -30 10 9421 1 
334.371 -34.6445 -180.126 1.08159 10.8159 -90 2 -30 10 9422 1 
334.353 -34.6444 -180.126 1.08159 10.8159 -90 2 -30 10 9423 1 
334.335 -34.6444 -180.126 1.08159 10.8159 -90 2 -30 10 9424 1 
334.317 -34.6443 -180.126 1.08159 10.8159 -90 2 -30 10 9425 1 
334.299 -34.6443 -180.126 1.08159 10.8159 -90 2 -30 10 9426 1 
334.281 -34.6443 -180.126 1.08159 10.8159 -90 2 -30 10 9427 1 
334.263 -34.6442 -180.126 1.08159 10.8159 -90 2 -30 10 9428 1 
334.245 -34.6442 -180.126 1.08159 10.8159 -90 2 -30 10 9429 1 
334.227 -34.6442 -180.126 1.08159 10.8159 -90 2 -30 10 9430 1 
334.209 -34.6441 -180.126 1.08159 10.8159 -90 2 -30 10 9431 1 
334.191 -34.6441 -180.126 1.08159 10.8159 -90 2 -30 10 9432 1 
334.173 -34.644 -180.126 1.08159 10.8159 -90 2 -30 10 9433 1 
334.155 -34.644 -180.126 1.08159 10.8159 -90 2 -30 10 9434 1 
334.137 -34.644 -180.126 1.08159 10.8159 -90 2 -30 10 9435 1 
334.119 -34.6439 -180.126 1.08159 10.8159 -90 2 -30 10 9436 1 
334.101 -34.6439 -180.126 1.08159 10.8159 -90 2 -30 10 9437 1 
334.083 -34.6438 -180.126 1.08159 10.8159 -90 2 -30 10 9438 1 
334.064 -34.6438 -180.126 1.08159 10.8159 -90 2 -30 10 9439 1 
334.046 -34.6438 -180.126 1.08159 10.8159 -90 2 -30 10 9440 1 
334.028 -34.6437 -180.126 1.08159 10.8159 -90 2 -30 10 9441 1 
334.01 -34.6437 -180.126 1.08159 10.8159 -90 2 -30 10 9442 1 
333.992 -34.6437 -180.126 1.08159 10.8159 -90 2 -30 10 9443 1 
333.974 -34.6436 -180.126 1.08159 10.8159 -90 2 -30 10 9444 1 
333.956 -34.6436 -180.126 1.08159 10.8159 -90 2 -30 10 9445 1 
333.938 -34.6435 -180.126 1.08159 10.8159 -90 2 -30 10 9446 1 
333.92 -34.6435 -180.126 1.08159 10.8159 -90 2 -30 10 9447 1 
333.902 -34.6435 -180.126 1.08159 10.8159 -90 2 -30 10 9448 1 
333.884 -34.6434 -180.126 1.08159 10.8159 -90 2 -30 10 9449 1 
333.866 -34.6434 -180.126 1.08159 10.8159 -90 2 -30 10 9450 1 
333.848 -34.6434 -180.126 1.08159 10.8159 -90 2 -30 10 9451 1 
333.83 -34.6433 -180.126 1.08159 10.8159 -90 2 -30 10 9452 1 
333.812 -34.6433 -180.126 1.08159 10.8159 -90 2 -30 10 9453 1 
333.794 -34.6432 -180.126 1.08159 10.8159 -90 2 -30 10 9454 1 
333.776 -34.6432 -180.126 1.08159 10.8159 -90 2 -30 10 9455 1 
333.758 -34.6432 -180.126 1.08159 10.8159 -90 2 -30 10 9456 1 
333.74 -34.6431 -180.126 1.08159 10.8159 -90 2 -30 10 9457 1 
333.722 -34.6431 -180.126 1.08159 10.8159 -90 2 -30 10 9458 1 
333.704 -34.643 -180.126 1.08159 10.8159 -90 2 -30 10 9459 1 
333.686 -34.643 -180.126 1.08159 10.8159 -90 2 -30 10 9460 1 
333.668 -34.643 -180.126 1.08159 10.8159 -90 2 -30 10 9461 1 
333.65 -34.6429 -180.126 1.08159 10.8159 -90 2 -30 10 9462 1 
333.632 -34.6429 -180.126 1.08159 10.8159 -90 2 -30 10 9463 1 
333.614 -34.6429 -180.126 1.08159 10.8159 -90 2 -30 10 9464 1 
333.596 -34.6428 -180.126 1.08159 10.8159 -90 2 -30 10 9465 1 
333.578 -34.6428 -180.126 1.08159 10.8159 -90 2 -30 10 9466 1 
333.559 -34.6427 -180.126 1.08159 10.8159 -90 2 -30 10 9467 1 
333.541 -34.6427 -180.126 1.08159 10.8159 -90 2 -30 10 9468 1 
333.523 -34.6427 -180.126 1.08159 10.8159 -90 2 -30 10 9469 1 
333.505 -34.6426 -180.126 1.08159 10.8159 -90 2 -30 10 9470 1 
333.487 -34.6426 -180.126 1.08159 10.8159 -90 2 -30 10 9471 1 
333.469 -34.6426 -180.126 1.08159 10.8159 -90 2 -30 10 9472 1 
333.451 -34.6425 -180.126 1.08159 10.8159 -90 2 -30 10 9473 1 
333.433 -34.6425 -180.126 1.08159 10.8159 -90 2 -30 10 9474 1 
333.415 -34.6424 -180.126 1.08159 10.8159 -90 2 -30 10 9475 1 
333.397 -34.6424 -180.126 1.08159 10.8159 -90 2 -30 10 9476 1 
333.379 -34.6424 -180.126 1.08159 10.8159 -90 2 -30 10 9477 1 
333.361 -34.6423 -180.126 1.08159 10.8159 -90 2 -30 10 9478 1 
333.343 -34.6423 -180.126 1.08159 10.8159 -90 2 -30 10 9479 1 
333.325 -34.6422 -180.126 1.08159 10.8159 -90 2 -30 10 9480 1 
333.307 -34.6422 -180.126 1.08159 10.8159 -90 2 -30 10 9481 1 
333.289 -34.6422 -180.126 1.08159 10.8159 -90 2 -30 10 9482 1 
333.271 -34.6421 -180.126 1.08159 10.8159 -90 2 -30 10 9483 1 
333.253 -34.6421 -180.126 1.08159 10.8159 -90 2 -30 10 9484 1 
333.235 -34.6421 -180.126 1.08159 10.8159 -90 2 -30 10 9485 1 
333.217 -34.642 -180.126 1.08159 10.8159 -90 2 -30 10 9486 1 
333.199 -34.642 -180.126 1.08159 10.8159 -90 2 -30 10 9487 1 
333.181 -34.6419 -180.126 1.08159 10.8159 -90 2 -30 10 9488 1 
333.163 -34.6419 -180.126 1.08159 10.8159 -90 2 -30 10 9489 1 
333.145 -34.6419 -180.126 1.08159 10.8159 -90 2 -30 10 9490 1 
333.127 -34.6418 -180.126 1.08159 10.8159 -90 2 -30 10 9491 1 
333.109 -34.6418 -180.126 1.08159 10.8159 -90 2 -30 10 9492 1 
333.091 -34.6418 -180.126 1.08159 10.8159 -90 2 -30 10 9493 1 
333.073 -34.6417 -180.126 1.08159 10.8159 -90 2 -30 10 9494 1 
333.054 -34.6417 -180.126 1.08159 10.8159 -90 2 -30 10 9495 1 
333.036 -34.6416 -180.126 1.08159 10.8159 -90 2 -30 10 9496 1 
333.018 -34.6416 -180.126 1.08159 10.8159 -90 2 -30 10 9497 1 
333 -34.6416 -180.126 1.08159 10.8159 -90 2 -30 10 9498 1 
332.982 -34.6415 -180.126 1.08159 10.8159 -90 2 -30 10 9499 1 
332.964 -34.6415 -180.126 1.08159 10.8159 -90 2 -30 10 9500 1 
332.946 -34.6414 -180.126 1.08159 10.8159 -90 2 -30 10 9501 1 
332.928 -34.6414 -180.126 1.08159 10.8159 -90 2 -30 10 9502 1 
332.91 -34.6414 -180.126 1.08159 10.8159 -90 2 -30 10 9503 1 
332.892 -34.6413 -180.126 1.08159 10.8159 -90 2 -30 10 9504 1 
332.874 -34.6413 -180.126 1.08159 10.8159 -90 2 -30 10 9505 1 
332.856 -34.6413 -180.126 1.08159 10.8159 -90 2 -30 10 9506 1 
332.838 -34.6412 -180.126 1.08159 10.8159 -90 2 -30 10 9507 1 
332.82 -34.6412 -180.126 1.08159 10.8159 -90 2 -30 10 9508 1 
332.802 -34.6411 -180.126 1.08159 10.8159 -90 2 -30 10 9509 1 
332.784 -34.6411 -180.126 1.08159 10.8159 -90 2 -30 10 9510 1 
332.766 -34.6411 -180.126 1.08159 10.8159 -90 2 -30 10 9511 1 
332.748 -34.641 -180.126 1.08159 10.8159 -90 2 -30 10 9512 1 
332.73 -34.641 -180.126 1.08159 10.8159 -90 2 -30 10 9513 1 
332.712 -34.6409 -180.126 1.08159 10.8159 -90 2 -30 10 9514 1 
332.694 -34.6409 -180.126 1.08159 10.8159 -90 2 -30 10 9515 1 
332.676 -34.6409 -180.126 1.08159 10.8159 -90 2 -30 10 9516 1 
332.658 -34.6408 -180.126 1.08159 10.8159 -90 2 -30 10 9517 1 
332.64 -34.6408 -180.126 1.08159 10.8159 -90 2 -30 10 9518 1 
332.622 -34.6408 -180.126 1.08159 10.8159 -90 2 -30 10 9519 1 
332.604 -34.6407 -180.126 1.08159 10.8159 -90 2 -30 10 9520 1 
332.586 -34.6407 -180.126 1.08159 10.8159 -90 2 -30 10 9521 1 
332.568 -34.6406 -180.126 1.08159 10.8159 -90 2 -30 10 9522 1 
332.549 -34.6406 -180.126 1.08159 10.8159 -90 2 -30 10 9523 1 
332.531 -34.6406 -180.126 1.08159 10.8159 -90 2 -30 10 9524 1 
332.513 -34.6405 -180.126 1.08159 10.8159 -90 2 -30 10 9525 1 
332.495 -34.6405 -180.126 1.08159 10.8159 -90 2 -30 10 9526 1 
332.477 -34.6405 -180.126 1.08159 10.8159 -90 2 -30 10 9527 1 
332.459 -34.6404 -180.126 1.08159 10.8159 -90 2 -30 10 9528 1 
332.441 -34.6404 -180.126 1.08159 10.8159 -90 2 -30 10 9529 1 
332.423 -34.6403 -180.126 1.08159 10.8159 -90 2 -30 10 9530 1 
332.405 -34.6403 -180.126 1.08159 10.8159 -90 2 -30 10 9531 1 
332.387 -34.6403 -180.126 1.08159 10.8159 -90 2 -30 10 9532 1 
332.369 -34.6402 -180.126 1.08159 10.8159 -90 2 -30 10 9533 1 
332.351 -34.6402 -180.126 1.08159 10.8159 -90 2 -30 10 9534 1 
332.333 -34.6401 -180.126 1.08159 10.8159 -90 2 -30 10 9535 1 
332.315 -34.6401 -180.126 1.08159 10.8159 -90 2 -30 10 9536 1 
332.297 -34.6401 -180.126 1.08159 10.8159 -90 2 -30 10 9537 1 
332.279 -34.64 -180.126 1.08159 10.8159 -90 2 -30 10 9538 1 
332.261 -34.64 -180.126 1.08159 10.8159 -90 2 -30 10 9539 1 
332.243 -34.64 -180.126 1.08159 10.8159 -90 2 -30 10 9540 1 
332.225 -34.6399 -180.126 1.08159 10.8159 -90 2 -30 10 9541 1 
332.207 -34.6399 -180.126 1.08159 10.8159 -90 2 -30 10 9542 1 
332.189 -34.6398 -180.126 1.08159 10.8159 -90 2 -30 10 9543 1 
332.171 -34.6398 -180.126 1.08159 10.8159 -90 2 -30 10 9544 1 
332.153 -34.6398 -180.126 1.08159 10.8159 -90 2 -30 10 9545 1 
332.135 -34.6397 -180.126 1.08159 10.8159 -90 2 -30 10 9546 1 
332.117 -34.6397 -180.126 1.08159 10.8159 -90 2 -30 10 9547 1 
332.099 -34.6397 -180.126 1.08159 10.8159 -90 2 -30 10 9548 1 
332.081 -34.6396 -180.126 1.08159 10.8159 -90 2 -30 10 9549 1 
332.062 -34.6396 -180.126 1.08159 10.8159 -90 2 -30 10 9550 1 
332.044 -34.6395 -180.126 1.08159 10.8159 -90 2 -30 10 9551 1 
332.026 -34.6395 -180.126 1.08159 10.8159 -90 2 -30 10 9552 1 
332.008 -34.6395 -180.126 1.08159 10.8159 -90 2 -30 10 9553 1 
331.99 -34.6394 -180.126 1.08159 10.8159 -90 2 -30 10 9554 1 
331.972 -34.6394 -180.126 1.08159 10.8159 -90 2 -30 10 9555 1 
331.954 -34.6393 -180.126 1.08159 10.8159 -90 2 -30 10 9556 1 
331.936 -34.6393 -180.126 1.08159 10.8159 -90 2 -30 10 9557 1 
331.918 -34.6393 -180.126 1.08159 10.8159 -90 2 -30 10 9558 1 
331.9 -34.6392 -180.126 1.08159 10.8159 -90 2 -30 10 9559 1 
331.882 -34.6392 -180.126 1.08159 10.8159 -90 2 -30 10 9560 1 
331.864 -34.6392 -180.126 1.08159 10.8159 -90 2 -30 10 9561 1 
331.846 -34.6391 -180.126 1.08159 10.8159 -90 2 -30 10 9562 1 
331.828 -34.6391 -180.126 1.08159 10.8159 -90 2 -30 10 9563 1 
331.81 -34.639 -180.126 1.08159 10.8159 -90 2 -30 10 9564 1 
331.792 -34.639 -180.126 1.08159 10.8159 -90 2 -30 10 9565 1 
331.774 -34.639 -180.126 1.08159 10.8159 -90 2 -30 10 9566 1 
331.756 -34.6389 -180.126 1.08159 10.8159 -90 2 -30 10 9567 1 
331.738 -34.6389 -180.126 1.08159 10.8159 -90 2 -30 10 9568 1 
331.72 -34.6389 -180.126 1.08159 10.8159 -90 2 -30 10 9569 1 
331.702 -34.6388 -180.126 1.08159 10.8159 -90 2 -30 10 9570 1 
331.684 -34.6388 -180.126 1.08159 10.8159 -90 2 -30 10 9571 1 
331.666 -34.6387 -180.126 1.08159 10.8159 -90 2 -30 10 9572 1 
331.648 -34.6387 -180.126 1.08159 10.8159 -90 2 -30 10 9573 1 
331.63 -34.6387 -180.126 1.08159 10.8159 -90 2 -30 10 9574 1 
331.612 -34.6386 -180.126 1.08159 10.8159 -90 2 -30 10 9575 1 
331.594 -34.6386 -180.126 1.08159 10.8159 -90 2 -30 10 9576 1 
331.576 -34.6385 -180.126 1.08159 10.8159 -90 2 -30 10 9577 1 
331.557 -34.6385 -180.126 1.08159 10.8159 -90 2 -30 10 9578 1 
331.539 -34.6385 -180.126 1.08159 10.8159 -90 2 -30 10 9579 1 
331.521 -34.6384 -180.126 1.08159 10.8159 -90 2 -30 10 9580 1 
331.503 -34.6384 -180.126 1.08159 10.8159 -90 2 -30 10 9581 1 
331.485 -34.6384 -180.126 1.08159 10.8159 -90 2 -30 10 9582 1 
331.467 -34.6383 -180.126 1.08159 10.8159 -90 2 -30 10 9583 1 
331.449 -34.6383 -180.126 1.08159 10.8159 -90 2 -30 10 9584 1 
331.431 -34.6382 -180.126 1.08159 10.8159 -90 2 -30 10 9585 1 
331.413 -34.6382 -180.126 1.08159 10.8159 -90 2 -30 10 9586 1 
331.395 -34.6382 -180.126 1.08159 10.8159 -90 2 -30 10 9587 1 
331.377 -34.6381 -180.126 1.08159 10.8159 -90 2 -30 10 9588 1 
331.359 -34.6381 -180.126 1.08159 10.8159 -90 2 -30 10 9589 1 
331.341 -34.6381 -180.126 1.08159 10.8159 -90 2 -30 10 9590 1 
331.323 -34.638 -180.126 1.08159 10.8159 -90 2 -30 10 9591 1 
331.305 -34.638 -180.126 1.08159 10.8159 -90 2 -30 10 9592 1 
331.287 -34.6379 -180.126 1.08159 10.8159 -90 2 -30 10 9593 1 
331.269 -34.6379 -180.126 1.08159 10.8159 -90 2 -30 10 9594 1 
331.251 -34.6379 -180.126 1.08159 10.8159 -90 2 -30 10 9595 1 
331.233 -34.6378 -180.126 1.08159 10.8159 -90 2 -30 10 9596 1 
331.215 -34.6378 -180.126 1.08159 10.8159 -90 2 -30 10 9597 1 
331.197 -34.6377 -180.126 1.08159 10.8159 -90 2 -30 10 9598 1 
331.179 -34.6377 -180.126 1.08159 10.8159 -90 2 -30 10 9599 1 
331.161 -34.6377 -180.126 1.08159 10.8159 -90 2 -30 10 9600 1 
331.143 -34.6376 -180.126 1.08159 10.8159 -90 2 -30 10 9601 1 
331.125 -34.6376 -180.126 1.08159 10.8159 -90 2 -30 10 9602 1 
331.107 -34.6376 -180.126 1.08159 10.8159 -90 2 -30 10 9603 1 
331.089 -34.6375 -180.126 1.08159 10.8159 -90 2 -30 10 9604 1 
331.071 -34.6375 -180.126 1.08159 10.8159 -90 2 -30 10 9605 1 
331.052 -34.6374 -180.126 1.08159 10.8159 -90 2 -30 10 9606 1 
331.034 -34.6374 -180.126 1.08159 10.8159 -90 2 -30 10 9607 1 
331.016 -34.6374 -180.126 1.08159 10.8159 -90 2 -30 10 9608 1 
330.998 -34.6373 -180.126 1.08159 10.8159 -90 2 -30 10 9609 1 
330.98 -34.6373 -180.126 1.08159 10.8159 -90 2 -30 10 9610 1 
330.962 -34.6372 -180.126 1.08159 10.8159 -90 2 -30 10 9611 1 
330.944 -34.6372 -180.126 1.08159 10.8159 -90 2 -30 10 9612 1 
330.926 -34.6372 -180.126 1.08159 10.8159 -90 2 -30 10 9613 1 
330.908 -34.6371 -180.126 1.08159 10.8159 -90 2 -30 10 9614 1 
330.89 -34.6371 -180.126 1.08159 10.8159 -90 2 -30 10 9615 1 
330.872 -34.6371 -180.126 1.08159 10.8159 -90 2 -30 10 9616 1 
330.854 -34.637 -180.126 1.08159 10.8159 -90 2 -30 10 9617 1 
330.836 -34.637 -180.126 1.08159 10.8159 -90 2 -30 10 9618 1 
330.818 -34.6369 -180.126 1.08159 10.8159 -90 2 -30 10 9619 1 
330.8 -34.6369 -180.126 1.08159 10.8159 -90 2 -30 10 9620 1 
330.782 -34.6369 -180.126 1.08159 10.8159 -90 2 -30 10 9621 1 
330.764 -34.6368 -180.126 1.08159 10.8159 -90 2 -30 10 9622 1 
330.746 -34.6368 -180.126 1.08159 10.8159 -90 2 -30 10 9623 1 
330.728 -34.6368 -180.126 1.08159 10.8159 -90 2 -30 10 9624 1 
330.71 -34.6367 -180.126 1.08159 10.8159 -90 2 -30 10 9625 1 
330.692 -34.6367 -180.126 1.08159 10.8159 -90 2 -30 10 9626 1 
330.674 -34.6366 -180.126 1.08159 10.8159 -90 2 -30 10 9627 1 
330.656 -34.6366 -180.126 1.08159 10.8159 -90 2 -30 10 9628 1 
330.638 -34.6366 -180.126 1.08159 10.8159 -90 2 -30 10 9629 1 
330.62 -34.6365 -180.126 1.08159 10.8159 -90 2 -30 10 9630 1 
330.602 -34.6365 -180.126 1.08159 10.8159 -90 2 -30 10 9631 1 
330.584 -34.6364 -180.126 1.08159 10.8159 -90 2 -30 10 9632 1 
330.566 -34.6364 -180.126 1.08159 10.8159 -90 2 -30 10 9633 1 
330.547 -34.6364 -180.126 1.08159 10.8159 -90 2 -30 10 9634 1 
330.529 -34.6363 -180.126 1.08159 10.8159 -90 2 -30 10 9635 1 
330.511 -34.6363 -180.126 1.08159 10.8159 -90 2 -30 10 9636 1 
330.493 -34.6363 -180.126 1.08159 10.8159 -90 2 -30 10 9637 1 
330.475 -34.6362 -180.126 1.08159 10.8159 -90 2 -30 10 9638 1 
330.457 -34.6362 -180.127 1.08159 10.8159 -90 2 -30 10 9639 1 
330.439 -34.6361 -180.127 1.08159 10.8159 -90 2 -30 10 9640 1 
330.421 -34.6361 -180.127 1.08159 10.8159 -90 2 -30 10 9641 1 
330.403 -34.6361 -180.127 1.08159 10.8159 -90 2 -30 10 9642 1 
330.385 -34.636 -180.127 1.08159 10.8159 -90 2 -30 10 9643 1 
330.367 -34.636 -180.127 1.08159 10.8159 -90 2 -30 10 9644 1 
330.349 -34.636 -180.127 1.08159 10.8159 -90 2 -30 10 9645 1 
330.331 -34.6359 -180.127 1.08159 10.8159 -90 2 -30 10 9646 1 
330.313 -34.6359 -180.127 1.08159 10.8159 -90 2 -30 10 9647 1 
330.295 -34.6358 -180.127 1.08159 10.8159 -90 2 -30 10 9648 1 
330.277 -34.6358 -180.127 1.08159 10.8159 -90 2 -30 10 9649 1 
330.259 -34.6358 -180.127 1.08159 10.8159 -90 2 -30 10 9650 1 
330.241 -34.6357 -180.127 1.08159 10.8159 -90 2 -30 10 9651 1 
330.223 -34.6357 -180.127 1.08159 10.8159 -90 2 -30 10 9652 1 
330.205 -34.6356 -180.127 1.08159 10.8159 -90 2 -30 10 9653 1 
330.187 -34.6356 -180.127 1.08159 10.8159 -90 2 -30 10 9654 1 
330.169 -34.6356 -180.127 1.08159 10.8159 -90 2 -30 10 9655 1 
330.151 -34.6355 -180.127 1.08159 10.8159 -90 2 -30 10 9656 1 
330.133 -34.6355 -180.127 1.08159 10.8159 -90 2 -30 10 9657 1 
330.115 -34.6355 -180.127 1.08159 10.8159 -90 2 -30 10 9658 1 
330.097 -34.6354 -180.127 1.08159 10.8159 -90 2 -30 10 9659 1 
330.079 -34.6354 -180.127 1.08159 10.8159 -90 2 -30 10 9660 1 
330.061 -34.6353 -180.127 1.08159 10.8159 -90 2 -30 10 9661 1 
330.042 -34.6353 -180.127 1.08159 10.8159 -90 2 -30 10 9662 1 
330.024 -34.6353 -180.127 1.08159 10.8159 -90 2 -30 10 9663 1 
330.006 -34.6352 -180.127 1.08159 10.8159 -90 2 -30 10 9664 1 
329.988 -34.6352 -180.127 1.08159 10.8159 -90 2 -30 10 9665 1 
329.97 -34.6352 -180.127 1.08159 10.8159 -90 2 -30 10 9666 1 
329.952 -34.6351 -180.127 1.08159 10.8159 -90 2 -30 10 9667 1 
329.934 -34.6351 -180.127 1.08159 10.8159 -90 2 -30 10 9668 1 
329.916 -34.635 -180.127 1.08159 10.8159 -90 2 -30 10 9669 1 
329.898 -34.635 -180.127 1.08159 10.8159 -90 2 -30 10 9670 1 
329.88 -34.635 -180.127 1.08159 10.8159 -90 2 -30 10 9671 1 
329.862 -34.6349 -180.127 1.08159 10.8159 -90 2 -30 10 9672 1 
329.844 -34.6349 -180.127 1.08159 10.8159 -90 2 -30 10 9673 1 
329.826 -34.6348 -180.127 1.08159 10.8159 -90 2 -30 10 9674 1 
329.808 -34.6348 -180.127 1.08159 10.8159 -90 2 -30 10 9675 1 
329.79 -34.6348 -180.127 1.08159 10.8159 -90 2 -30 10 9676 1 
329.772 -34.6347 -180.127 1.08159 10.8159 -90 2 -30 10 9677 1 
329.754 -34.6347 -180.127 1.08159 10.8159 -90 2 -30 10 9678 1 
329.736 -34.6347 -180.127 1.08159 10.8159 -90 2 -30 10 9679 1 
329.718 -34.6346 -180.127 1.08159 10.8159 -90 2 -30 10 9680 1 
329.7 -34.6346 -180.127 1.08159 10.8159 -90 2 -30 10 9681 1 
329.682 -34.6345 -180.127 1.08159 10.8159 -90 2 -30 10 9682 1 
329.664 -34.6345 -180.127 1.08159 10.8159 -90 2 -30 10 9683 1 
329.646 -34.6345 -180.127 1.08159 10.8159 -90 2 -30 10 9684 1 
329.628 -34.6344 -180.127 1.08159 10.8159 -90 2 -30 10 9685 1 
329.61 -34.6344 -180.127 1.08159 10.8159 -90 2 -30 10 9686 1 
329.592 -34.6343 -180.127 1.08159 10.8159 -90 2 -30 10 9687 1 
329.574 -34.6343 -180.127 1.08159 10.8159 -90 2 -30 10 9688 1 
329.556 -34.6343 -180.127 1.08159 10.8159 -90 2 -30 10 9689 1 
329.537 -34.6342 -180.127 1.08159 10.8159 -90 2 -30 10 9690 1 
329.519 -34.6342 -180.127 1.08159 10.8159 -90 2 -30 10 9691 1 
329.501 -34.6342 -180.127 1.08159 10.8159 -90 2 -30 10 9692 1 
329.483 -34.6341 -180.127 1.08159 10.8159 -90 2 -30 10 9693 1 
329.465 -34.6341 -180.127 1.08159 10.8159 -90 2 -30 10 9694 1 
329.447 -34.634 -180.127 1.08159 10.8159 -90 2 -30 10 9695 1 
329.429 -34.634 -180.127 1.08159 10.8159 -90 2 -30 10 9696 1 
329.411 -34.634 -180.127 1.08159 10.8159 -90 2 -30 10 9697 1 
329.393 -34.6339 -180.127 1.08159 10.8159 -90 2 -30 10 9698 1 
329.375 -34.6339 -180.127 1.08159 10.8159 -90 2 -30 10 9699 1 
329.357 -34.6339 -180.127 1.08159 10.8159 -90 2 -30 10 9700 1 
329.339 -34.6338 -180.127 1.08159 10.8159 -90 2 -30 10 9701 1 
329.321 -34.6338 -180.127 1.08159 10.8159 -90 2 -30 10 9702 1 
329.303 -34.6337 -180.127 1.08159 10.8159 -90 2 -30 10 9703 1 
329.285 -34.6337 -180.127 1.08159 10.8159 -90 2 -30 10 9704 1 
329.267 -34.6337 -180.127 1.08159 10.8159 -90 2 -30 10 9705 1 
329.249 -34.6336 -180.127 1.08159 10.8159 -90 2 -30 10 9706 1 
329.231 -34.6336 -180.127 1.08159 10.8159 -90 2 -30 10 9707 1 
329.213 -34.6335 -180.127 1.08159 10.8159 -90 2 -30 10 9708 1 
329.195 -34.6335 -180.127 1.08159 10.8159 -90 2 -30 10 9709 1 
329.177 -34.6335 -180.127 1.08159 10.8159 -90 2 -30 10 9710 1 
329.159 -34.6334 -180.127 1.08159 10.8159 -90 2 -30 10 9711 1 
329.141 -34.6334 -180.127 1.08159 10.8159 -90 2 -30 10 9712 1 
329.123 -34.6334 -180.127 1.08159 10.8159 -90 2 -30 10 9713 1 
329.105 -34.6333 -180.127 1.08159 10.8159 -90 2 -30 10 9714 1 
329.087 -34.6333 -180.127 1.08159 10.8159 -90 2 -30 10 9715 1 
329.069 -34.6332 -180.127 1.08159 10.8159 -90 2 -30 10 9716 1 
329.051 -34.6332 -180.127 1.08159 10.8159 -90 2 -30 10 9717 1 
329.032 -34.6332 -180.127 1.08159 10.8159 -90 2 -30 10 9718 1 
329.014 -34.6331 -180.127 1.08159 10.8159 -90 2 -30 10 9719 1 
328.996 -34.6331 -180.127 1.08159 10.8159 -90 2 -30 10 9720 1 
328.978 -34.6331 -180.127 1.08159 10.8159 -90 2 -30 10 9721 1 
328.96 -34.633 -180.127 1.08159 10.8159 -90 2 -30 10 9722 1 
328.942 -34.633 -180.127 1.08159 10.8159 -90 2 -30 10 9723 1 
328.924 -34.6329 -180.127 1.08159 10.8159 -90 2 -30 10 9724 1 
328.906 -34.6329 -180.127 1.08159 10.8159 -90 2 -30 10 9725 1 
328.888 -34.6329 -180.127 1.08159 10.8159 -90 2 -30 10 9726 1 
328.87 -34.6328 -180.127 1.08159 10.8159 -90 2 -30 10 9727 1 
328.852 -34.6328 -180.127 1.08159 10.8159 -90 2 -30 10 9728 1 
328.834 -34.6327 -180.127 1.08159 10.8159 -90 2 -30 10 9729 1 
328.816 -34.6327 -180.127 1.08159 10.8159 -90 2 -30 10 9730 1 
328.798 -34.6327 -180.127 1.08159 10.8159 -90 2 -30 10 9731 1 
328.78 -34.6326 -180.127 1.08159 10.8159 -90 2 -30 10 9732 1 
328.762 -34.6326 -180.127 1.08159 10.8159 -90 2 -30 10 9733 1 
328.744 -34.6326 -180.127 1.08159 10.8159 -90 2 -30 10 9734 1 
328.726 -34.6325 -180.127 1.08159 10.8159 -90 2 -30 10 9735 1 
328.708 -34.6325 -180.127 1.08159 10.8159 -90 2 -30 10 9736 1 
328.69 -34.6324 -180.127 1.08159 10.8159 -90 2 -30 10 9737 1 
328.672 -34.6324 -180.127 1.08159 10.8159 -90 2 -30 10 9738 1 
328.654 -34.6324 -180.127 1.08159 10.8159 -90 2 -30 10 9739 1 
328.636 -34.6323 -180.127 1.08159 10.8159 -90 2 -30 10 9740 1 
328.618 -34.6323 -180.127 1.08159 10.8159 -90 2 -30 10 9741 1 
328.6 -34.6323 -180.127 1.08159 10.8159 -90 2 -30 10 9742 1 
328.582 -34.6322 -180.127 1.08159 10.8159 -90 2 -30 10 9743 1 
328.564 -34.6322 -180.127 1.08159 10.8159 -90 2 -30 10 9744 1 
328.546 -34.6321 -180.127 1.08159 10.8159 -90 2 -30 10 9745 1 
328.527 -34.6321 -180.127 1.08159 10.8159 -90 2 -30 10 9746 1 
328.509 -34.6321 -180.127 1.08159 10.8159 -90 2 -30 10 9747 1 
328.491 -34.632 -180.127 1.08159 10.8159 -90 2 -30 10 9748 1 
328.473 -34.632 -180.127 1.08159 10.8159 -90 2 -30 10 9749 1 
328.455 -34.6319 -180.127 1.08159 10.8159 -90 2 -30 10 9750 1 
328.437 -34.6319 -180.127 1.08159 10.8159 -90 2 -30 10 9751 1 
328.419 -34.6319 -180.127 1.08159 10.8159 -90 2 -30 10 9752 1 
328.401 -34.6318 -180.127 1.08159 10.8159 -90 2 -30 10 9753 1 
328.383 -34.6318 -180.127 1.08159 10.8159 -90 2 -30 10 9754 1 
328.365 -34.6318 -180.127 1.08159 10.8159 -90 2 -30 10 9755 1 
328.347 -34.6317 -180.127 1.08159 10.8159 -90 2 -30 10 9756 1 
328.329 -34.6317 -180.127 1.08159 10.8159 -90 2 -30 10 9757 1 
328.311 -34.6316 -180.127 1.08159 10.8159 -90 2 -30 10 9758 1 
328.293 -34.6316 -180.127 1.08159 10.8159 -90 2 -30 10 9759 1 
328.275 -34.6316 -180.127 1.08159 10.8159 -90 2 -30 10 9760 1 
328.257 -34.6315 -180.127 1.08159 10.8159 -90 2 -30 10 9761 1 
328.239 -34.6315 -180.127 1.08159 10.8159 -90 2 -30 10 9762 1 
328.221 -34.6315 -180.127 1.08159 10.8159 -90 2 -30 10 9763 1 
328.203 -34.6314 -180.127 1.08159 10.8159 -90 2 -30 10 9764 1 
328.185 -34.6314 -180.127 1.08159 10.8159 -90 2 -30 10 9765 1 
328.167 -34.6313 -180.127 1.08159 10.8159 -90 2 -30 10 9766 1 
328.149 -34.6313 -180.127 1.08159 10.8159 -90 2 -30 10 9767 1 
328.131 -34.6313 -180.127 1.08159 10.8159 -90 2 -30 10 9768 1 
328.113 -34.6312 -180.127 1.08159 10.8159 -90 2 -30 10 9769 1 
328.095 -34.6312 -180.127 1.08159 10.8159 -90 2 -30 10 9770 1 
328.077 -34.6311 -180.127 1.08159 10.8159 -90 2 -30 10 9771 1 
328.059 -34.6311 -180.127 1.08159 10.8159 -90 2 -30 10 9772 1 
328.04 -34.6311 -180.127 1.08159 10.8159 -90 2 -30 10 9773 1 
328.022 -34.631 -180.127 1.08159 10.8159 -90 2 -30 10 9774 1 
328.004 -34.631 -180.127 1.08159 10.8159 -90 2 -30 10 9775 1 
327.986 -34.631 -180.127 1.08159 10.8159 -90 2 -30 10 9776 1 
327.968 -34.6309 -180.127 1.08159 10.8159 -90 2 -30 10 9777 1 
327.95 -34.6309 -180.127 1.08159 10.8159 -90 2 -30 10 9778 1 
327.932 -34.6308 -180.127 1.08159 10.8159 -90 2 -30 10 9779 1 
327.914 -34.6308 -180.127 1.08159 10.8159 -90 2 -30 10 9780 1 
327.896 -34.6308 -180.127 1.08159 10.8159 -90 2 -30 10 9781 1 
327.878 -34.6307 -180.127 1.08159 10.8159 -90 2 -30 10 9782 1 
327.86 -34.6307 -180.127 1.08159 10.8159 -90 2 -30 10 9783 1 
327.842 -34.6306 -180.127 1.08159 10.8159 -90 2 -30 10 9784 1 
327.824 -34.6306 -180.127 1.08159 10.8159 -90 2 -30 10 9785 1 
327.806 -34.6306 -180.127 1.08159 10.8159 -90 2 -30 10 9786 1 
327.788 -34.6305 -180.127 1.08159 10.8159 -90 2 -30 10 9787 1 
327.77 -34.6305 -180.127 1.08159 10.8159 -90 2 -30 10 9788 1 
327.752 -34.6305 -180.127 1.08159 10.8159 -90 2 -30 10 9789 1 
327.734 -34.6304 -180.127 1.08159 10.8159 -90 2 -30 10 9790 1 
327.716 -34.6304 -180.127 1.08159 10.8159 -90 2 -30 10 9791 1 
327.698 -34.6303 -180.127 1.08159 10.8159 -90 2 -30 10 9792 1 
327.68 -34.6303 -180.127 1.08159 10.8159 -90 2 -30 10 9793 1 
327.662 -34.6303 -180.127 1.08159 10.8159 -90 2 -30 10 9794 1 
327.644 -34.6302 -180.127 1.08159 10.8159 -90 2 -30 10 9795 1 
327.626 -34.6302 -180.127 1.08159 10.8159 -90 2 -30 10 9796 1 
327.608 -34.6302 -180.127 1.08159 10.8159 -90 2 -30 10 9797 1 
327.59 -34.6301 -180.127 1.08159 10.8159 -90 2 -30 10 9798 1 
327.572 -34.6301 -180.127 1.08159 10.8159 -90 2 -30 10 9799 1 
327.554 -34.63 -180.127 1.08159 10.8159 -90 2 -30 10 9800 1 
327.535 -34.63 -180.127 1.08159 10.8159 -90 2 -30 10 9801 1 
327.517 -34.63 -180.127 1.08159 10.8159 -90 2 -30 10 9802 1 
327.499 -34.6299 -180.127 1.08159 10.8159 -90 2 -30 10 9803 1 
327.481 -34.6299 -180.127 1.08159 10.8159 -90 2 -30 10 9804 1 
327.463 -34.6298 -180.127 1.08159 10.8159 -90 2 -30 10 9805 1 
327.445 -34.6298 -180.127 1.08159 10.8159 -90 2 -30 10 9806 1 
327.427 -34.6298 -180.127 1.08159 10.8159 -90 2 -30 10 9807 1 
327.409 -34.6297 -180.127 1.08159 10.8159 -90 2 -30 10 9808 1 
327.391 -34.6297 -180.127 1.08159 10.8159 -90 2 -30 10 9809 1 
327.373 -34.6297 -180.127 1.08159 10.8159 -90 2 -30 10 9810 1 
327.355 -34.6296 -180.127 1.08159 10.8159 -90 2 -30 10 9811 1 
327.337 -34.6296 -180.127 1.08159 10.8159 -90 2 -30 10 9812 1 
327.319 -34.6295 -180.127 1.08159 10.8159 -90 2 -30 10 9813 1 
327.301 -34.6295 -180.127 1.08159 10.8159 -90 2 -30 10 9814 1 
327.283 -34.6295 -180.127 1.08159 10.8159 -90 2 -30 10 9815 1 
327.265 -34.6294 -180.127 1.08159 10.8159 -90 2 -30 10 9816 1 
327.247 -34.6294 -180.127 1.08159 10.8159 -90 2 -30 10 9817 1 
327.229 -34.6294 -180.127 1.08159 10.8159 -90 2 -30 10 9818 1 
327.211 -34.6293 -180.127 1.08159 10.8159 -90 2 -30 10 9819 1 
327.193 -34.6293 -180.127 1.08159 10.8159 -90 2 -30 10 9820 1 
327.175 -34.6292 -180.127 1.08159 10.8159 -90 2 -30 10 9821 1 
327.157 -34.6292 -180.127 1.08159 10.8159 -90 2 -30 10 9822 1 
327.139 -34.6292 -180.127 1.08159 10.8159 -90 2 -30 10 9823 1 
327.121 -34.6291 -180.127 1.08159 10.8159 -90 2 -30 10 9824 1 
327.103 -34.6291 -180.127 1.08159 10.8159 -90 2 -30 10 9825 1 
327.085 -34.629 -180.127 1.08159 10.8159 -90 2 -30 10 9826 1 
327.067 -34.629 -180.127 1.08159 10.8159 -90 2 -30 10 9827 1 
327.049 -34.6289 -180.127 1.08159 10.8159 -90 2 -30 10 9828 1 
327.03 -34.6289 -180.127 1.08159 10.8159 -90 2 -30 10 9829 1 
327.012 -34.6289 -180.127 1.08159 10.8159 -90 2 -30 10 9830 1 
326.994 -34.6288 -180.127 1.08159 10.8159 -90 2 -30 10 9831 1 
326.976 -34.6288 -180.127 1.08159 10.8159 -90 2 -30 10 9832 1 
326.958 -34.6287 -180.127 1.08159 10.8159 -90 2 -30 10 9833 1 
326.94 -34.6287 -180.127 1.08159 10.8159 -90 2 -30 10 9834 1 
326.922 -34.6287 -180.127 1.08159 10.8159 -90 2 -30 10 9835 1 
326.904 -34.6286 -180.127 1.08159 10.8159 -90 2 -30 10 9836 1 
326.886 -34.6286 -180.127 1.08159 10.8159 -90 2 -30 10 9837 1 
326.868 -34.6285 -180.127 1.08159 10.8159 -90 2 -30 10 9838 1 
326.85 -34.6285 -180.127 1.08159 10.8159 -90 2 -30 10 9839 1 
326.832 -34.6284 -180.127 1.08159 10.8159 -90 2 -30 10 9840 1 
326.814 -34.6284 -180.127 1.08159 10.8159 -90 2 -30 10 9841 1 
326.796 -34.6284 -180.127 1.08159 10.8159 -90 2 -30 10 9842 1 
326.778 -34.6283 -180.127 1.08159 10.8159 -90 2 -30 10 9843 1 
326.76 -34.6283 -180.127 1.08159 10.8159 -90 2 -30 10 9844 1 
326.742 -34.6282 -180.127 1.08159 10.8159 -90 2 -30 10 9845 1 
326.724 -34.6282 -180.127 1.08159 10.8159 -90 2 -30 10 9846 1 
326.706 -34.6281 -180.127 1.08159 10.8159 -90 2 -30 10 9847 1 
326.688 -34.6281 -180.127 1.08159 10.8159 -90 2 -30 10 9848 1 
326.67 -34.6281 -180.127 1.08159 10.8159 -90 2 -30 10 9849 1 
326.652 -34.628 -180.127 1.08159 10.8159 -90 2 -30 10 9850 1 
326.634 -34.628 -180.127 1.08159 10.8159 -90 2 -30 10 9851 1 
326.616 -34.6279 -180.127 1.08159 10.8159 -90 2 -30 10 9852 1 
326.598 -34.6279 -180.127 1.08159 10.8159 -90 2 -30 10 9853 1 
326.58 -34.6279 -180.127 1.08159 10.8159 -90 2 -30 10 9854 1 
326.562 -34.6278 -180.127 1.08159 10.8159 -90 2 -30 10 9855 1 
326.544 -34.6278 -180.127 1.08159 10.8159 -90 2 -30 10 9856 1 
326.525 -34.6277 -180.127 1.08159 10.8159 -90 2 -30 10 9857 1 
326.507 -34.6277 -180.127 1.08159 10.8159 -90 2 -30 10 9858 1 
326.489 -34.6276 -180.127 1.08159 10.8159 -90 2 -30 10 9859 1 
326.471 -34.6276 -180.127 1.08159 10.8159 -90 2 -30 10 9860 1 
326.453 -34.6276 -180.127 1.08159 10.8159 -90 2 -30 10 9861 1 
326.435 -34.6275 -180.128 1.08159 10.8159 -90 2 -30 10 9862 1 
326.417 -34.6275 -180.128 1.08159 10.8159 -90 2 -30 10 9863 1 
326.399 -34.6274 -180.128 1.08159 10.8159 -90 2 -30 10 9864 1 
326.381 -34.6274 -180.128 1.08159 10.8159 -90 2 -30 10 9865 1 
326.363 -34.6273 -180.128 1.08159 10.8159 -90 2 -30 10 9866 1 
326.345 -34.6273 -180.128 1.08159 10.8159 -90 2 -30 10 9867 1 
326.327 -34.6273 -180.128 1.08159 10.8159 -90 2 -30 10 9868 1 
326.309 -34.6272 -180.128 1.08159 10.8159 -90 2 -30 10 9869 1 
326.291 -34.6272 -180.128 1.08159 10.8159 -90 2 -30 10 9870 1 
326.273 -34.6271 -180.128 1.08159 10.8159 -90 2 -30 10 9871 1 
326.255 -34.6271 -180.128 1.08159 10.8159 -90 2 -30 10 9872 1 
326.237 -34.6271 -180.128 1.08159 10.8159 -90 2 -30 10 9873 1 
326.219 -34.627 -180.128 1.08159 10.8159 -90 2 -30 10 9874 1 
326.201 -34.627 -180.128 1.08159 10.8159 -90 2 -30 10 9875 1 
326.183 -34.6269 -180.128 1.08159 10.8159 -90 2 -30 10 9876 1 
326.165 -34.6269 -180.128 1.08159 10.8159 -90 2 -30 10 9877 1 
326.147 -34.6268 -180.128 1.08159 10.8159 -90 2 -30 10 9878 1 
326.129 -34.6268 -180.128 1.08159 10.8159 -90 2 -30 10 9879 1 
326.111 -34.6268 -180.128 1.08159 10.8159 -90 2 -30 10 9880 1 
326.093 -34.6267 -180.128 1.08159 10.8159 -90 2 -30 10 9881 1 
326.075 -34.6267 -180.128 1.08159 10.8159 -90 2 -30 10 9882 1 
326.057 -34.6266 -180.128 1.08159 10.8159 -90 2 -30 10 9883 1 
326.039 -34.6266 -180.128 1.08159 10.8159 -90 2 -30 10 9884 1 
326.02 -34.6266 -180.128 1.08159 10.8159 -90 2 -30 10 9885 1 
326.002 -34.6265 -180.128 1.08159 10.8159 -90 2 -30 10 9886 1 
325.984 -34.6265 -180.128 1.08159 10.8159 -90 2 -30 10 9887 1 
325.966 -34.6264 -180.128 1.08159 10.8159 -90 2 -30 10 9888 1 
325.948 -34.6264 -180.128 1.08159 10.8159 -90 2 -30 10 9889 1 
325.93 -34.6263 -180.128 1.08159 10.8159 -90 2 -30 10 9890 1 
325.912 -34.6263 -180.128 1.08159 10.8159 -90 2 -30 10 9891 1 
325.894 -34.6263 -180.128 1.08159 10.8159 -90 2 -30 10 9892 1 
325.876 -34.6262 -180.128 1.08159 10.8159 -90 2 -30 10 9893 1 
325.858 -34.6262 -180.128 1.08159 10.8159 -90 2 -30 10 9894 1 
325.84 -34.6261 -180.128 1.08159 10.8159 -90 2 -30 10 9895 1 
325.822 -34.6261 -180.128 1.08159 10.8159 -90 2 -30 10 9896 1 
325.804 -34.626 -180.128 1.08159 10.8159 -90 2 -30 10 9897 1 
325.786 -34.626 -180.128 1.08159 10.8159 -90 2 -30 10 9898 1 
325.768 -34.626 -180.128 1.08159 10.8159 -90 2 -30 10 9899 1 
325.75 -34.6259 -180.128 1.08159 10.8159 -90 2 -30 10 9900 1 
325.732 -34.6259 -180.128 1.08159 10.8159 -90 2 -30 10 9901 1 
325.714 -34.6258 -180.128 1.08159 10.8159 -90 2 -30 10 9902 1 
325.696 -34.6258 -180.128 1.08159 10.8159 -90 2 -30 10 9903 1 
325.678 -34.6258 -180.128 1.08159 10.8159 -90 2 -30 10 9904 1 
325.66 -34.6257 -180.128 1.08159 10.8159 -90 2 -30 10 9905 1 
325.642 -34.6257 -180.128 1.08159 10.8159 -90 2 -30 10 9906 1 
325.624 -34.6256 -180.128 1.08159 10.8159 -90 2 -30 10 9907 1 
325.606 -34.6256 -180.128 1.08159 10.8159 -90 2 -30 10 9908 1 
325.588 -34.6255 -180.128 1.08159 10.8159 -90 2 -30 10 9909 1 
325.57 -34.6255 -180.128 1.08159 10.8159 -90 2 -30 10 9910 1 
325.552 -34.6255 -180.128 1.08159 10.8159 -90 2 -30 10 9911 1 
325.534 -34.6254 -180.128 1.08159 10.8159 -90 2 -30 10 9912 1 
325.515 -34.6254 -180.128 1.08159 10.8159 -90 2 -30 10 9913 1 
325.497 -34.6253 -180.128 1.08159 10.8159 -90 2 -30 10 9914 1 
325.479 -34.6253 -180.128 1.08159 10.8159 -90 2 -30 10 9915 1 
325.461 -34.6253 -180.128 1.08159 10.8159 -90 2 -30 10 9916 1 
325.443 -34.6252 -180.128 1.08159 10.8159 -90 2 -30 10 9917 1 
325.425 -34.6252 -180.128 1.08159 10.8159 -90 2 -30 10 9918 1 
325.407 -34.6251 -180.128 1.08159 10.8159 -90 2 -30 10 9919 1 
325.389 -34.6251 -180.128 1.08159 10.8159 -90 2 -30 10 9920 1 
325.371 -34.625 -180.128 1.08159 10.8159 -90 2 -30 10 9921 1 
325.353 -34.625 -180.128 1.08159 10.8159 -90 2 -30 10 9922 1 
325.335 -34.625 -180.128 1.08159 10.8159 -90 2 -30 10 9923 1 
325.317 -34.6249 -180.128 1.08159 10.8159 -90 2 -30 10 9924 1 
325.299 -34.6249 -180.128 1.08159 10.8159 -90 2 -30 10 9925 1 
325.281 -34.6248 -180.128 1.08159 10.8159 -90 2 -30 10 9926 1 
325.263 -34.6248 -180.128 1.08159 10.8159 -90 2 -30 10 9927 1 
325.245 -34.6247 -180.128 1.08159 10.8159 -90 2 -30 10 9928 1 
325.227 -34.6247 -180.128 1.08159 10.8159 -90 2 -30 10 9929 1 
325.209 -34.6247 -180.128 1.08159 10.8159 -90 2 -30 10 9930 1 
325.191 -34.6246 -180.128 1.08159 10.8159 -90 2 -30 10 9931 1 
325.173 -34.6246 -180.128 1.08159 10.8159 -90 2 -30 10 9932 1 
325.155 -34.6245 -180.128 1.08159 10.8159 -90 2 -30 10 9933 1 
325.137 -34.6245 -180.128 1.08159 10.8159 -90 2 -30 10 9934 1 
325.119 -34.6245 -180.128 1.08159 10.8159 -90 2 -30 10 9935 1 
325.101 -34.6244 -180.128 1.08159 10.8159 -90 2 -30 10 9936 1 
325.083 -34.6244 -180.128 1.08159 10.8159 -90 2 -30 10 9937 1 
325.065 -34.6243 -180.128 1.08159 10.8159 -90 2 -30 10 9938 1 
325.047 -34.6243 -180.128 1.08159 10.8159 -90 2 -30 10 9939 1 
325.029 -34.6242 -180.128 1.08159 10.8159 -90 2 -30 10 9940 1 
325.01 -34.6242 -180.128 1.08159 10.8159 -90 2 -30 10 9941 1 
324.992 -34.6242 -180.128 1.08159 10.8159 -90 2 -30 10 9942 1 
324.974 -34.6241 -180.128 1.08159 10.8159 -90 2 -30 10 9943 1 
324.956 -34.6241 -180.128 1.08159 10.8159 -90 2 -30 10 9944 1 
324.938 -34.624 -180.128 1.08159 10.8159 -90 2 -30 10 9945 1 
324.92 -34.624 -180.128 1.08159 10.8159 -90 2 -30 10 9946 1 
324.902 -34.624 -180.128 1.08159 10.8159 -90 2 -30 10 9947 1 
324.884 -34.6239 -180.128 1.08159 10.8159 -90 2 -30 10 9948 1 
324.866 -34.6239 -180.128 1.08159 10.8159 -90 2 -30 10 9949 1 
324.848 -34.6238 -180.128 1.08159 10.8159 -90 2 -30 10 9950 1 
324.83 -34.6238 -180.128 1.08159 10.8159 -90 2 -30 10 9951 1 
324.812 -34.6237 -180.128 1.08159 10.8159 -90 2 -30 10 9952 1 
324.794 -34.6237 -180.128 1.08159 10.8159 -90 2 -30 10 9953 1 
324.776 -34.6237 -180.128 1.08159 10.8159 -90 2 -30 10 9954 1 
324.758 -34.6236 -180.128 1.08159 10.8159 -90 2 -30 10 9955 1 
324.74 -34.6236 -180.128 1.08159 10.8159 -90 2 -30 10 9956 1 
324.722 -34.6235 -180.128 1.08159 10.8159 -90 2 -30 10 9957 1 
324.704 -34.6235 -180.128 1.08159 10.8159 -90 2 -30 10 9958 1 
324.686 -34.6234 -180.128 1.08159 10.8159 -90 2 -30 10 9959 1 
324.668 -34.6234 -180.128 1.08159 10.8159 -90 2 -30 10 9960 1 
324.65 -34.6234 -180.128 1.08159 10.8159 -90 2 -30 10 9961 1 
324.632 -34.6233 -180.128 1.08159 10.8159 -90 2 -30 10 9962 1 
324.614 -34.6233 -180.128 1.08159 10.8159 -90 2 -30 10 9963 1 
324.596 -34.6232 -180.128 1.08159 10.8159 -90 2 -30 10 9964 1 
324.578 -34.6232 -180.128 1.08159 10.8159 -90 2 -30 10 9965 1 
324.56 -34.6232 -180.128 1.08159 10.8159 -90 2 -30 10 9966 1 
324.542 -34.6231 -180.128 1.08159 10.8159 -90 2 -30 10 9967 1 
324.523 -34.6231 -180.128 1.08159 10.8159 -90 2 -30 10 9968 1 
324.505 -34.623 -180.128 1.08159 10.8159 -90 2 -30 10 9969 1 
324.487 -34.623 -180.128 1.08159 10.8159 -90 2 -30 10 9970 1 
324.469 -34.6229 -180.128 1.08159 10.8159 -90 2 -30 10 9971 1 
324.451 -34.6229 -180.128 1.08159 10.8159 -90 2 -30 10 9972 1 
324.433 -34.6229 -180.128 1.08159 10.8159 -90 2 -30 10 9973 1 
324.415 -34.6228 -180.128 1.08159 10.8159 -90 2 -30 10 9974 1 
324.397 -34.6228 -180.128 1.08159 10.8159 -90 2 -30 10 9975 1 
324.379 -34.6227 -180.128 1.08159 10.8159 -90 2 -30 10 9976 1 
324.361 -34.6227 -180.128 1.08159 10.8159 -90 2 -30 10 9977 1 
324.343 -34.6227 -180.128 1.08159 10.8159 -90 2 -30 10 9978 1 
324.325 -34.6226 -180.128 1.08159 10.8159 -90 2 -30 10 9979 1 
324.307 -34.6226 -180.128 1.08159 10.8159 -90 2 -30 10 9980 1 
324.289 -34.6225 -180.128 1.08159 10.8159 -90 2 -30 10 9981 1 
324.271 -34.6225 -180.128 1.08159 10.8159 -90 2 -30 10 9982 1 
324.253 -34.6224 -180.128 1.08159 10.8159 -90 2 -30 10 9983 1 
324.235 -34.6224 -180.128 1.08159 10.8159 -90 2 -30 10 9984 1 
324.217 -34.6224 -180.128 1.08159 10.8159 -90 2 -30 10 9985 1 
324.199 -34.6223 -180.128 1.08159 10.8159 -90 2 -30 10 9986 1 
324.181 -34.6223 -180.128 1.08159 10.8159 -90 2 -30 10 9987 1 
324.163 -34.6222 -180.128 1.08159 10.8159 -90 2 -30 10 9988 1 
324.145 -34.6222 -180.128 1.08159 10.8159 -90 2 -30 10 9989 1 
324.127 -34.6221 -180.128 1.08159 10.8159 -90 2 -30 10 9990 1 
324.109 -34.6221 -180.128 1.08159 10.8159 -90 2 -30 10 9991 1 
324.091 -34.6221 -180.128 1.08159 10.8159 -90 2 -30 10 9992 1 
324.073 -34.622 -180.128 1.08159 10.8159 -90 2 -30 10 9993 1 
324.055 -34.622 -180.128 1.08159 10.8159 -90 2 -30 10 9994 1 
324.037 -34.6219 -180.128 1.08159 10.8159 -90 2 -30 10 9995 1 
324.018 -34.6219 -180.128 1.08159 10.8159 -90 2 -30 10 9996 1 
324 -34.6219 -180.128 1.08159 10.8159 -90 2 -30 10 9997 1 
323.982 -34.6218 -180.128 1.08159 10.8159 -90 2 -30 10 9998 1 
323.964 -34.6218 -180.128 1.08159 10.8159 -90 2 -30 10 9999 1 
