-122.317 27.9221 -0.0507356 1.55652 15.5652 90 2 30 10 8991 0 
-122.291 27.9221 -0.112086 1.55652 15.5652 90 2 30 10 8992 0 
-122.265 27.9221 -0.173436 1.55652 15.5652 90 2 30 10 8993 0 
-122.239 27.922 -0.234786 1.55652 15.5652 90 2 30 10 8994 0 
-122.213 27.9219 -0.296136 1.55652 15.5652 90 2 30 10 8995 0 
-122.187 27.9217 -0.357487 1.55652 15.5652 90 2 30 10 8996 0 
-122.161 27.9216 -0.418837 1.55652 15.5652 90 2 30 10 8997 0 
-122.135 27.9214 -0.480187 1.55652 15.5652 90 2 30 10 8998 0 
-122.109 27.9212 -0.541537 1.55652 15.5652 90 2 30 10 8999 0 
-122.084 27.9209 -0.602888 1.55652 15.5652 90 2 30 10 9000 0 
-122.058 27.9206 -0.664238 1.55652 15.5652 90 2 30 10 9001 0 
-122.032 27.9203 -0.725588 1.55652 15.5652 90 2 30 10 9002 0 
-122.006 27.92 -0.786938 1.55652 15.5652 90 2 30 10 9003 0 
-121.98 27.9197 -0.848289 1.55652 15.5652 90 2 30 10 9004 0 
-121.954 27.9193 -0.909639 1.55652 15.5652 90 2 30 10 9005 0 
-121.928 27.9189 -0.970989 1.55652 15.5652 90 2 30 10 9006 0 
-121.902 27.9184 -1.03234 1.55652 15.5652 90 2 30 10 9007 0 
-121.876 27.918 -1.09369 1.55652 15.5652 90 2 30 10 9008 0 
-121.85 27.9175 -1.15504 1.55652 15.5652 90 2 30 10 9009 0 
-121.824 27.9169 -1.21639 1.55652 15.5652 90 2 30 10 9010 0 
-121.798 27.9164 -1.27774 1.55652 15.5652 90 2 30 10 9011 0 
-121.772 27.9158 -1.33909 1.55652 15.5652 90 2 30 10 9012 0 
-121.746 27.9152 -1.40044 1.55652 15.5652 90 2 30 10 9013 0 
-121.72 27.9146 -1.46179 1.55652 15.5652 90 2 30 10 9014 0 
-121.694 27.9139 -1.52314 1.55652 15.5652 90 2 30 10 9015 0 
-121.669 27.9132 -1.58449 1.55652 15.5652 90 2 30 10 9016 0 
-121.643 27.9125 -1.64584 1.55652 15.5652 90 2 30 10 9017 0 
-121.617 27.9118 -1.70719 1.55652 15.5652 90 2 30 10 9018 0 
-121.591 27.911 -1.76854 1.55652 15.5652 90 2 30 10 9019 0 
-121.565 27.9102 -1.82989 1.55652 15.5652 90 2 30 10 9020 0 
-121.539 27.9094 -1.89124 1.55652 15.5652 90 2 30 10 9021 0 
-121.513 27.9085 -1.95259 1.55652 15.5652 90 2 30 10 9022 0 
-121.487 27.9076 -2.01394 1.55652 15.5652 90 2 30 10 9023 0 
-121.461 27.9067 -2.07529 1.55652 15.5652 90 2 30 10 9024 0 
-121.435 27.9058 -2.13664 1.55652 15.5652 90 2 30 10 9025 0 
-121.409 27.9048 -2.19799 1.55652 15.5652 90 2 30 10 9026 0 
-121.383 27.9038 -2.25934 1.55652 15.5652 90 2 30 10 9027 0 
-121.357 27.9028 -2.32069 1.55652 15.5652 90 2 30 10 9028 0 
-121.331 27.9017 -2.38204 1.55652 15.5652 90 2 30 10 9029 0 
-121.306 27.9007 -2.44339 1.55652 15.5652 90 2 30 10 9030 0 
-121.28 27.8995 -2.50474 1.55652 15.5652 90 2 30 10 9031 0 
-121.254 27.8984 -2.56609 1.55652 15.5652 90 2 30 10 9032 0 
-121.228 27.8972 -2.62744 1.55652 15.5652 90 2 30 10 9033 0 
-121.202 27.8961 -2.68879 1.55652 15.5652 90 2 30 10 9034 0 
-121.176 27.8948 -2.75014 1.55652 15.5652 90 2 30 10 9035 0 
-121.15 27.8936 -2.81149 1.55652 15.5652 90 2 30 10 9036 0 
-121.124 27.8923 -2.87284 1.55652 15.5652 90 2 30 10 9037 0 
-121.098 27.891 -2.93419 1.55652 15.5652 90 2 30 10 9038 0 
-121.072 27.8897 -2.99554 1.55652 15.5652 90 2 30 10 9039 0 
-121.046 27.8883 -3.05689 1.55652 15.5652 90 2 30 10 9040 0 
-121.021 27.887 -3.11824 1.55652 15.5652 90 2 30 10 9041 0 
-120.995 27.8855 -3.17959 1.55652 15.5652 90 2 30 10 9042 0 
-120.969 27.8841 -3.24094 1.55652 15.5652 90 2 30 10 9043 0 
-120.943 27.8826 -3.30229 1.55652 15.5652 90 2 30 10 9044 0 
-120.917 27.8811 -3.36365 1.55652 15.5652 90 2 30 10 9045 0 
-120.891 27.8796 -3.425 1.55652 15.5652 90 2 30 10 9046 0 
-120.865 27.8781 -3.48635 1.55652 15.5652 90 2 30 10 9047 0 
-120.839 27.8765 -3.5477 1.55652 15.5652 90 2 30 10 9048 0 
-120.813 27.8749 -3.60905 1.55652 15.5652 90 2 30 10 9049 0 
-120.787 27.8733 -3.6704 1.55652 15.5652 90 2 30 10 9050 0 
-120.762 27.8716 -3.73175 1.55652 15.5652 90 2 30 10 9051 0 
-120.736 27.8699 -3.7931 1.55652 15.5652 90 2 30 10 9052 0 
-120.71 27.8682 -3.85445 1.55652 15.5652 90 2 30 10 9053 0 
-120.684 27.8665 -3.9158 1.55652 15.5652 90 2 30 10 9054 0 
-120.658 27.8647 -3.97715 1.55652 15.5652 90 2 30 10 9055 0 
-120.632 27.8629 -4.0385 1.55652 15.5652 90 2 30 10 9056 0 
-120.606 27.8611 -4.09985 1.55652 15.5652 90 2 30 10 9057 0 
-120.58 27.8592 -4.1612 1.55652 15.5652 90 2 30 10 9058 0 
-120.555 27.8573 -4.22255 1.55652 15.5652 90 2 30 10 9059 0 
-120.529 27.8554 -4.2839 1.55652 15.5652 90 2 30 10 9060 0 
-120.503 27.8535 -4.34525 1.55652 15.5652 90 2 30 10 9061 0 
-120.477 27.8515 -4.4066 1.55652 15.5652 90 2 30 10 9062 0 
-120.451 27.8495 -4.46795 1.55652 15.5652 90 2 30 10 9063 0 
-120.425 27.8475 -4.5293 1.55652 15.5652 90 2 30 10 9064 0 
-120.399 27.8454 -4.59065 1.55652 15.5652 90 2 30 10 9065 0 
-120.373 27.8434 -4.652 1.55652 15.5652 90 2 30 10 9066 0 
-120.348 27.8413 -4.71335 1.55652 15.5652 90 2 30 10 9067 0 
-120.322 27.8391 -4.7747 1.55652 15.5652 90 2 30 10 9068 0 
-120.296 27.837 -4.83605 1.55652 15.5652 90 2 30 10 9069 0 
-120.27 27.8348 -4.8974 1.55652 15.5652 90 2 30 10 9070 0 
-120.244 27.8326 -4.95875 1.55652 15.5652 90 2 30 10 9071 0 
-120.218 27.8303 -5.0201 1.55652 15.5652 90 2 30 10 9072 0 
-120.192 27.8281 -5.08145 1.55652 15.5652 90 2 30 10 9073 0 
-120.167 27.8258 -5.1428 1.55652 15.5652 90 2 30 10 9074 0 
-120.141 27.8234 -5.20415 1.55652 15.5652 90 2 30 10 9075 0 
-120.115 27.8211 -5.2655 1.55652 15.5652 90 2 30 10 9076 0 
-120.089 27.8187 -5.32685 1.55652 15.5652 90 2 30 10 9077 0 
-120.063 27.8163 -5.3882 1.55652 15.5652 90 2 30 10 9078 0 
-120.037 27.8139 -5.44955 1.55652 15.5652 90 2 30 10 9079 0 
-120.012 27.8114 -5.5109 1.55652 15.5652 90 2 30 10 9080 0 
-119.986 27.8089 -5.57226 1.55652 15.5652 90 2 30 10 9081 0 
-119.96 27.8064 -5.63361 1.55652 15.5652 90 2 30 10 9082 0 
-119.934 27.8038 -5.69496 1.55652 15.5652 90 2 30 10 9083 0 
-119.908 27.8013 -5.75631 1.55652 15.5652 90 2 30 10 9084 0 
-119.883 27.7987 -5.81766 1.55652 15.5652 90 2 30 10 9085 0 
-119.857 27.796 -5.87901 1.55652 15.5652 90 2 30 10 9086 0 
-119.831 27.7934 -5.94036 1.55652 15.5652 90 2 30 10 9087 0 
-119.805 27.7907 -6.00171 1.55652 15.5652 90 2 30 10 9088 0 
-119.779 27.788 -6.06306 1.55652 15.5652 90 2 30 10 9089 0 
-119.754 27.7852 -6.12441 1.55652 15.5652 90 2 30 10 9090 0 
-119.728 27.7825 -6.18576 1.55652 15.5652 90 2 30 10 9091 0 
-119.702 27.7797 -6.24711 1.55652 15.5652 90 2 30 10 9092 0 
-119.676 27.7768 -6.30846 1.55652 15.5652 90 2 30 10 9093 0 
-119.65 27.774 -6.36981 1.55652 15.5652 90 2 30 10 9094 0 
-119.625 27.7711 -6.43116 1.55652 15.5652 90 2 30 10 9095 0 
-119.599 27.7682 -6.49251 1.55652 15.5652 90 2 30 10 9096 0 
-119.573 27.7653 -6.55386 1.55652 15.5652 90 2 30 10 9097 0 
-119.547 27.7623 -6.61521 1.55652 15.5652 90 2 30 10 9098 0 
-119.522 27.7593 -6.67656 1.55652 15.5652 90 2 30 10 9099 0 
-119.496 27.7563 -6.73791 1.55652 15.5652 90 2 30 10 9100 0 
-119.47 27.7533 -6.79926 1.55652 15.5652 90 2 30 10 9101 0 
-119.444 27.7502 -6.86061 1.55652 15.5652 90 2 30 10 9102 0 
-119.418 27.7471 -6.92196 1.55652 15.5652 90 2 30 10 9103 0 
-119.393 27.744 -6.98331 1.55652 15.5652 90 2 30 10 9104 0 
-119.367 27.7408 -7.04466 1.55652 15.5652 90 2 30 10 9105 0 
-119.341 27.7376 -7.10601 1.55652 15.5652 90 2 30 10 9106 0 
-119.316 27.7344 -7.16736 1.55652 15.5652 90 2 30 10 9107 0 
-119.29 27.7312 -7.22871 1.55652 15.5652 90 2 30 10 9108 0 
-119.264 27.7279 -7.29006 1.55652 15.5652 90 2 30 10 9109 0 
-119.238 27.7246 -7.35142 1.55652 15.5652 90 2 30 10 9110 0 
-119.213 27.7213 -7.41277 1.55652 15.5652 90 2 30 10 9111 0 
-119.187 27.718 -7.47412 1.55652 15.5652 90 2 30 10 9112 0 
-119.161 27.7146 -7.53547 1.55652 15.5652 90 2 30 10 9113 0 
-119.135 27.7112 -7.59682 1.55652 15.5652 90 2 30 10 9114 0 
-119.11 27.7078 -7.65817 1.55652 15.5652 90 2 30 10 9115 0 
-119.084 27.7043 -7.71952 1.55652 15.5652 90 2 30 10 9116 0 
-119.058 27.7008 -7.78087 1.55652 15.5652 90 2 30 10 9117 0 
-119.033 27.6973 -7.84222 1.55652 15.5652 90 2 30 10 9118 0 
-119.007 27.6938 -7.90357 1.55652 15.5652 90 2 30 10 9119 0 
-118.981 27.6902 -7.96492 1.55652 15.5652 90 2 30 10 9120 0 
-118.955 27.6866 -8.02627 1.55652 15.5652 90 2 30 10 9121 0 
-118.93 27.683 -8.08762 1.55652 15.5652 90 2 30 10 9122 0 
-118.904 27.6793 -8.14897 1.55652 15.5652 90 2 30 10 9123 0 
-118.878 27.6756 -8.21032 1.55652 15.5652 90 2 30 10 9124 0 
-118.853 27.6719 -8.27167 1.55652 15.5652 90 2 30 10 9125 0 
-118.827 27.6682 -8.33302 1.55652 15.5652 90 2 30 10 9126 0 
-118.801 27.6645 -8.39437 1.55652 15.5652 90 2 30 10 9127 0 
-118.776 27.6607 -8.45572 1.55652 15.5652 90 2 30 10 9128 0 
-118.75 27.6569 -8.51707 1.55652 15.5652 90 2 30 10 9129 0 
-118.724 27.653 -8.57842 1.55652 15.5652 90 2 30 10 9130 0 
-118.699 27.6491 -8.63977 1.55652 15.5652 90 2 30 10 9131 0 
-118.673 27.6452 -8.70112 1.55652 15.5652 90 2 30 10 9132 0 
-118.648 27.6413 -8.76247 1.55652 15.5652 90 2 30 10 9133 0 
-118.622 27.6374 -8.82382 1.55652 15.5652 90 2 30 10 9134 0 
-118.596 27.6334 -8.88517 1.55652 15.5652 90 2 30 10 9135 0 
-118.571 27.6294 -8.94652 1.55652 15.5652 90 2 30 10 9136 0 
-118.545 27.6253 -9.00787 1.55652 15.5652 90 2 30 10 9137 0 
-118.519 27.6213 -9.06922 1.55652 15.5652 90 2 30 10 9138 0 
-118.494 27.6172 -9.13057 1.55652 15.5652 90 2 30 10 9139 0 
-118.468 27.6131 -9.19192 1.55652 15.5652 90 2 30 10 9140 0 
-118.443 27.6089 -9.25327 1.55652 15.5652 90 2 30 10 9141 0 
-118.417 27.6048 -9.31462 1.55652 15.5652 90 2 30 10 9142 0 
-118.391 27.6006 -9.37597 1.55652 15.5652 90 2 30 10 9143 0 
-118.366 27.5963 -9.43732 1.55652 15.5652 90 2 30 10 9144 0 
-118.34 27.5921 -9.49867 1.55652 15.5652 90 2 30 10 9145 0 
-118.315 27.5878 -9.56002 1.55652 15.5652 90 2 30 10 9146 0 
-118.289 27.5835 -9.62137 1.55652 15.5652 90 2 30 10 9147 0 
-118.263 27.5792 -9.68272 1.55652 15.5652 90 2 30 10 9148 0 
-118.238 27.5748 -9.74407 1.55652 15.5652 90 2 30 10 9149 0 
-118.212 27.5704 -9.80542 1.55652 15.5652 90 2 30 10 9150 0 
-118.187 27.566 -9.86677 1.55652 15.5652 90 2 30 10 9151 0 
-118.161 27.5615 -9.92811 1.55652 15.5652 90 2 30 10 9152 0 
-118.136 27.5571 -9.98946 1.55652 15.5652 90 2 30 10 9153 0 
-118.11 27.5526 -10.0508 1.55652 15.5652 90 2 30 10 9154 0 
-118.084 27.548 -10.1122 1.55652 15.5652 90 2 30 10 9155 0 
-118.059 27.5435 -10.1735 1.55652 15.5652 90 2 30 10 9156 0 
-118.033 27.5389 -10.2349 1.55652 15.5652 90 2 30 10 9157 0 
-118.008 27.5343 -10.2962 1.55652 15.5652 90 2 30 10 9158 0 
-117.982 27.5297 -10.3576 1.55652 15.5652 90 2 30 10 9159 0 
-117.957 27.525 -10.4189 1.55652 15.5652 90 2 30 10 9160 0 
-117.931 27.5203 -10.4803 1.55652 15.5652 90 2 30 10 9161 0 
-117.906 27.5156 -10.5416 1.55652 15.5652 90 2 30 10 9162 0 
-117.88 27.5108 -10.603 1.55652 15.5652 90 2 30 10 9163 0 
-117.855 27.5061 -10.6643 1.55652 15.5652 90 2 30 10 9164 0 
-117.829 27.5013 -10.7257 1.55652 15.5652 90 2 30 10 9165 0 
-117.804 27.4964 -10.787 1.55652 15.5652 90 2 30 10 9166 0 
-117.778 27.4916 -10.8484 1.55652 15.5652 90 2 30 10 9167 0 
-117.753 27.4867 -10.9097 1.55652 15.5652 90 2 30 10 9168 0 
-117.727 27.4818 -10.9711 1.55652 15.5652 90 2 30 10 9169 0 
-117.702 27.4768 -11.0324 1.55652 15.5652 90 2 30 10 9170 0 
-117.676 27.4719 -11.0938 1.55652 15.5652 90 2 30 10 9171 0 
-117.651 27.4669 -11.1551 1.55652 15.5652 90 2 30 10 9172 0 
-117.626 27.4619 -11.2165 1.55652 15.5652 90 2 30 10 9173 0 
-117.6 27.4568 -11.2778 1.55652 15.5652 90 2 30 10 9174 0 
-117.575 27.4518 -11.3392 1.55652 15.5652 90 2 30 10 9175 0 
-117.549 27.4467 -11.4005 1.55652 15.5652 90 2 30 10 9176 0 
-117.524 27.4415 -11.4619 1.55652 15.5652 90 2 30 10 9177 0 
-117.498 27.4364 -11.5232 1.55652 15.5652 90 2 30 10 9178 0 
-117.473 27.4312 -11.5846 1.55652 15.5652 90 2 30 10 9179 0 
-117.448 27.426 -11.6459 1.55652 15.5652 90 2 30 10 9180 0 
-117.422 27.4207 -11.7073 1.55652 15.5652 90 2 30 10 9181 0 
-117.397 27.4155 -11.7686 1.55652 15.5652 90 2 30 10 9182 0 
-117.371 27.4102 -11.83 1.55652 15.5652 90 2 30 10 9183 0 
-117.346 27.4049 -11.8913 1.55652 15.5652 90 2 30 10 9184 0 
-117.321 27.3995 -11.9527 1.55652 15.5652 90 2 30 10 9185 0 
-117.295 27.3941 -12.014 1.55652 15.5652 90 2 30 10 9186 0 
-117.27 27.3888 -12.0754 1.55652 15.5652 90 2 30 10 9187 0 
-117.244 27.3833 -12.1367 1.55652 15.5652 90 2 30 10 9188 0 
-117.219 27.3779 -12.1981 1.55652 15.5652 90 2 30 10 9189 0 
-117.194 27.3724 -12.2594 1.55652 15.5652 90 2 30 10 9190 0 
-117.168 27.3669 -12.3208 1.55652 15.5652 90 2 30 10 9191 0 
-117.143 27.3613 -12.3821 1.55652 15.5652 90 2 30 10 9192 0 
-117.118 27.3558 -12.4435 1.55652 15.5652 90 2 30 10 9193 0 
-117.092 27.3502 -12.5048 1.55652 15.5652 90 2 30 10 9194 0 
-117.067 27.3446 -12.5662 1.55652 15.5652 90 2 30 10 9195 0 
-117.042 27.3389 -12.6275 1.55652 15.5652 90 2 30 10 9196 0 
-117.016 27.3333 -12.6889 1.55652 15.5652 90 2 30 10 9197 0 
-116.991 27.3276 -12.7502 1.55652 15.5652 90 2 30 10 9198 0 
-116.966 27.3218 -12.8116 1.55652 15.5652 90 2 30 10 9199 0 
-116.94 27.3161 -12.8729 1.55652 15.5652 90 2 30 10 9200 0 
-116.915 27.3103 -12.9343 1.55652 15.5652 90 2 30 10 9201 0 
-116.89 27.3045 -12.9956 1.55652 15.5652 90 2 30 10 9202 0 
-116.865 27.2987 -13.057 1.55652 15.5652 90 2 30 10 9203 0 
-116.839 27.2928 -13.1183 1.55652 15.5652 90 2 30 10 9204 0 
-116.814 27.2869 -13.1797 1.55652 15.5652 90 2 30 10 9205 0 
-116.789 27.281 -13.241 1.55652 15.5652 90 2 30 10 9206 0 
-116.764 27.2751 -13.3024 1.55652 15.5652 90 2 30 10 9207 0 
-116.738 27.2691 -13.3637 1.55652 15.5652 90 2 30 10 9208 0 
-116.713 27.2631 -13.4251 1.55652 15.5652 90 2 30 10 9209 0 
-116.688 27.2571 -13.4864 1.55652 15.5652 90 2 30 10 9210 0 
-116.663 27.251 -13.5478 1.55652 15.5652 90 2 30 10 9211 0 
-116.637 27.2449 -13.6091 1.55652 15.5652 90 2 30 10 9212 0 
-116.612 27.2388 -13.6705 1.55652 15.5652 90 2 30 10 9213 0 
-116.587 27.2327 -13.7318 1.55652 15.5652 90 2 30 10 9214 0 
-116.562 27.2265 -13.7932 1.55652 15.5652 90 2 30 10 9215 0 
-116.537 27.2204 -13.8545 1.55652 15.5652 90 2 30 10 9216 0 
-116.511 27.2142 -13.9159 1.55652 15.5652 90 2 30 10 9217 0 
-116.486 27.2079 -13.9772 1.55652 15.5652 90 2 30 10 9218 0 
-116.461 27.2016 -14.0386 1.55652 15.5652 90 2 30 10 9219 0 
-116.436 27.1954 -14.0999 1.55652 15.5652 90 2 30 10 9220 0 
-116.411 27.189 -14.1613 1.55652 15.5652 90 2 30 10 9221 0 
-116.386 27.1827 -14.2226 1.55652 15.5652 90 2 30 10 9222 0 
-116.36 27.1763 -14.284 1.55652 15.5652 90 2 30 10 9223 0 
-116.335 27.1699 -14.3453 1.55652 15.5652 90 2 30 10 9224 0 
-116.31 27.1635 -14.4067 1.55652 15.5652 90 2 30 10 9225 0 
-116.285 27.157 -14.468 1.55652 15.5652 90 2 30 10 9226 0 
-116.26 27.1505 -14.5294 1.55652 15.5652 90 2 30 10 9227 0 
-116.235 27.144 -14.5907 1.55652 15.5652 90 2 30 10 9228 0 
-116.21 27.1375 -14.6521 1.55652 15.5652 90 2 30 10 9229 0 
-116.185 27.1309 -14.7134 1.55652 15.5652 90 2 30 10 9230 0 
-116.159 27.1244 -14.7748 1.55652 15.5652 90 2 30 10 9231 0 
-116.134 27.1177 -14.8361 1.55652 15.5652 90 2 30 10 9232 0 
-116.109 27.1111 -14.8975 1.55652 15.5652 90 2 30 10 9233 0 
-116.084 27.1044 -14.9588 1.55652 15.5652 90 2 30 10 9234 0 
-116.059 27.0977 -15.0202 1.55652 15.5652 90 2 30 10 9235 0 
-116.034 27.091 -15.0815 1.55652 15.5652 90 2 30 10 9236 0 
-116.009 27.0843 -15.1429 1.55652 15.5652 90 2 30 10 9237 0 
-115.984 27.0775 -15.2042 1.55652 15.5652 90 2 30 10 9238 0 
-115.959 27.0707 -15.2656 1.55652 15.5652 90 2 30 10 9239 0 
-115.934 27.0638 -15.3269 1.55652 15.5652 90 2 30 10 9240 0 
-115.909 27.057 -15.3883 1.55652 15.5652 90 2 30 10 9241 0 
-115.884 27.0501 -15.4496 1.55652 15.5652 90 2 30 10 9242 0 
-115.859 27.0432 -15.511 1.55652 15.5652 90 2 30 10 9243 0 
-115.834 27.0363 -15.5723 1.55652 15.5652 90 2 30 10 9244 0 
-115.809 27.0293 -15.6337 1.55652 15.5652 90 2 30 10 9245 0 
-115.784 27.0223 -15.695 1.55652 15.5652 90 2 30 10 9246 0 
-115.759 27.0153 -15.7564 1.55652 15.5652 90 2 30 10 9247 0 
-115.734 27.0082 -15.8177 1.55652 15.5652 90 2 30 10 9248 0 
-115.709 27.0012 -15.8791 1.55652 15.5652 90 2 30 10 9249 0 
-115.684 26.9941 -15.9404 1.55652 15.5652 90 2 30 10 9250 0 
-115.659 26.987 -16.0018 1.55652 15.5652 90 2 30 10 9251 0 
-115.634 26.9798 -16.0631 1.55652 15.5652 90 2 30 10 9252 0 
-115.609 26.9726 -16.1245 1.55652 15.5652 90 2 30 10 9253 0 
-115.584 26.9654 -16.1858 1.55652 15.5652 90 2 30 10 9254 0 
-115.559 26.9582 -16.2472 1.55652 15.5652 90 2 30 10 9255 0 
-115.535 26.9509 -16.3085 1.55652 15.5652 90 2 30 10 9256 0 
-115.51 26.9436 -16.3699 1.55652 15.5652 90 2 30 10 9257 0 
-115.485 26.9363 -16.4312 1.55652 15.5652 90 2 30 10 9258 0 
-115.46 26.929 -16.4926 1.55652 15.5652 90 2 30 10 9259 0 
-115.435 26.9216 -16.5539 1.55652 15.5652 90 2 30 10 9260 0 
-115.41 26.9142 -16.6153 1.55652 15.5652 90 2 30 10 9261 0 
-115.385 26.9068 -16.6766 1.55652 15.5652 90 2 30 10 9262 0 
-115.36 26.8994 -16.738 1.55652 15.5652 90 2 30 10 9263 0 
-115.336 26.8919 -16.7993 1.55652 15.5652 90 2 30 10 9264 0 
-115.311 26.8844 -16.8607 1.55652 15.5652 90 2 30 10 9265 0 
-115.286 26.8769 -16.922 1.55652 15.5652 90 2 30 10 9266 0 
-115.28 26.8749 -16.9834 1.55652 15.5652 90 2 30 10 9267 0 
-115.255 26.8673 -17.0447 1.55652 15.5652 90 2 30 10 9268 0 
-115.248 26.8654 -17.1061 1.55652 15.5652 90 2 30 10 9269 0 
-115.224 26.8578 -17.1674 1.55652 15.5652 90 2 30 10 9270 0 
-115.217 26.8559 -17.2288 1.55652 15.5652 90 2 30 10 9271 0 
-115.193 26.8482 -17.2901 1.55652 15.5652 90 2 30 10 9272 0 
-115.187 26.8463 -17.3514 1.55652 15.5652 90 2 30 10 9273 0 
-115.162 26.8386 -17.4128 1.55652 15.5652 90 2 30 10 9274 0 
-115.156 26.8367 -17.4741 1.55652 15.5652 90 2 30 10 9275 0 
-115.131 26.8289 -17.5355 1.55652 15.5652 90 2 30 10 9276 0 
-115.125 26.827 -17.5968 1.55652 15.5652 90 2 30 10 9277 0 
-115.1 26.8192 -17.6582 1.55652 15.5652 90 2 30 10 9278 0 
-115.095 26.8173 -17.7195 1.55652 15.5652 90 2 30 10 9279 0 
-115.07 26.8094 -17.7809 1.55652 15.5652 90 2 30 10 9280 0 
-115.064 26.8075 -17.8422 1.55652 15.5652 90 2 30 10 9281 0 
-115.039 26.7996 -17.9036 1.55652 15.5652 90 2 30 10 9282 0 
-115.034 26.7977 -17.9649 1.55652 15.5652 90 2 30 10 9283 0 
-115.009 26.7897 -18.0263 1.55652 15.5652 90 2 30 10 9284 0 
-115.003 26.7878 -18.0876 1.55652 15.5652 90 2 30 10 9285 0 
-114.978 26.7798 -18.149 1.55652 15.5652 90 2 30 10 9286 0 
-114.973 26.7779 -18.2103 1.55652 15.5652 90 2 30 10 9287 0 
-114.948 26.7698 -18.2717 1.55652 15.5652 90 2 30 10 9288 0 
-114.942 26.7679 -18.333 1.55652 15.5652 90 2 30 10 9289 0 
-114.918 26.7598 -18.3944 1.55652 15.5652 90 2 30 10 9290 0 
-114.912 26.7579 -18.4557 1.55652 15.5652 90 2 30 10 9291 0 
-114.888 26.7497 -18.5171 1.55652 15.5652 90 2 30 10 9292 0 
-114.882 26.7478 -18.5784 1.55652 15.5652 90 2 30 10 9293 0 
-114.857 26.7395 -18.6398 1.55652 15.5652 90 2 30 10 9294 0 
-114.852 26.7377 -18.7011 1.55652 15.5652 90 2 30 10 9295 0 
-114.84 26.7339 -18.7625 1.55652 15.5652 90 2 30 10 9296 0 
-114.832 26.731 -18.8238 1.55652 15.5652 90 2 30 10 9297 0 
-114.823 26.7278 -18.8852 1.55652 15.5652 90 2 30 10 9298 0 
-114.814 26.7247 -18.9465 1.55652 15.5652 90 2 30 10 9299 0 
-114.804 26.7215 -19.0079 1.55652 15.5652 90 2 30 10 9300 0 
-114.795 26.7184 -19.0692 1.55652 15.5652 90 2 30 10 9301 0 
-114.786 26.7153 -19.1306 1.55652 15.5652 90 2 30 10 9302 0 
-114.777 26.7121 -19.1919 1.55652 15.5652 90 2 30 10 9303 0 
-114.768 26.709 -19.2533 1.55652 15.5652 90 2 30 10 9304 0 
-114.759 26.7058 -19.3146 1.55652 15.5652 90 2 30 10 9305 0 
-114.75 26.7027 -19.376 1.55652 15.5652 90 2 30 10 9306 0 
-114.741 26.6995 -19.4373 1.55652 15.5652 90 2 30 10 9307 0 
-114.732 26.6964 -19.4987 1.55652 15.5652 90 2 30 10 9308 0 
-114.723 26.6932 -19.56 1.55652 15.5652 90 2 30 10 9309 0 
-114.714 26.69 -19.6214 1.55652 15.5652 90 2 30 10 9310 0 
-114.705 26.6868 -19.6827 1.55652 15.5652 90 2 30 10 9311 0 
-114.696 26.6836 -19.7441 1.55652 15.5652 90 2 30 10 9312 0 
-114.687 26.6804 -19.8054 1.55652 15.5652 90 2 30 10 9313 0 
-114.679 26.6772 -19.8668 1.55652 15.5652 90 2 30 10 9314 0 
-114.67 26.674 -19.9281 1.55652 15.5652 90 2 30 10 9315 0 
-114.661 26.6708 -19.9895 1.55652 15.5652 90 2 30 10 9316 0 
-114.652 26.6675 -20.0508 1.55652 15.5652 90 2 30 10 9317 0 
-114.643 26.6643 -20.1122 1.55652 15.5652 90 2 30 10 9318 0 
-114.634 26.661 -20.1735 1.55652 15.5652 90 2 30 10 9319 0 
-114.625 26.6578 -20.2349 1.55652 15.5652 90 2 30 10 9320 0 
-114.616 26.6545 -20.2962 1.55652 15.5652 90 2 30 10 9321 0 
-114.608 26.6513 -20.3576 1.55652 15.5652 90 2 30 10 9322 0 
-114.599 26.648 -20.4189 1.55652 15.5652 90 2 30 10 9323 0 
-114.59 26.6447 -20.4803 1.55652 15.5652 90 2 30 10 9324 0 
-114.581 26.6414 -20.5416 1.55652 15.5652 90 2 30 10 9325 0 
-114.572 26.6381 -20.603 1.55652 15.5652 90 2 30 10 9326 0 
-114.564 26.6348 -20.6643 1.55652 15.5652 90 2 30 10 9327 0 
-114.555 26.6315 -20.7257 1.55652 15.5652 90 2 30 10 9328 0 
-114.546 26.6282 -20.787 1.55652 15.5652 90 2 30 10 9329 0 
-114.537 26.6249 -20.8484 1.55652 15.5652 90 2 30 10 9330 0 
-114.528 26.6215 -20.9097 1.55652 15.5652 90 2 30 10 9331 0 
-114.52 26.6182 -20.9711 1.55652 15.5652 90 2 30 10 9332 0 
-114.511 26.6148 -21.0324 1.55652 15.5652 90 2 30 10 9333 0 
-114.502 26.6115 -21.0938 1.55652 15.5652 90 2 30 10 9334 0 
-114.493 26.6081 -21.1551 1.55652 15.5652 90 2 30 10 9335 0 
-114.485 26.6047 -21.2165 1.55652 15.5652 90 2 30 10 9336 0 
-114.476 26.6013 -21.2778 1.55652 15.5652 90 2 30 10 9337 0 
-114.467 26.5979 -21.3392 1.55652 15.5652 90 2 30 10 9338 0 
-114.459 26.5945 -21.4005 1.55652 15.5652 90 2 30 10 9339 0 
-114.45 26.5911 -21.4619 1.55652 15.5652 90 2 30 10 9340 0 
-114.441 26.5877 -21.5232 1.55652 15.5652 90 2 30 10 9341 0 
-114.433 26.5843 -21.5846 1.55652 15.5652 90 2 30 10 9342 0 
-114.424 26.5808 -21.6459 1.55652 15.5652 90 2 30 10 9343 0 
-114.415 26.5774 -21.7073 1.55652 15.5652 90 2 30 10 9344 0 
-114.407 26.5739 -21.7686 1.55652 15.5652 90 2 30 10 9345 0 
-114.398 26.5705 -21.83 1.55652 15.5652 90 2 30 10 9346 0 
-114.389 26.567 -21.8913 1.55652 15.5652 90 2 30 10 9347 0 
-114.381 26.5635 -21.9527 1.55652 15.5652 90 2 30 10 9348 0 
-114.372 26.56 -22.014 1.55652 15.5652 90 2 30 10 9349 0 
-114.363 26.5565 -22.0754 1.55652 15.5652 90 2 30 10 9350 0 
-114.355 26.553 -22.1367 1.55652 15.5652 90 2 30 10 9351 0 
-114.346 26.5495 -22.1981 1.55652 15.5652 90 2 30 10 9352 0 
-114.337 26.546 -22.2594 1.55652 15.5652 90 2 30 10 9353 0 
-114.329 26.5424 -22.3208 1.55652 15.5652 90 2 30 10 9354 0 
-114.32 26.5389 -22.3821 1.55652 15.5652 90 2 30 10 9355 0 
-114.311 26.5353 -22.4435 1.55652 15.5652 90 2 30 10 9356 0 
-114.303 26.5318 -22.5048 1.55652 15.5652 90 2 30 10 9357 0 
-114.294 26.5282 -22.5662 1.55652 15.5652 90 2 30 10 9358 0 
-114.285 26.5246 -22.6275 1.55652 15.5652 90 2 30 10 9359 0 
-114.277 26.521 -22.6889 1.55652 15.5652 90 2 30 10 9360 0 
-114.268 26.5174 -22.7502 1.55652 15.5652 90 2 30 10 9361 0 
-114.26 26.5138 -22.8116 1.55652 15.5652 90 2 30 10 9362 0 
-114.251 26.5102 -22.8729 1.55652 15.5652 90 2 30 10 9363 0 
-114.242 26.5066 -22.9343 1.55652 15.5652 90 2 30 10 9364 0 
-114.234 26.5029 -22.9956 1.55652 15.5652 90 2 30 10 9365 0 
-114.225 26.4993 -23.057 1.55652 15.5652 90 2 30 10 9366 0 
-114.217 26.4956 -23.1183 1.55652 15.5652 90 2 30 10 9367 0 
-114.208 26.4919 -23.1797 1.55652 15.5652 90 2 30 10 9368 0 
-114.199 26.4883 -23.241 1.55652 15.5652 90 2 30 10 9369 0 
-114.191 26.4846 -23.3024 1.55652 15.5652 90 2 30 10 9370 0 
-114.182 26.4809 -23.3637 1.55652 15.5652 90 2 30 10 9371 0 
-114.174 26.4772 -23.4251 1.55652 15.5652 90 2 30 10 9372 0 
-114.165 26.4735 -23.4864 1.55652 15.5652 90 2 30 10 9373 0 
-114.157 26.4697 -23.5478 1.55652 15.5652 90 2 30 10 9374 0 
-114.148 26.466 -23.6091 1.55652 15.5652 90 2 30 10 9375 0 
-114.139 26.4623 -23.6705 1.55652 15.5652 90 2 30 10 9376 0 
-114.131 26.4585 -23.7318 1.55652 15.5652 90 2 30 10 9377 0 
-114.122 26.4548 -23.7932 1.55652 15.5652 90 2 30 10 9378 0 
-114.114 26.451 -23.8545 1.55652 15.5652 90 2 30 10 9379 0 
-114.105 26.4472 -23.9159 1.55652 15.5652 90 2 30 10 9380 0 
-114.097 26.4434 -23.9772 1.55652 15.5652 90 2 30 10 9381 0 
-114.088 26.4396 -24.0386 1.55652 15.5652 90 2 30 10 9382 0 
-114.08 26.4358 -24.0999 1.55652 15.5652 90 2 30 10 9383 0 
-114.071 26.432 -24.1613 1.55652 15.5652 90 2 30 10 9384 0 
-114.062 26.4281 -24.2226 1.55652 15.5652 90 2 30 10 9385 0 
-114.054 26.4243 -24.284 1.55652 15.5652 90 2 30 10 9386 0 
-114.045 26.4204 -24.3453 1.55652 15.5652 90 2 30 10 9387 0 
-114.037 26.4166 -24.4067 1.55652 15.5652 90 2 30 10 9388 0 
-114.028 26.4127 -24.468 1.55652 15.5652 90 2 30 10 9389 0 
-114.02 26.4088 -24.5294 1.55652 15.5652 90 2 30 10 9390 0 
-114.011 26.4049 -24.5907 1.55652 15.5652 90 2 30 10 9391 0 
-114.003 26.401 -24.6521 1.55652 15.5652 90 2 30 10 9392 0 
-113.994 26.3971 -24.7134 1.55652 15.5652 90 2 30 10 9393 0 
-113.986 26.3932 -24.7748 1.55652 15.5652 90 2 30 10 9394 0 
-113.977 26.3892 -24.8361 1.55652 15.5652 90 2 30 10 9395 0 
-113.969 26.3853 -24.8975 1.55652 15.5652 90 2 30 10 9396 0 
-113.96 26.3813 -24.9588 1.55652 15.5652 90 2 30 10 9397 0 
-113.951 26.3773 -25.0202 1.55652 15.5652 90 2 30 10 9398 0 
-113.943 26.3734 -25.0815 1.55652 15.5652 90 2 30 10 9399 0 
-113.934 26.3694 -25.1429 1.55652 15.5652 90 2 30 10 9400 0 
-113.926 26.3654 -25.2042 1.55652 15.5652 90 2 30 10 9401 0 
-113.917 26.3614 -25.2656 1.55652 15.5652 90 2 30 10 9402 0 
-113.909 26.3573 -25.3269 1.55652 15.5652 90 2 30 10 9403 0 
-113.9 26.3533 -25.3883 1.55652 15.5652 90 2 30 10 9404 0 
-113.892 26.3493 -25.4496 1.55652 15.5652 90 2 30 10 9405 0 
-113.883 26.3452 -25.511 1.55652 15.5652 90 2 30 10 9406 0 
-113.875 26.3412 -25.5723 1.55652 15.5652 90 2 30 10 9407 0 
-113.866 26.3371 -25.6337 1.55652 15.5652 90 2 30 10 9408 0 
-113.858 26.333 -25.695 1.55652 15.5652 90 2 30 10 9409 0 
-113.849 26.3289 -25.7564 1.55652 15.5652 90 2 30 10 9410 0 
-113.841 26.3248 -25.8177 1.55652 15.5652 90 2 30 10 9411 0 
-113.832 26.3206 -25.8791 1.55652 15.5652 90 2 30 10 9412 0 
-113.824 26.3165 -25.9404 1.55652 15.5652 90 2 30 10 9413 0 
-113.815 26.3124 -26.0018 1.55652 15.5652 90 2 30 10 9414 0 
-113.807 26.3082 -26.0631 1.55652 15.5652 90 2 30 10 9415 0 
-113.798 26.3041 -26.1245 1.55652 15.5652 90 2 30 10 9416 0 
-113.79 26.2999 -26.1858 1.55652 15.5652 90 2 30 10 9417 0 
-113.781 26.2957 -26.2472 1.55652 15.5652 90 2 30 10 9418 0 
-113.773 26.2915 -26.3085 1.55652 15.5652 90 2 30 10 9419 0 
-113.764 26.2873 -26.3699 1.55652 15.5652 90 2 30 10 9420 0 
-113.756 26.2831 -26.4312 1.55652 15.5652 90 2 30 10 9421 0 
-113.747 26.2788 -26.4926 1.55652 15.5652 90 2 30 10 9422 0 
-113.739 26.2746 -26.5539 1.55652 15.5652 90 2 30 10 9423 0 
-113.73 26.2703 -26.6153 1.55652 15.5652 90 2 30 10 9424 0 
-113.721 26.2661 -26.6766 1.55652 15.5652 90 2 30 10 9425 0 
-113.713 26.2618 -26.738 1.55652 15.5652 90 2 30 10 9426 0 
-113.704 26.2575 -26.7993 1.55652 15.5652 90 2 30 10 9427 0 
-113.696 26.2532 -26.8607 1.55652 15.5652 90 2 30 10 9428 0 
-113.687 26.2489 -26.922 1.55652 15.5652 90 2 30 10 9429 0 
-113.679 26.2446 -26.9834 1.55652 15.5652 90 2 30 10 9430 0 
-113.67 26.2402 -27.0447 1.55652 15.5652 90 2 30 10 9431 0 
-113.662 26.2359 -27.1061 1.55652 15.5652 90 2 30 10 9432 0 
-113.653 26.2315 -27.1674 1.55652 15.5652 90 2 30 10 9433 0 
-113.645 26.2272 -27.2288 1.55652 15.5652 90 2 30 10 9434 0 
-113.636 26.2228 -27.2901 1.55652 15.5652 90 2 30 10 9435 0 
-113.628 26.2184 -27.3515 1.55652 15.5652 90 2 30 10 9436 0 
-113.619 26.214 -27.4128 1.55652 15.5652 90 2 30 10 9437 0 
-113.611 26.2096 -27.4742 1.55652 15.5652 90 2 30 10 9438 0 
-113.602 26.2052 -27.5355 1.55652 15.5652 90 2 30 10 9439 0 
-113.594 26.2007 -27.5969 1.55652 15.5652 90 2 30 10 9440 0 
-113.585 26.1963 -27.6582 1.55652 15.5652 90 2 30 10 9441 0 
-113.577 26.1918 -27.7196 1.55652 15.5652 90 2 30 10 9442 0 
-113.568 26.1873 -27.7809 1.55652 15.5652 90 2 30 10 9443 0 
-113.56 26.1829 -27.8423 1.55652 15.5652 90 2 30 10 9444 0 
-113.551 26.1784 -27.9036 1.55652 15.5652 90 2 30 10 9445 0 
-113.543 26.1738 -27.965 1.55652 15.5652 90 2 30 10 9446 0 
-113.534 26.1693 -28.0263 1.55652 15.5652 90 2 30 10 9447 0 
-113.526 26.1648 -28.0877 1.55652 15.5652 90 2 30 10 9448 0 
-113.517 26.1603 -28.149 1.55652 15.5652 90 2 30 10 9449 0 
-113.509 26.1557 -28.2104 1.55652 15.5652 90 2 30 10 9450 0 
-113.5 26.1511 -28.2717 1.55652 15.5652 90 2 30 10 9451 0 
-113.492 26.1465 -28.3331 1.55652 15.5652 90 2 30 10 9452 0 
-113.483 26.1419 -28.3944 1.55652 15.5652 90 2 30 10 9453 0 
-113.475 26.1373 -28.4558 1.55652 15.5652 90 2 30 10 9454 0 
-113.466 26.1327 -28.5171 1.55652 15.5652 90 2 30 10 9455 0 
-113.458 26.1281 -28.5785 1.55652 15.5652 90 2 30 10 9456 0 
-113.449 26.1235 -28.6398 1.55652 15.5652 90 2 30 10 9457 0 
-113.441 26.1188 -28.7012 1.55652 15.5652 90 2 30 10 9458 0 
-113.432 26.1141 -28.7625 1.55652 15.5652 90 2 30 10 9459 0 
-113.423 26.1095 -28.8239 1.55652 15.5652 90 2 30 10 9460 0 
-113.415 26.1048 -28.8852 1.55652 15.5652 90 2 30 10 9461 0 
-113.406 26.1001 -28.9466 1.55652 15.5652 90 2 30 10 9462 0 
-113.398 26.0954 -29.0079 1.55652 15.5652 90 2 30 10 9463 0 
-113.389 26.0906 -29.0693 1.55652 15.5652 90 2 30 10 9464 0 
-113.381 26.0859 -29.1306 1.55652 15.5652 90 2 30 10 9465 0 
-113.372 26.0811 -29.192 1.55652 15.5652 90 2 30 10 9466 0 
-113.364 26.0764 -29.2533 1.55652 15.5652 90 2 30 10 9467 0 
-113.355 26.0716 -29.3147 1.55652 15.5652 90 2 30 10 9468 0 
-113.347 26.0668 -29.376 1.55652 15.5652 90 2 30 10 9469 0 
-113.338 26.062 -29.4374 1.55652 15.5652 90 2 30 10 9470 0 
-113.33 26.0572 -29.4987 1.55652 15.5652 90 2 30 10 9471 0 
-113.321 26.0524 -29.5601 1.55652 15.5652 90 2 30 10 9472 0 
-113.313 26.0475 -29.6214 1.55652 15.5652 90 2 30 10 9473 0 
-113.304 26.0427 -29.6828 1.55652 15.5652 90 2 30 10 9474 0 
-113.296 26.0378 -29.7441 1.55652 15.5652 90 2 30 10 9475 0 
-113.287 26.0329 -29.8055 1.55652 15.5652 90 2 30 10 9476 0 
-113.278 26.028 -29.8668 1.55652 15.5652 90 2 30 10 9477 0 
-113.27 26.0231 -29.9282 1.55652 15.5652 90 2 30 10 9478 0 
-113.261 26.0182 -29.9895 1.55652 15.5652 90 2 30 10 9479 0 
-113.253 26.0133 -30.0509 1.55652 15.5652 90 2 30 10 9480 0 
-113.244 26.0083 -30.1122 1.55652 15.5652 90 2 30 10 9481 0 
-113.236 26.0034 -30.1736 1.55652 15.5652 90 2 30 10 9482 0 
-113.227 25.9984 -30.2349 1.55652 15.5652 90 2 30 10 9483 0 
-113.219 25.9934 -30.2963 1.55652 15.5652 90 2 30 10 9484 0 
-113.21 25.9884 -30.3576 1.55652 15.5652 90 2 30 10 9485 0 
-113.202 25.9834 -30.419 1.55652 15.5652 90 2 30 10 9486 0 
-113.193 25.9784 -30.4803 1.55652 15.5652 90 2 30 10 9487 0 
-113.184 25.9734 -30.5417 1.55652 15.5652 90 2 30 10 9488 0 
-113.176 25.9683 -30.603 1.55652 15.5652 90 2 30 10 9489 0 
-113.167 25.9632 -30.6644 1.55652 15.5652 90 2 30 10 9490 0 
-113.159 25.9582 -30.7257 1.55652 15.5652 90 2 30 10 9491 0 
-113.15 25.9531 -30.7871 1.55652 15.5652 90 2 30 10 9492 0 
-113.142 25.948 -30.8484 1.55652 15.5652 90 2 30 10 9493 0 
-113.133 25.9429 -30.9098 1.55652 15.5652 90 2 30 10 9494 0 
-113.125 25.9377 -30.9711 1.55652 15.5652 90 2 30 10 9495 0 
-113.116 25.9326 -31.0325 1.55652 15.5652 90 2 30 10 9496 0 
-113.107 25.9274 -31.0938 1.55652 15.5652 90 2 30 10 9497 0 
-113.099 25.9223 -31.1552 1.55652 15.5652 90 2 30 10 9498 0 
-113.09 25.9171 -31.2165 1.55652 15.5652 90 2 30 10 9499 0 
-113.082 25.9119 -31.2779 1.55652 15.5652 90 2 30 10 9500 0 
-113.073 25.9067 -31.3392 1.55652 15.5652 90 2 30 10 9501 0 
-113.064 25.9014 -31.4006 1.55652 15.5652 90 2 30 10 9502 0 
-113.056 25.8962 -31.4619 1.55652 15.5652 90 2 30 10 9503 0 
-113.047 25.8909 -31.5233 1.55652 15.5652 90 2 30 10 9504 0 
-113.039 25.8857 -31.5846 1.55652 15.5652 90 2 30 10 9505 0 
-113.03 25.8804 -31.646 1.55652 15.5652 90 2 30 10 9506 0 
-113.022 25.8751 -31.7073 1.55652 15.5652 90 2 30 10 9507 0 
-113.013 25.8698 -31.7687 1.55652 15.5652 90 2 30 10 9508 0 
-113.004 25.8645 -31.83 1.55652 15.5652 90 2 30 10 9509 0 
-112.996 25.8591 -31.8914 1.55652 15.5652 90 2 30 10 9510 0 
-112.987 25.8538 -31.9527 1.55652 15.5652 90 2 30 10 9511 0 
-112.979 25.8484 -32.0141 1.55652 15.5652 90 2 30 10 9512 0 
-112.97 25.843 -32.0754 1.55652 15.5652 90 2 30 10 9513 0 
-112.961 25.8376 -32.1368 1.55652 15.5652 90 2 30 10 9514 0 
-112.953 25.8322 -32.1981 1.55652 15.5652 90 2 30 10 9515 0 
-112.944 25.8268 -32.2595 1.55652 15.5652 90 2 30 10 9516 0 
-112.936 25.8214 -32.3208 1.55652 15.5652 90 2 30 10 9517 0 
-112.927 25.8159 -32.3822 1.55652 15.5652 90 2 30 10 9518 0 
-112.918 25.8105 -32.4435 1.55652 15.5652 90 2 30 10 9519 0 
-112.91 25.805 -32.5049 1.55652 15.5652 90 2 30 10 9520 0 
-112.901 25.7995 -32.5662 1.55652 15.5652 90 2 30 10 9521 0 
-112.892 25.794 -32.6276 1.55652 15.5652 90 2 30 10 9522 0 
-112.884 25.7885 -32.6889 1.55652 15.5652 90 2 30 10 9523 0 
-112.875 25.7829 -32.7503 1.55652 15.5652 90 2 30 10 9524 0 
-112.867 25.7774 -32.8116 1.55652 15.5652 90 2 30 10 9525 0 
-112.858 25.7719 -32.873 1.55652 15.5652 90 2 30 10 9526 0 
-112.849 25.7663 -32.9343 1.55652 15.5652 90 2 30 10 9527 0 
-112.841 25.7607 -32.9957 1.55652 15.5652 90 2 30 10 9528 0 
-112.832 25.7551 -33.057 1.55652 15.5652 90 2 30 10 9529 0 
-112.823 25.7495 -33.1184 1.55652 15.5652 90 2 30 10 9530 0 
-112.815 25.7438 -33.1798 1.55652 15.5652 90 2 30 10 9531 0 
-112.806 25.7382 -33.2411 1.55652 15.5652 90 2 30 10 9532 0 
-112.798 25.7325 -33.3025 1.55652 15.5652 90 2 30 10 9533 0 
-112.789 25.7268 -33.3638 1.55652 15.5652 90 2 30 10 9534 0 
-112.78 25.7211 -33.4252 1.55652 15.5652 90 2 30 10 9535 0 
-112.772 25.7154 -33.4865 1.55652 15.5652 90 2 30 10 9536 0 
-112.763 25.7097 -33.5479 1.55652 15.5652 90 2 30 10 9537 0 
-112.754 25.7039 -33.6092 1.55652 15.5652 90 2 30 10 9538 0 
-112.746 25.6982 -33.6706 1.55652 15.5652 90 2 30 10 9539 0 
-112.737 25.6924 -33.7319 1.55652 15.5652 90 2 30 10 9540 0 
-112.728 25.6866 -33.7933 1.55652 15.5652 90 2 30 10 9541 0 
-112.72 25.6808 -33.8546 1.55652 15.5652 90 2 30 10 9542 0 
-112.711 25.675 -33.916 1.55652 15.5652 90 2 30 10 9543 0 
-112.702 25.6691 -33.9773 1.55652 15.5652 90 2 30 10 9544 0 
-112.694 25.6633 -34.0387 1.55652 15.5652 90 2 30 10 9545 0 
-112.685 25.6574 -34.1 1.55652 15.5652 90 2 30 10 9546 0 
-112.676 25.6515 -34.1614 1.55652 15.5652 90 2 30 10 9547 0 
-112.667 25.6456 -34.2227 1.55652 15.5652 90 2 30 10 9548 0 
-112.659 25.6397 -34.2841 1.55652 15.5652 90 2 30 10 9549 0 
-112.65 25.6338 -34.3454 1.55652 15.5652 90 2 30 10 9550 0 
-112.641 25.6279 -34.4068 1.55652 15.5652 90 2 30 10 9551 0 
-112.633 25.6219 -34.4681 1.55652 15.5652 90 2 30 10 9552 0 
-112.624 25.6159 -34.5295 1.55652 15.5652 90 2 30 10 9553 0 
-112.615 25.61 -34.5908 1.55652 15.5652 90 2 30 10 9554 0 
-112.607 25.6039 -34.6522 1.55652 15.5652 90 2 30 10 9555 0 
-112.598 25.5979 -34.7135 1.55652 15.5652 90 2 30 10 9556 0 
-112.589 25.5919 -34.7749 1.55652 15.5652 90 2 30 10 9557 0 
-112.58 25.5858 -34.8363 1.55652 15.5652 90 2 30 10 9558 0 
-112.572 25.5798 -34.8976 1.55652 15.5652 90 2 30 10 9559 0 
-112.563 25.5737 -34.959 1.55652 15.5652 90 2 30 10 9560 0 
-112.554 25.5676 -35.0203 1.55652 15.5652 90 2 30 10 9561 0 
-112.546 25.5615 -35.0817 1.55652 15.5652 90 2 30 10 9562 0 
-112.537 25.5553 -35.143 1.55652 15.5652 90 2 30 10 9563 0 
-112.528 25.5492 -35.2044 1.55652 15.5652 90 2 30 10 9564 0 
-112.519 25.543 -35.2657 1.55652 15.5652 90 2 30 10 9565 0 
-112.511 25.5368 -35.3271 1.55652 15.5652 90 2 30 10 9566 0 
-112.502 25.5306 -35.3884 1.55652 15.5652 90 2 30 10 9567 0 
-112.493 25.5244 -35.4498 1.55652 15.5652 90 2 30 10 9568 0 
-112.484 25.5182 -35.5111 1.55652 15.5652 90 2 30 10 9569 0 
-112.476 25.512 -35.5725 1.55652 15.5652 90 2 30 10 9570 0 
-112.467 25.5057 -35.6338 1.55652 15.5652 90 2 30 10 9571 0 
-112.458 25.4994 -35.6952 1.55652 15.5652 90 2 30 10 9572 0 
-112.449 25.4931 -35.7565 1.55652 15.5652 90 2 30 10 9573 0 
-112.441 25.4868 -35.8179 1.55652 15.5652 90 2 30 10 9574 0 
-112.432 25.4805 -35.8792 1.55652 15.5652 90 2 30 10 9575 0 
-112.423 25.4741 -35.9406 1.55652 15.5652 90 2 30 10 9576 0 
-112.414 25.4677 -36.0019 1.55652 15.5652 90 2 30 10 9577 0 
-112.405 25.4614 -36.0633 1.55652 15.5652 90 2 30 10 9578 0 
-112.397 25.455 -36.1246 1.55652 15.5652 90 2 30 10 9579 0 
-112.388 25.4486 -36.186 1.55652 15.5652 90 2 30 10 9580 0 
-112.379 25.4421 -36.2473 1.55652 15.5652 90 2 30 10 9581 0 
-112.37 25.4357 -36.3087 1.55652 15.5652 90 2 30 10 9582 0 
-112.361 25.4292 -36.37 1.55652 15.5652 90 2 30 10 9583 0 
-112.353 25.4227 -36.4314 1.55652 15.5652 90 2 30 10 9584 0 
-112.344 25.4162 -36.4927 1.55652 15.5652 90 2 30 10 9585 0 
-112.335 25.4097 -36.5541 1.55652 15.5652 90 2 30 10 9586 0 
-112.326 25.4031 -36.6155 1.55652 15.5652 90 2 30 10 9587 0 
-112.317 25.3966 -36.6768 1.55652 15.5652 90 2 30 10 9588 0 
-112.309 25.39 -36.7382 1.55652 15.5652 90 2 30 10 9589 0 
-112.3 25.3834 -36.7995 1.55652 15.5652 90 2 30 10 9590 0 
-112.291 25.3768 -36.8609 1.55652 15.5652 90 2 30 10 9591 0 
-112.282 25.3702 -36.9222 1.55652 15.5652 90 2 30 10 9592 0 
-112.273 25.3635 -36.9836 1.55652 15.5652 90 2 30 10 9593 0 
-112.264 25.3569 -37.0449 1.55652 15.5652 90 2 30 10 9594 0 
-112.255 25.3502 -37.1063 1.55652 15.5652 90 2 30 10 9595 0 
-112.247 25.3435 -37.1676 1.55652 15.5652 90 2 30 10 9596 0 
-112.238 25.3368 -37.229 1.55652 15.5652 90 2 30 10 9597 0 
-112.229 25.33 -37.2903 1.55652 15.5652 90 2 30 10 9598 0 
-112.22 25.3232 -37.3517 1.55652 15.5652 90 2 30 10 9599 0 
-112.211 25.3165 -37.413 1.55652 15.5652 90 2 30 10 9600 0 
-112.202 25.3097 -37.4744 1.55652 15.5652 90 2 30 10 9601 0 
-112.193 25.3029 -37.5357 1.55652 15.5652 90 2 30 10 9602 0 
-112.184 25.296 -37.5971 1.55652 15.5652 90 2 30 10 9603 0 
-112.176 25.2892 -37.6584 1.55652 15.5652 90 2 30 10 9604 0 
-112.167 25.2823 -37.7198 1.55652 15.5652 90 2 30 10 9605 0 
-112.158 25.2754 -37.7811 1.55652 15.5652 90 2 30 10 9606 0 
-112.149 25.2685 -37.8425 1.55652 15.5652 90 2 30 10 9607 0 
-112.14 25.2616 -37.9038 1.55652 15.5652 90 2 30 10 9608 0 
-112.131 25.2547 -37.9652 1.55652 15.5652 90 2 30 10 9609 0 
-112.122 25.2477 -38.0265 1.55652 15.5652 90 2 30 10 9610 0 
-112.113 25.2407 -38.0879 1.55652 15.5652 90 2 30 10 9611 0 
-112.104 25.2337 -38.1492 1.55652 15.5652 90 2 30 10 9612 0 
-112.095 25.2267 -38.2106 1.55652 15.5652 90 2 30 10 9613 0 
-112.086 25.2196 -38.2719 1.55652 15.5652 90 2 30 10 9614 0 
-112.077 25.2126 -38.3333 1.55652 15.5652 90 2 30 10 9615 0 
-112.068 25.2055 -38.3947 1.55652 15.5652 90 2 30 10 9616 0 
-112.059 25.1984 -38.456 1.55652 15.5652 90 2 30 10 9617 0 
-112.05 25.1912 -38.5174 1.55652 15.5652 90 2 30 10 9618 0 
-112.041 25.1841 -38.5787 1.55652 15.5652 90 2 30 10 9619 0 
-112.033 25.1769 -38.6401 1.55652 15.5652 90 2 30 10 9620 0 
-112.024 25.1698 -38.7014 1.55652 15.5652 90 2 30 10 9621 0 
-112.015 25.1625 -38.7628 1.55652 15.5652 90 2 30 10 9622 0 
-112.006 25.1553 -38.8241 1.55652 15.5652 90 2 30 10 9623 0 
-111.997 25.1481 -38.8855 1.55652 15.5652 90 2 30 10 9624 0 
-111.987 25.1408 -38.9468 1.55652 15.5652 90 2 30 10 9625 0 
-111.978 25.1335 -39.0082 1.55652 15.5652 90 2 30 10 9626 0 
-111.969 25.1262 -39.0695 1.55652 15.5652 90 2 30 10 9627 0 
-111.96 25.1189 -39.1309 1.55652 15.5652 90 2 30 10 9628 0 
-111.951 25.1115 -39.1922 1.55652 15.5652 90 2 30 10 9629 0 
-111.942 25.1042 -39.2536 1.55652 15.5652 90 2 30 10 9630 0 
-111.933 25.0968 -39.3149 1.55652 15.5652 90 2 30 10 9631 0 
-111.924 25.0893 -39.3763 1.55652 15.5652 90 2 30 10 9632 0 
-111.915 25.0819 -39.4376 1.55652 15.5652 90 2 30 10 9633 0 
-111.906 25.0744 -39.499 1.55652 15.5652 90 2 30 10 9634 0 
-111.897 25.067 -39.5603 1.55652 15.5652 90 2 30 10 9635 0 
-111.888 25.0594 -39.6217 1.55652 15.5652 90 2 30 10 9636 0 
-111.879 25.0519 -39.683 1.55652 15.5652 90 2 30 10 9637 0 
-111.87 25.0443 -39.7444 1.55652 15.5652 90 2 30 10 9638 0 
-111.861 25.0368 -39.8057 1.55652 15.5652 90 2 30 10 9639 0 
-111.852 25.0292 -39.8671 1.55652 15.5652 90 2 30 10 9640 0 
-111.842 25.0216 -39.9284 1.55652 15.5652 90 2 30 10 9641 0 
-111.833 25.0139 -39.9898 1.55652 15.5652 90 2 30 10 9642 0 
-111.824 25.0063 -40.0512 1.55652 15.5652 90 2 30 10 9643 0 
-111.815 24.9986 -40.1125 1.55652 15.5652 90 2 30 10 9644 0 
-111.806 24.9909 -40.1739 1.55652 15.5652 90 2 30 10 9645 0 
-111.797 24.9831 -40.2352 1.55652 15.5652 90 2 30 10 9646 0 
-111.787 24.9754 -40.2966 1.55652 15.5652 90 2 30 10 9647 0 
-111.778 24.9676 -40.3579 1.55652 15.5652 90 2 30 10 9648 0 
-111.769 24.9598 -40.4193 1.55652 15.5652 90 2 30 10 9649 0 
-111.76 24.9519 -40.4806 1.55652 15.5652 90 2 30 10 9650 0 
-111.751 24.9441 -40.542 1.55652 15.5652 90 2 30 10 9651 0 
-111.741 24.9362 -40.6033 1.55652 15.5652 90 2 30 10 9652 0 
-111.732 24.9283 -40.6647 1.55652 15.5652 90 2 30 10 9653 0 
-111.723 24.9203 -40.726 1.55652 15.5652 90 2 30 10 9654 0 
-111.714 24.9124 -40.7874 1.55652 15.5652 90 2 30 10 9655 0 
-111.705 24.9044 -40.8487 1.55652 15.5652 90 2 30 10 9656 0 
-111.695 24.8964 -40.9101 1.55652 15.5652 90 2 30 10 9657 0 
-111.686 24.8883 -40.9714 1.55652 15.5652 90 2 30 10 9658 0 
-111.677 24.8803 -41.0328 1.55652 15.5652 90 2 30 10 9659 0 
-111.667 24.8722 -41.0941 1.55652 15.5652 90 2 30 10 9660 0 
-111.658 24.864 -41.1555 1.55652 15.5652 90 2 30 10 9661 0 
-111.649 24.8559 -41.2168 1.55652 15.5652 90 2 30 10 9662 0 
-111.639 24.8477 -41.2782 1.55652 15.5652 90 2 30 10 9663 0 
-111.63 24.8395 -41.3395 1.55652 15.5652 90 2 30 10 9664 0 
-111.621 24.8313 -41.4009 1.55652 15.5652 90 2 30 10 9665 0 
-111.611 24.823 -41.4622 1.55652 15.5652 90 2 30 10 9666 0 
-111.602 24.8147 -41.5236 1.55652 15.5652 90 2 30 10 9667 0 
-111.592 24.8064 -41.5849 1.55652 15.5652 90 2 30 10 9668 0 
-111.583 24.798 -41.6463 1.55652 15.5652 90 2 30 10 9669 0 
-111.574 24.7896 -41.7076 1.55652 15.5652 90 2 30 10 9670 0 
-111.564 24.7812 -41.769 1.55652 15.5652 90 2 30 10 9671 0 
-111.555 24.7727 -41.8304 1.55652 15.5652 90 2 30 10 9672 0 
-111.545 24.7642 -41.8917 1.55652 15.5652 90 2 30 10 9673 0 
-111.536 24.7557 -41.9531 1.55652 15.5652 90 2 30 10 9674 0 
-111.526 24.7472 -42.0144 1.55652 15.5652 90 2 30 10 9675 0 
-111.517 24.7386 -42.0758 1.55652 15.5652 90 2 30 10 9676 0 
-111.507 24.7299 -42.1371 1.55652 15.5652 90 2 30 10 9677 0 
-111.498 24.7213 -42.1985 1.55652 15.5652 90 2 30 10 9678 0 
-111.488 24.7126 -42.2598 1.55652 15.5652 90 2 30 10 9679 0 
-111.478 24.7039 -42.3212 1.55652 15.5652 90 2 30 10 9680 0 
-111.469 24.6951 -42.3825 1.55652 15.5652 90 2 30 10 9681 0 
-111.459 24.6863 -42.4439 1.55652 15.5652 90 2 30 10 9682 0 
-111.449 24.6774 -42.5052 1.55652 15.5652 90 2 30 10 9683 0 
-111.44 24.6685 -42.5666 1.55652 15.5652 90 2 30 10 9684 0 
-111.43 24.6596 -42.6279 1.55652 15.5652 90 2 30 10 9685 0 
-111.42 24.6506 -42.6893 1.55652 15.5652 90 2 30 10 9686 0 
-111.41 24.6415 -42.7506 1.55652 15.5652 90 2 30 10 9687 0 
-111.401 24.6325 -42.812 1.55652 15.5652 90 2 30 10 9688 0 
-111.391 24.6233 -42.8733 1.55652 15.5652 90 2 30 10 9689 0 
-111.381 24.6141 -42.9347 1.55652 15.5652 90 2 30 10 9690 0 
-111.371 24.6048 -42.996 1.55652 15.5652 90 2 30 10 9691 0 
-111.361 24.5955 -43.0574 1.55652 15.5652 90 2 30 10 9692 0 
-111.351 24.586 -43.1187 1.55652 15.5652 90 2 30 10 9693 0 
-111.34 24.5765 -43.1801 1.55652 15.5652 90 2 30 10 9694 0 
-111.321 24.5587 -43.2414 1.55652 15.5652 90 2 30 10 9695 0 
-111.303 24.5409 -43.3028 1.55652 15.5652 90 2 30 10 9696 0 
-111.284 24.5231 -43.3641 1.55652 15.5652 90 2 30 10 9697 0 
-111.265 24.5053 -43.4255 1.55652 15.5652 90 2 30 10 9698 0 
-111.246 24.4875 -43.4869 1.55652 15.5652 90 2 30 10 9699 0 
-111.227 24.4696 -43.5482 1.55652 15.5652 90 2 30 10 9700 0 
-111.208 24.4518 -43.6096 1.55652 15.5652 90 2 30 10 9701 0 
-111.19 24.4339 -43.6709 1.55652 15.5652 90 2 30 10 9702 0 
-111.171 24.416 -43.7323 1.55652 15.5652 90 2 30 10 9703 0 
-111.152 24.398 -43.7936 1.55652 15.5652 90 2 30 10 9704 0 
-111.133 24.3801 -43.855 1.55652 15.5652 90 2 30 10 9705 0 
-111.115 24.3621 -43.9163 1.55652 15.5652 90 2 30 10 9706 0 
-111.096 24.3441 -43.9777 1.55652 15.5652 90 2 30 10 9707 0 
-111.077 24.3261 -44.039 1.55652 15.5652 90 2 30 10 9708 0 
-111.059 24.3081 -44.1004 1.55652 15.5652 90 2 30 10 9709 0 
-111.04 24.29 -44.1617 1.55652 15.5652 90 2 30 10 9710 0 
-111.021 24.2719 -44.2231 1.55652 15.5652 90 2 30 10 9711 0 
-111.003 24.2538 -44.2844 1.55652 15.5652 90 2 30 10 9712 0 
-110.984 24.2357 -44.3458 1.55652 15.5652 90 2 30 10 9713 0 
-110.966 24.2176 -44.4071 1.55652 15.5652 90 2 30 10 9714 0 
-110.947 24.1994 -44.4685 1.55652 15.5652 90 2 30 10 9715 0 
-110.929 24.1813 -44.5298 1.55652 15.5652 90 2 30 10 9716 0 
-110.91 24.1631 -44.5912 1.55652 15.5652 90 2 30 10 9717 0 
-110.892 24.1449 -44.5298 1.55652 15.5652 90 2 30 10 9718 0 
-110.873 24.1267 -44.5912 1.55652 15.5652 90 2 30 10 9719 0 
-110.855 24.1085 -44.5298 1.55652 15.5652 90 2 30 10 9720 0 
-110.836 24.0903 -44.5912 1.55652 15.5652 90 2 30 10 9721 0 
-110.818 24.0721 -44.5298 1.55652 15.5652 90 2 30 10 9722 0 
-110.799 24.0539 -44.5912 1.55652 15.5652 90 2 30 10 9723 0 
-110.781 24.0357 -44.5298 1.55652 15.5652 90 2 30 10 9724 0 
-110.762 24.0175 -44.5912 1.55652 15.5652 90 2 30 10 9725 0 
-110.744 23.9992 -44.5298 1.55652 15.5652 90 2 30 10 9726 0 
-110.725 23.9811 -44.5912 1.55652 15.5652 90 2 30 10 9727 0 
-110.707 23.9628 -44.5298 1.55652 15.5652 90 2 30 10 9728 0 
-110.688 23.9446 -44.5912 1.55652 15.5652 90 2 30 10 9729 0 
-110.67 23.9264 -44.5298 1.55652 15.5652 90 2 30 10 9730 0 
-110.651 23.9082 -44.5912 1.55652 15.5652 90 2 30 10 9731 0 
-110.633 23.89 -44.5298 1.55652 15.5652 90 2 30 10 9732 0 
-110.614 23.8718 -44.5912 1.55652 15.5652 90 2 30 10 9733 0 
-110.596 23.8536 -44.5298 1.55652 15.5652 90 2 30 10 9734 0 
-110.577 23.8354 -44.5912 1.55652 15.5652 90 2 30 10 9735 0 
-110.559 23.8172 -44.5298 1.55652 15.5652 90 2 30 10 9736 0 
-110.54 23.799 -44.5912 1.55652 15.5652 90 2 30 10 9737 0 
-110.522 23.7808 -44.5298 1.55652 15.5652 90 2 30 10 9738 0 
-110.504 23.7626 -44.5912 1.55652 15.5652 90 2 30 10 9739 0 
-110.485 23.7444 -44.5298 1.55652 15.5652 90 2 30 10 9740 0 
-110.467 23.7262 -44.5912 1.55652 15.5652 90 2 30 10 9741 0 
-110.448 23.708 -44.5298 1.55652 15.5652 90 2 30 10 9742 0 
-110.43 23.6898 -44.5912 1.55652 15.5652 90 2 30 10 9743 0 
-110.411 23.6716 -44.5298 1.55652 15.5652 90 2 30 10 9744 0 
-110.393 23.6534 -44.5912 1.55652 15.5652 90 2 30 10 9745 0 
-110.374 23.6352 -44.5298 1.55652 15.5652 90 2 30 10 9746 0 
-110.356 23.617 -44.5912 1.55652 15.5652 90 2 30 10 9747 0 
-110.337 23.5988 -44.5298 1.55652 15.5652 90 2 30 10 9748 0 
-110.319 23.5806 -44.5912 1.55652 15.5652 90 2 30 10 9749 0 
-110.3 23.5624 -44.5298 1.55652 15.5652 90 2 30 10 9750 0 
-110.282 23.5442 -44.5912 1.55652 15.5652 90 2 30 10 9751 0 
-110.263 23.526 -44.5298 1.55652 15.5652 90 2 30 10 9752 0 
-110.245 23.5078 -44.5912 1.55652 15.5652 90 2 30 10 9753 0 
-110.226 23.4896 -44.5298 1.55652 15.5652 90 2 30 10 9754 0 
-110.208 23.4714 -44.5912 1.55652 15.5652 90 2 30 10 9755 0 
-110.189 23.4532 -44.5298 1.55652 15.5652 90 2 30 10 9756 0 
-110.171 23.435 -44.5912 1.55652 15.5652 90 2 30 10 9757 0 
-110.152 23.4168 -44.5298 1.55652 15.5652 90 2 30 10 9758 0 
-110.134 23.3986 -44.5912 1.55652 15.5652 90 2 30 10 9759 0 
-110.115 23.3804 -44.5298 1.55652 15.5652 90 2 30 10 9760 0 
-110.097 23.3622 -44.5912 1.55652 15.5652 90 2 30 10 9761 0 
-110.078 23.3439 -44.5298 1.55652 15.5652 90 2 30 10 9762 0 
-110.06 23.3258 -44.5912 1.55652 15.5652 90 2 30 10 9763 0 
-110.041 23.3075 -44.5298 1.55652 15.5652 90 2 30 10 9764 0 
-110.023 23.2893 -44.5912 1.55652 15.5652 90 2 30 10 9765 0 
-110.005 23.2711 -44.5298 1.55652 15.5652 90 2 30 10 9766 0 
-109.986 23.2529 -44.5912 1.55652 15.5652 90 2 30 10 9767 0 
-109.968 23.2347 -44.5298 1.55652 15.5652 90 2 30 10 9768 0 
-109.949 23.2165 -44.5912 1.55652 15.5652 90 2 30 10 9769 0 
-109.931 23.1983 -44.5298 1.55652 15.5652 90 2 30 10 9770 0 
-109.912 23.1801 -44.5912 1.55652 15.5652 90 2 30 10 9771 0 
-109.894 23.1619 -44.5298 1.55652 15.5652 90 2 30 10 9772 0 
-109.875 23.1437 -44.5912 1.55652 15.5652 90 2 30 10 9773 0 
-109.857 23.1255 -44.5298 1.55652 15.5652 90 2 30 10 9774 0 
-109.838 23.1073 -44.5912 1.55652 15.5652 90 2 30 10 9775 0 
-109.82 23.0891 -44.5298 1.55652 15.5652 90 2 30 10 9776 0 
-109.801 23.0709 -44.5912 1.55652 15.5652 90 2 30 10 9777 0 
-109.783 23.0527 -44.5298 1.55652 15.5652 90 2 30 10 9778 0 
-109.764 23.0345 -44.5912 1.55652 15.5652 90 2 30 10 9779 0 
-109.746 23.0163 -44.5298 1.55652 15.5652 90 2 30 10 9780 0 
-109.727 22.9981 -44.5912 1.55652 15.5652 90 2 30 10 9781 0 
-109.709 22.9799 -44.5298 1.55652 15.5652 90 2 30 10 9782 0 
-109.69 22.9617 -44.5912 1.55652 15.5652 90 2 30 10 9783 0 
-109.672 22.9435 -44.5298 1.55652 15.5652 90 2 30 10 9784 0 
-109.653 22.9253 -44.5912 1.55652 15.5652 90 2 30 10 9785 0 
-109.635 22.9071 -44.5298 1.55652 15.5652 90 2 30 10 9786 0 
-109.616 22.8889 -44.5912 1.55652 15.5652 90 2 30 10 9787 0 
-109.598 22.8707 -44.5298 1.55652 15.5652 90 2 30 10 9788 0 
-109.579 22.8525 -44.5912 1.55652 15.5652 90 2 30 10 9789 0 
-109.561 22.8343 -44.5298 1.55652 15.5652 90 2 30 10 9790 0 
-109.542 22.8161 -44.5912 1.55652 15.5652 90 2 30 10 9791 0 
-109.524 22.7979 -44.5298 1.55652 15.5652 90 2 30 10 9792 0 
-109.505 22.7797 -44.5912 1.55652 15.5652 90 2 30 10 9793 0 
-109.487 22.7615 -44.5298 1.55652 15.5652 90 2 30 10 9794 0 
-109.469 22.7433 -44.5912 1.55652 15.5652 90 2 30 10 9795 0 
-109.45 22.725 -44.5298 1.55652 15.5652 90 2 30 10 9796 0 
-109.432 22.7069 -44.5912 1.55652 15.5652 90 2 30 10 9797 0 
-109.413 22.6886 -44.5298 1.55652 15.5652 90 2 30 10 9798 0 
-109.395 22.6705 -44.5912 1.55652 15.5652 90 2 30 10 9799 0 
-109.376 22.6522 -44.5298 1.55652 15.5652 90 2 30 10 9800 0 
-109.358 22.634 -44.5912 1.55652 15.5652 90 2 30 10 9801 0 
-109.339 22.6158 -44.5298 1.55652 15.5652 90 2 30 10 9802 0 
-109.321 22.5976 -44.5912 1.55652 15.5652 90 2 30 10 9803 0 
-109.302 22.5794 -44.5298 1.55652 15.5652 90 2 30 10 9804 0 
-109.284 22.5612 -44.5912 1.55652 15.5652 90 2 30 10 9805 0 
-109.265 22.543 -44.5298 1.55652 15.5652 90 2 30 10 9806 0 
-109.247 22.5248 -44.5912 1.55652 15.5652 90 2 30 10 9807 0 
-109.228 22.5066 -44.5298 1.55652 15.5652 90 2 30 10 9808 0 
-109.21 22.4884 -44.5912 1.55652 15.5652 90 2 30 10 9809 0 
-109.191 22.4702 -44.5298 1.55652 15.5652 90 2 30 10 9810 0 
-109.173 22.452 -44.5912 1.55652 15.5652 90 2 30 10 9811 0 
-109.154 22.4338 -44.5298 1.55652 15.5652 90 2 30 10 9812 0 
-109.136 22.4156 -44.5912 1.55652 15.5652 90 2 30 10 9813 0 
-109.117 22.3974 -44.5298 1.55652 15.5652 90 2 30 10 9814 0 
-109.099 22.3792 -44.5912 1.55652 15.5652 90 2 30 10 9815 0 
-109.08 22.361 -44.5298 1.55652 15.5652 90 2 30 10 9816 0 
-109.062 22.3428 -44.5912 1.55652 15.5652 90 2 30 10 9817 0 
-109.043 22.3246 -44.5298 1.55652 15.5652 90 2 30 10 9818 0 
-109.025 22.3064 -44.5912 1.55652 15.5652 90 2 30 10 9819 0 
-109.006 22.2882 -44.5298 1.55652 15.5652 90 2 30 10 9820 0 
-108.988 22.27 -44.5912 1.55652 15.5652 90 2 30 10 9821 0 
-108.97 22.2518 -44.5298 1.55652 15.5652 90 2 30 10 9822 0 
-108.951 22.2336 -44.5912 1.55652 15.5652 90 2 30 10 9823 0 
-108.933 22.2154 -44.5298 1.55652 15.5652 90 2 30 10 9824 0 
-108.914 22.1972 -44.5912 1.55652 15.5652 90 2 30 10 9825 0 
-108.896 22.179 -44.5298 1.55652 15.5652 90 2 30 10 9826 0 
-108.877 22.1608 -44.5912 1.55652 15.5652 90 2 30 10 9827 0 
-108.859 22.1426 -44.5298 1.55652 15.5652 90 2 30 10 9828 0 
-108.84 22.1244 -44.5912 1.55652 15.5652 90 2 30 10 9829 0 
-108.822 22.1062 -44.5298 1.55652 15.5652 90 2 30 10 9830 0 
-108.803 22.088 -44.5912 1.55652 15.5652 90 2 30 10 9831 0 
-108.785 22.0697 -44.5298 1.55652 15.5652 90 2 30 10 9832 0 
-108.766 22.0516 -44.5912 1.55652 15.5652 90 2 30 10 9833 0 
-108.748 22.0333 -44.5298 1.55652 15.5652 90 2 30 10 9834 0 
-108.729 22.0152 -44.5912 1.55652 15.5652 90 2 30 10 9835 0 
-108.711 21.9969 -44.5298 1.55652 15.5652 90 2 30 10 9836 0 
-108.692 21.9787 -44.5912 1.55652 15.5652 90 2 30 10 9837 0 
-108.674 21.9605 -44.5298 1.55652 15.5652 90 2 30 10 9838 0 
-108.655 21.9423 -44.5912 1.55652 15.5652 90 2 30 10 9839 0 
-108.637 21.9241 -44.5298 1.55652 15.5652 90 2 30 10 9840 0 
-108.618 21.9059 -44.5912 1.55652 15.5652 90 2 30 10 9841 0 
-108.6 21.8877 -44.5298 1.55652 15.5652 90 2 30 10 9842 0 
-108.581 21.8695 -44.5912 1.55652 15.5652 90 2 30 10 9843 0 
-108.563 21.8513 -44.5298 1.55652 15.5652 90 2 30 10 9844 0 
-108.544 21.8331 -44.5912 1.55652 15.5652 90 2 30 10 9845 0 
-108.526 21.8149 -44.5298 1.55652 15.5652 90 2 30 10 9846 0 
-108.507 21.7967 -44.5912 1.55652 15.5652 90 2 30 10 9847 0 
-108.489 21.7785 -44.5298 1.55652 15.5652 90 2 30 10 9848 0 
-108.47 21.7603 -44.5912 1.55652 15.5652 90 2 30 10 9849 0 
-108.452 21.7421 -44.5298 1.55652 15.5652 90 2 30 10 9850 0 
-108.434 21.7239 -44.5912 1.55652 15.5652 90 2 30 10 9851 0 
-108.415 21.7057 -44.5298 1.55652 15.5652 90 2 30 10 9852 0 
-108.397 21.6875 -44.5912 1.55652 15.5652 90 2 30 10 9853 0 
-108.378 21.6693 -44.5298 1.55652 15.5652 90 2 30 10 9854 0 
-108.36 21.6511 -44.5912 1.55652 15.5652 90 2 30 10 9855 0 
-108.341 21.6329 -44.5298 1.55652 15.5652 90 2 30 10 9856 0 
-108.323 21.6147 -44.5912 1.55652 15.5652 90 2 30 10 9857 0 
-108.304 21.5965 -44.5298 1.55652 15.5652 90 2 30 10 9858 0 
-108.286 21.5783 -44.5912 1.55652 15.5652 90 2 30 10 9859 0 
-108.267 21.5601 -44.5298 1.55652 15.5652 90 2 30 10 9860 0 
-108.249 21.5419 -44.5912 1.55652 15.5652 90 2 30 10 9861 0 
-108.23 21.5237 -44.5298 1.55652 15.5652 90 2 30 10 9862 0 
-108.212 21.5055 -44.5912 1.55652 15.5652 90 2 30 10 9863 0 
-108.193 21.4873 -44.5298 1.55652 15.5652 90 2 30 10 9864 0 
-108.175 21.4691 -44.5912 1.55652 15.5652 90 2 30 10 9865 0 
-108.156 21.4509 -44.5298 1.55652 15.5652 90 2 30 10 9866 0 
-108.138 21.4327 -44.5912 1.55652 15.5652 90 2 30 10 9867 0 
-108.119 21.4144 -44.5298 1.55652 15.5652 90 2 30 10 9868 0 
-108.101 21.3963 -44.5912 1.55652 15.5652 90 2 30 10 9869 0 
-108.082 21.378 -44.5298 1.55652 15.5652 90 2 30 10 9870 0 
-108.064 21.3599 -44.5912 1.55652 15.5652 90 2 30 10 9871 0 
-108.045 21.3416 -44.5298 1.55652 15.5652 90 2 30 10 9872 0 
-108.027 21.3234 -44.5912 1.55652 15.5652 90 2 30 10 9873 0 
-108.008 21.3052 -44.5298 1.55652 15.5652 90 2 30 10 9874 0 
-107.99 21.287 -44.5912 1.55652 15.5652 90 2 30 10 9875 0 
-107.971 21.2688 -44.5298 1.55652 15.5652 90 2 30 10 9876 0 
-107.953 21.2506 -44.5912 1.55652 15.5652 90 2 30 10 9877 0 
-107.935 21.2324 -44.5298 1.55652 15.5652 90 2 30 10 9878 0 
-107.916 21.2142 -44.5912 1.55652 15.5652 90 2 30 10 9879 0 
-107.898 21.196 -44.5298 1.55652 15.5652 90 2 30 10 9880 0 
-107.879 21.1778 -44.5912 1.55652 15.5652 90 2 30 10 9881 0 
-107.861 21.1596 -44.5298 1.55652 15.5652 90 2 30 10 9882 0 
-107.842 21.1414 -44.5912 1.55652 15.5652 90 2 30 10 9883 0 
-107.824 21.1232 -44.5298 1.55652 15.5652 90 2 30 10 9884 0 
-107.805 21.105 -44.5912 1.55652 15.5652 90 2 30 10 9885 0 
-107.787 21.0868 -44.5298 1.55652 15.5652 90 2 30 10 9886 0 
-107.768 21.0686 -44.5912 1.55652 15.5652 90 2 30 10 9887 0 
-107.75 21.0504 -44.5298 1.55652 15.5652 90 2 30 10 9888 0 
-107.731 21.0322 -44.5912 1.55652 15.5652 90 2 30 10 9889 0 
-107.713 21.014 -44.5298 1.55652 15.5652 90 2 30 10 9890 0 
-107.694 20.9958 -44.5912 1.55652 15.5652 90 2 30 10 9891 0 
-107.676 20.9776 -44.5298 1.55652 15.5652 90 2 30 10 9892 0 
-107.657 20.9594 -44.5912 1.55652 15.5652 90 2 30 10 9893 0 
-107.639 20.9412 -44.5298 1.55652 15.5652 90 2 30 10 9894 0 
-107.62 20.923 -44.5912 1.55652 15.5652 90 2 30 10 9895 0 
-107.602 20.9048 -44.5298 1.55652 15.5652 90 2 30 10 9896 0 
-107.583 20.8866 -44.5912 1.55652 15.5652 90 2 30 10 9897 0 
-107.565 20.8684 -44.5298 1.55652 15.5652 90 2 30 10 9898 0 
-107.546 20.8502 -44.5912 1.55652 15.5652 90 2 30 10 9899 0 
-107.528 20.832 -44.5298 1.55652 15.5652 90 2 30 10 9900 0 
-107.509 20.8138 -44.5912 1.55652 15.5652 90 2 30 10 9901 0 
-107.491 20.7956 -44.5298 1.55652 15.5652 90 2 30 10 9902 0 
-107.472 20.7774 -44.5912 1.55652 15.5652 90 2 30 10 9903 0 
-107.454 20.7591 -44.5298 1.55652 15.5652 90 2 30 10 9904 0 
-107.435 20.741 -44.5912 1.55652 15.5652 90 2 30 10 9905 0 
-107.417 20.7227 -44.5298 1.55652 15.5652 90 2 30 10 9906 0 
-107.399 20.7046 -44.5912 1.55652 15.5652 90 2 30 10 9907 0 
-107.38 20.6863 -44.5298 1.55652 15.5652 90 2 30 10 9908 0 
-107.362 20.6681 -44.5912 1.55652 15.5652 90 2 30 10 9909 0 
-107.343 20.6499 -44.5298 1.55652 15.5652 90 2 30 10 9910 0 
-107.325 20.6317 -44.5912 1.55652 15.5652 90 2 30 10 9911 0 
-107.306 20.6135 -44.5298 1.55652 15.5652 90 2 30 10 9912 0 
-107.288 20.5953 -44.5912 1.55652 15.5652 90 2 30 10 9913 0 
-107.269 20.5771 -44.5298 1.55652 15.5652 90 2 30 10 9914 0 
-107.251 20.5589 -44.5912 1.55652 15.5652 90 2 30 10 9915 0 
-107.232 20.5407 -44.5298 1.55652 15.5652 90 2 30 10 9916 0 
-107.214 20.5225 -44.5912 1.55652 15.5652 90 2 30 10 9917 0 
-107.195 20.5043 -44.5298 1.55652 15.5652 90 2 30 10 9918 0 
-107.177 20.4861 -44.5912 1.55652 15.5652 90 2 30 10 9919 0 
-107.158 20.4679 -44.5298 1.55652 15.5652 90 2 30 10 9920 0 
-107.14 20.4497 -44.5912 1.55652 15.5652 90 2 30 10 9921 0 
-107.121 20.4315 -44.5298 1.55652 15.5652 90 2 30 10 9922 0 
-107.103 20.4133 -44.5912 1.55652 15.5652 90 2 30 10 9923 0 
-107.084 20.3951 -44.5298 1.55652 15.5652 90 2 30 10 9924 0 
-107.066 20.3769 -44.4685 1.55652 15.5652 90 2 30 10 9925 0 
-107.047 20.3587 -44.5298 1.55652 15.5652 90 2 30 10 9926 0 
-107.029 20.3405 -44.4685 1.55652 15.5652 90 2 30 10 9927 0 
-107.01 20.3224 -44.5298 1.55652 15.5652 90 2 30 10 9928 0 
-106.992 20.3042 -44.4685 1.55652 15.5652 90 2 30 10 9929 0 
-106.973 20.286 -44.5298 1.55652 15.5652 90 2 30 10 9930 0 
-106.955 20.2678 -44.4685 1.55652 15.5652 90 2 30 10 9931 0 
-106.936 20.2496 -44.5298 1.55652 15.5652 90 2 30 10 9932 0 
-106.918 20.2314 -44.4685 1.55652 15.5652 90 2 30 10 9933 0 
-106.899 20.2133 -44.5298 1.55652 15.5652 90 2 30 10 9934 0 
-106.881 20.1951 -44.4685 1.55652 15.5652 90 2 30 10 9935 0 
-106.862 20.1769 -44.5298 1.55652 15.5652 90 2 30 10 9936 0 
-106.844 20.1587 -44.4685 1.55652 15.5652 90 2 30 10 9937 0 
-106.825 20.1405 -44.5298 1.55652 15.5652 90 2 30 10 9938 0 
-106.807 20.1223 -44.4685 1.55652 15.5652 90 2 30 10 9939 0 
-106.788 20.1042 -44.5298 1.55652 15.5652 90 2 30 10 9940 0 
-106.77 20.086 -44.4685 1.55652 15.5652 90 2 30 10 9941 0 
-106.751 20.0678 -44.5298 1.55652 15.5652 90 2 30 10 9942 0 
-106.733 20.0496 -44.4685 1.55652 15.5652 90 2 30 10 9943 0 
-106.714 20.0314 -44.5298 1.55652 15.5652 90 2 30 10 9944 0 
-106.696 20.0132 -44.4685 1.55652 15.5652 90 2 30 10 9945 0 
-106.677 19.9951 -44.5298 1.55652 15.5652 90 2 30 10 9946 0 
-106.659 19.9769 -44.4685 1.55652 15.5652 90 2 30 10 9947 0 
-106.64 19.9587 -44.5298 1.55652 15.5652 90 2 30 10 9948 0 
-106.622 19.9405 -44.4685 1.55652 15.5652 90 2 30 10 9949 0 
-106.603 19.9223 -44.5298 1.55652 15.5652 90 2 30 10 9950 0 
-106.585 19.9042 -44.4685 1.55652 15.5652 90 2 30 10 9951 0 
-106.566 19.886 -44.5298 1.55652 15.5652 90 2 30 10 9952 0 
-106.548 19.8678 -44.4685 1.55652 15.5652 90 2 30 10 9953 0 
-106.529 19.8496 -44.5298 1.55652 15.5652 90 2 30 10 9954 0 
-106.511 19.8314 -44.4685 1.55652 15.5652 90 2 30 10 9955 0 
-106.492 19.8132 -44.5298 1.55652 15.5652 90 2 30 10 9956 0 
-106.474 19.7951 -44.4685 1.55652 15.5652 90 2 30 10 9957 0 
-106.455 19.7769 -44.5298 1.55652 15.5652 90 2 30 10 9958 0 
-106.437 19.7587 -44.4685 1.55652 15.5652 90 2 30 10 9959 0 
-106.418 19.7405 -44.5298 1.55652 15.5652 90 2 30 10 9960 0 
-106.4 19.7223 -44.4685 1.55652 15.5652 90 2 30 10 9961 0 
-106.381 19.7041 -44.5298 1.55652 15.5652 90 2 30 10 9962 0 
-106.363 19.686 -44.4685 1.55652 15.5652 90 2 30 10 9963 0 
-106.344 19.6678 -44.5298 1.55652 15.5652 90 2 30 10 9964 0 
-106.326 19.6496 -44.4685 1.55652 15.5652 90 2 30 10 9965 0 
-106.307 19.6314 -44.5298 1.55652 15.5652 90 2 30 10 9966 0 
-106.289 19.6132 -44.4685 1.55652 15.5652 90 2 30 10 9967 0 
-106.27 19.5951 -44.5298 1.55652 15.5652 90 2 30 10 9968 0 
-106.252 19.5769 -44.4685 1.55652 15.5652 90 2 30 10 9969 0 
-106.233 19.5587 -44.5298 1.55652 15.5652 90 2 30 10 9970 0 
-106.215 19.5405 -44.4685 1.55652 15.5652 90 2 30 10 9971 0 
-106.196 19.5223 -44.5298 1.55652 15.5652 90 2 30 10 9972 0 
-106.178 19.5041 -44.4685 1.55652 15.5652 90 2 30 10 9973 0 
-106.159 19.486 -44.5298 1.55652 15.5652 90 2 30 10 9974 0 
-106.141 19.4678 -44.4685 1.55652 15.5652 90 2 30 10 9975 0 
-106.122 19.4496 -44.5298 1.55652 15.5652 90 2 30 10 9976 0 
-106.104 19.4314 -44.4685 1.55652 15.5652 90 2 30 10 9977 0 
-106.085 19.4132 -44.5298 1.55652 15.5652 90 2 30 10 9978 0 
-106.067 19.395 -44.4685 1.55652 15.5652 90 2 30 10 9979 0 
-106.048 19.3769 -44.5298 1.55652 15.5652 90 2 30 10 9980 0 
-106.03 19.3587 -44.4685 1.55652 15.5652 90 2 30 10 9981 0 
-106.011 19.3405 -44.5298 1.55652 15.5652 90 2 30 10 9982 0 
-105.993 19.3223 -44.4685 1.55652 15.5652 90 2 30 10 9983 0 
-105.974 19.3041 -44.5298 1.55652 15.5652 90 2 30 10 9984 0 
-105.956 19.2859 -44.4685 1.55652 15.5652 90 2 30 10 9985 0 
-105.937 19.2678 -44.5298 1.55652 15.5652 90 2 30 10 9986 0 
-105.919 19.2496 -44.4685 1.55652 15.5652 90 2 30 10 9987 0 
-105.9 19.2314 -44.5298 1.55652 15.5652 90 2 30 10 9988 0 
-105.882 19.2132 -44.4685 1.55652 15.5652 90 2 30 10 9989 0 
-105.863 19.195 -44.5298 1.55652 15.5652 90 2 30 10 9990 0 
-105.845 19.1768 -44.4685 1.55652 15.5652 90 2 30 10 9991 0 
-105.826 19.1587 -44.5298 1.55652 15.5652 90 2 30 10 9992 0 
-105.807 19.1405 -44.4685 1.55652 15.5652 90 2 30 10 9993 0 
-105.789 19.1223 -44.5298 1.55652 15.5652 90 2 30 10 9994 0 
-105.77 19.1041 -44.4685 1.55652 15.5652 90 2 30 10 9995 0 
-105.752 19.0859 -44.5298 1.55652 15.5652 90 2 30 10 9996 0 
-105.733 19.0677 -44.4685 1.55652 15.5652 90 2 30 10 9997 0 
-105.715 19.0496 -44.5298 1.55652 15.5652 90 2 30 10 9998 0 
-105.696 19.0314 -44.4685 1.55652 15.5652 90 2 30 10 9999 0 
